         12.775457
         12.772538
         12.772803
         12.772999
         12.773168
         12.773326
         12.773480
         12.773630
         12.773777
         12.773919
         12.774054
         12.774184
         12.774305
         12.774419
         12.774524
         12.774623
         12.774714
         12.774798
         12.774875
         12.774946
         12.775011
         12.775071
         12.775125
         12.775175
         12.775220
         12.775262
         12.775299
         12.775333
         12.775364
         12.775391
         12.775416
         12.775438
         12.775458
         12.775476
         12.775491
         12.775505
         12.775517
         12.775528
         12.775538
         12.775547
         12.775554
         12.775561
         12.775566
         12.775571
         12.775575
         12.775579
         12.775582
         12.775584
         12.775586
         12.775588
         12.775589
         12.775590
         12.775591
         12.775591
         12.775591
         12.775591
         12.775590
         12.775590
         12.775589
         12.775588
         12.775587
         12.775586
         12.775585
         12.775584
         12.775583
         12.775581
         12.775579
         12.775578
         12.775576
         12.775575
         12.775573
         12.775571
         12.775569
         12.775567
         12.775565
         12.775563
         12.775561
         12.775559
         12.775557
         12.775556
         12.775554
         12.775552
         12.775551
         12.775549
         12.775547
         12.775546
         12.775544
         12.775543
         12.775541
         12.775540
         12.775539
         12.775538
         12.775537
         12.775536
         12.775536
         12.775536
         12.775535
         12.775535
         12.775535
         12.775534
         12.775534
         12.775533
         12.775533
         12.775533
         12.775533
         12.775533
         12.775532
         12.775532
         12.775532
         12.775531
         12.775530
         12.775530
         12.775529
         12.775528
         12.775528
         12.775527
         12.775526
         12.775525
         12.775524
         12.775523
         12.775522
         12.775522
         12.775521
         12.775519
         12.775518
         12.775517
         12.775516
         12.775515
         12.775513
         12.775512
         12.775511
         12.775510
         12.775509
         12.775509
         12.775509
         12.775508
         12.775509
         12.775508
         12.775508
         12.775507
         12.775507
         12.775506
         12.775506
         12.775506
         12.775506
         12.775506
         12.775506
         12.775506
         12.775505
         12.775505
         12.775505
         12.775505
         12.775504
         12.775504
         12.775504
         12.775504
         12.775503
         12.775503
         12.775503
         12.775503
         12.775502
         12.775502
         12.775502
         12.775502
         12.775501
         12.775501
         12.775501
         12.775500
         12.775500
         12.775499
         12.775499
         12.775498
         12.775498
         12.775497
         12.775497
         12.775496
         12.775496
         12.775495
         12.775494
         12.775494
         12.775493
         12.775493
         12.775493
         12.775493
         12.775492
         12.775492
         12.775491
         12.775491
         12.775490
         12.775490
         12.775490
         12.775489
         12.775489
         12.775489
         12.775489
         12.775489
         12.775489
         12.775489
         12.775490
         12.775490
         12.775490
         12.775490
         12.775491
         12.775491
         12.775491
         12.775492
         12.775492
         12.775492
         12.775492
         12.775492
         12.775492
         12.775492
         12.775493
         12.775493
         12.775492
         12.775492
         12.775492
         12.775491
         12.775491
         12.775491
         12.775491
         12.775490
         12.775490
         12.775489
         12.775488
         12.775488
         12.775487
         12.775487
         12.775486
         12.775485
         12.775485
         12.775484
         12.775484
         12.775484
         12.775483
         12.775483
         12.775482
         12.775482
         12.775482
         12.775482
         12.775481
         12.775481
         12.775481
         12.775481
         12.775481
         12.775482
         12.775482
         12.775482
         12.775482
         12.775482
         12.775483
         12.775483
         12.775483
