          0.587271
          0.587334
          0.587381
          0.587414
          0.587440
          0.587461
          0.587480
          0.587497
          0.587513
          0.587528
          0.587542
          0.587556
          0.587568
          0.587580
          0.587591
          0.587602
          0.587612
          0.587622
          0.587631
          0.587639
          0.587647
          0.587655
          0.587662
          0.587669
          0.587675
          0.587681
          0.587687
          0.587692
          0.587697
          0.587702
          0.587706
          0.587711
          0.587715
          0.587718
          0.587722
          0.587725
          0.587729
          0.587732
          0.587734
          0.587737
          0.587740
          0.587742
          0.587745
          0.587747
          0.587749
          0.587751
          0.587753
          0.587755
          0.587757
          0.587759
          0.587760
          0.587762
          0.587763
          0.587765
          0.587766
          0.587767
          0.587768
          0.587769
          0.587770
          0.587771
          0.587772
          0.587772
          0.587773
          0.587774
          0.587775
          0.587775
          0.587776
          0.587776
          0.587777
          0.587777
          0.587778
          0.587778
          0.587779
          0.587779
          0.587779
          0.587779
          0.587780
          0.587780
          0.587780
          0.587781
          0.587781
          0.587781
          0.587781
          0.587781
          0.587782
          0.587782
          0.587782
          0.587782
          0.587782
          0.587782
          0.587782
          0.587783
          0.587783
          0.587783
          0.587783
          0.587783
          0.587783
          0.587783
          0.587783
          0.587783
          0.587783
          0.587784
          0.587784
          0.587784
          0.587784
          0.587784
          0.587784
          0.587784
          0.587784
          0.587784
          0.587784
          0.587784
          0.587784
          0.587784
          0.587784
          0.587784
          0.587784
          0.587784
          0.587784
          0.587784
          0.587784
          0.587783
          0.587783
          0.587783
          0.587783
          0.587783
          0.587783
          0.587783
          0.587783
          0.587783
          0.587783
          0.587783
          0.587783
          0.587783
          0.587783
          0.587783
          0.587783
          0.587783
          0.587783
          0.587783
          0.587783
          0.587783
          0.587783
          0.587783
          0.587783
          0.587783
          0.587783
          0.587783
          0.587783
          0.587783
          0.587783
          0.587783
          0.587783
          0.587783
          0.587783
          0.587783
          0.587783
          0.587783
          0.587783
          0.587783
          0.587783
          0.587783
          0.587783
          0.587783
          0.587783
          0.587783
          0.587783
          0.587783
          0.587783
          0.587783
          0.587783
          0.587783
          0.587783
          0.587783
          0.587783
          0.587783
          0.587783
          0.587783
          0.587783
          0.587783
          0.587783
          0.587783
          0.587783
          0.587783
          0.587783
          0.587783
          0.587783
          0.587783
          0.587783
          0.587783
          0.587783
          0.587783
          0.587783
          0.587783
          0.587783
          0.587783
          0.587783
          0.587783
          0.587783
          0.587783
          0.587783
          0.587783
          0.587783
          0.587783
          0.587783
          0.587783
          0.587783
          0.587783
          0.587783
          0.587783
          0.587783
          0.587783
          0.587783
          0.587783
          0.587783
          0.587783
          0.587783
          0.587783
          0.587783
          0.587783
          0.587783
          0.587783
          0.587782
          0.587782
          0.587782
          0.587782
          0.587782
          0.587782
          0.587782
          0.587782
          0.587782
          0.587782
          0.587782
          0.587782
          0.587782
          0.587782
          0.587782
          0.587782
          0.587782
          0.587782
          0.587782
          0.587782
          0.587782
          0.587782
          0.587782
          0.587782
          0.587782
          0.587782
          0.587782
          0.587782
          0.587782
          0.587782
