         -0.002565
         -0.000920
         -0.000935
         -0.000878
         -0.000795
         -0.000708
         -0.000625
         -0.000551
         -0.000482
         -0.000422
         -0.000370
         -0.000322
         -0.000280
         -0.000243
         -0.000211
         -0.000183
         -0.000158
         -0.000137
         -0.000118
         -0.000101
         -0.000086
         -0.000073
         -0.000062
         -0.000051
         -0.000043
         -0.000035
         -0.000027
         -0.000021
         -0.000015
         -0.000011
         -0.000006
         -0.000003
          0.000001
          0.000004
          0.000006
          0.000008
          0.000010
          0.000011
          0.000012
          0.000013
          0.000014
          0.000016
          0.000015
          0.000015
          0.000016
          0.000015
          0.000015
          0.000015
          0.000014
          0.000014
          0.000015
          0.000014
          0.000013
          0.000013
          0.000013
          0.000012
          0.000012
          0.000011
          0.000011
          0.000010
          0.000010
          0.000009
          0.000010
          0.000008
          0.000009
          0.000008
          0.000008
          0.000007
          0.000007
          0.000007
          0.000006
          0.000007
          0.000006
          0.000005
          0.000006
          0.000005
          0.000005
          0.000005
          0.000005
          0.000004
          0.000004
          0.000004
          0.000005
          0.000004
          0.000004
          0.000004
          0.000004
          0.000003
          0.000004
          0.000004
          0.000003
          0.000003
          0.000002
          0.000001
          0.000002
          0.000002
          0.000001
          0.000001
          0.000002
          0.000001
          0.000002
          0.000001
          0.000001
          0.000000
          0.000000
          0.000001
         -0.000000
          0.000001
          0.000001
          0.000001
          0.000001
          0.000001
          0.000001
          0.000000
          0.000001
          0.000001
          0.000001
          0.000001
          0.000001
          0.000001
          0.000001
          0.000001
          0.000002
          0.000001
          0.000001
          0.000002
          0.000002
          0.000002
          0.000002
          0.000002
          0.000001
          0.000001
          0.000000
          0.000001
          0.000001
         -0.000000
          0.000000
          0.000001
          0.000002
          0.000001
          0.000001
          0.000001
         -0.000000
          0.000001
          0.000000
          0.000000
          0.000000
          0.000000
          0.000001
          0.000000
          0.000001
          0.000001
          0.000000
          0.000000
          0.000001
          0.000000
          0.000001
          0.000001
         -0.000001
          0.000001
         -0.000000
          0.000000
         -0.000000
          0.000001
          0.000000
          0.000000
          0.000000
          0.000001
         -0.000000
          0.000001
          0.000000
          0.000000
          0.000001
          0.000001
          0.000001
          0.000000
          0.000001
          0.000002
          0.000001
          0.000000
          0.000000
          0.000000
          0.000001
          0.000000
          0.000001
          0.000001
          0.000001
          0.000001
          0.000001
          0.000000
          0.000002
          0.000000
          0.000001
          0.000001
          0.000001
          0.000001
          0.000001
         -0.000000
          0.000001
          0.000001
         -0.000000
         -0.000001
          0.000000
         -0.000000
         -0.000000
          0.000000
          0.000001
         -0.000001
         -0.000000
         -0.000000
         -0.000000
         -0.000001
          0.000000
          0.000001
         -0.000000
          0.000000
          0.000000
         -0.000001
          0.000001
         -0.000000
          0.000000
         -0.000000
          0.000001
          0.000001
          0.000000
          0.000001
          0.000001
          0.000001
          0.000001
          0.000001
          0.000001
          0.000000
          0.000000
          0.000001
          0.000001
          0.000000
          0.000001
          0.000001
          0.000001
          0.000002
          0.000001
          0.000000
          0.000002
          0.000000
          0.000001
          0.000001
          0.000001
          0.000000
         -0.000001
         -0.000003
         -0.000004
         -0.000000
