          0.026916
          0.026916
          0.026690
          0.025805
          0.025292
          0.024921
          0.024517
          0.024024
          0.023488
          0.022983
          0.022409
          0.020290
          0.019991
          0.019379
          0.018952
          0.018553
          0.018174
          0.017798
          0.017433
          0.017073
          0.016721
          0.016373
          0.016034
          0.015705
          0.015389
          0.015082
          0.014782
          0.014486
          0.014194
          0.013907
          0.013626
          0.013352
          0.013083
          0.012817
          0.012555
          0.012299
          0.012053
          0.011809
          0.011567
          0.011330
          0.011099
          0.010873
          0.010652
          0.010436
          0.010224
          0.010017
          0.009815
          0.009616
          0.009422
          0.009233
          0.009047
          0.008865
          0.008686
          0.008512
          0.008340
          0.008173
          0.008009
          0.007848
          0.007691
          0.007537
          0.007386
          0.007237
          0.007092
          0.006950
          0.006885
          0.006827
          0.006734
          0.006622
          0.006502
          0.006352
          0.006194
          0.006049
          0.005915
          0.005788
          0.005666
          0.005549
          0.005434
          0.005324
          0.005215
          0.005110
          0.005006
          0.004904
          0.004804
          0.004707
          0.004611
          0.004518
          0.004427
          0.004337
          0.004249
          0.004163
          0.004080
          0.003997
          0.003917
          0.003838
          0.003761
          0.003685
          0.003612
          0.003539
          0.003468
          0.003398
          0.003330
          0.003264
          0.003198
          0.003134
          0.003071
          0.003010
          0.002949
          0.002890
          0.002832
          0.002776
          0.002720
          0.002665
          0.002612
          0.002560
          0.002508
          0.002458
          0.002409
          0.002360
          0.002313
          0.002267
          0.002222
          0.002177
          0.002133
          0.002091
          0.002049
          0.002008
          0.001968
          0.001928
          0.001890
          0.001852
          0.001815
          0.001779
          0.001743
          0.001708
          0.001674
          0.001641
          0.001607
          0.001576
          0.001544
          0.001513
          0.001483
          0.001453
          0.001424
          0.001396
          0.001368
          0.001340
          0.001314
          0.001287
          0.001262
          0.001236
          0.001211
          0.001187
          0.001163
          0.001140
          0.001117
          0.001095
          0.001073
          0.001052
          0.001031
          0.001011
          0.000991
          0.000971
          0.000951
          0.000932
          0.000913
          0.000895
          0.000877
          0.000859
          0.000842
          0.000825
          0.000809
          0.000793
          0.000777
          0.000761
          0.000746
          0.000731
          0.000716
          0.000702
          0.000688
          0.000674
          0.000661
          0.000648
          0.000635
          0.000622
          0.000609
          0.000597
          0.000585
          0.000574
          0.000562
          0.000551
          0.000540
          0.000529
          0.000519
          0.000508
          0.000498
          0.000488
          0.000478
          0.000469
          0.000459
          0.000450
          0.000441
          0.000432
          0.000424
          0.000415
          0.000407
          0.000399
          0.000391
          0.000383
          0.000375
          0.000368
          0.000360
          0.000353
          0.000346
          0.000339
          0.000332
          0.000326
          0.000319
          0.000313
          0.000307
          0.000300
          0.000295
          0.000289
          0.000283
          0.000277
          0.000272
          0.000266
          0.000261
          0.000256
          0.000251
          0.000245
          0.000241
          0.000236
          0.000231
          0.000227
          0.000222
          0.000217
          0.000213
          0.000209
          0.000205
          0.000201
          0.000197
          0.000193
          0.000189
          0.000185
          0.000181
          0.000178
          0.000174
          0.000171
          0.000167
          0.000164
          0.000161
          0.000157
          0.000154
          0.000151
          0.000148
          0.000145
          0.000142
          0.000139
          0.000137
          0.000134
          0.000131
          0.000129
          0.000126
          0.000124
          0.000121
          0.000119
          0.000116
          0.000114
          0.000112
          0.000109
          0.000107
          0.000105
          0.000103
          0.000101
          0.000099
          0.000098
          0.000098
          0.000097
          0.000097
          0.000096
          0.000096
          0.000095
          0.000095
          0.000095
          0.000094
          0.000094
          0.000093
          0.000093
          0.000092
          0.000092
          0.000091
          0.000091
          0.000090
          0.000090
          0.000089
          0.000089
          0.000089
          0.000088
          0.000088
          0.000087
          0.000087
          0.000086
          0.000086
          0.000086
          0.000085
          0.000085
          0.000084
          0.000084
          0.000083
          0.000083
          0.000083
          0.000082
          0.000082
          0.000081
          0.000081
          0.000081
          0.000080
          0.000080
          0.000079
          0.000079
          0.000079
          0.000078
          0.000078
          0.000077
          0.000077
          0.000077
          0.000076
          0.000076
          0.000075
          0.000075
          0.000075
          0.000074
          0.000074
          0.000074
          0.000073
          0.000073
          0.000072
          0.000072
          0.000072
          0.000071
          0.000071
          0.000071
          0.000070
          0.000070
          0.000070
          0.000069
          0.000069
          0.000069
          0.000068
          0.000068
          0.000068
          0.000067
          0.000067
          0.000067
          0.000066
          0.000066
          0.000066
          0.000065
          0.000065
          0.000065
          0.000064
          0.000064
          0.000064
          0.000063
          0.000063
          0.000063
          0.000062
          0.000062
          0.000062
          0.000061
          0.000061
          0.000061
          0.000061
          0.000060
          0.000060
          0.000060
          0.000059
          0.000059
          0.000059
          0.000058
          0.000058
          0.000058
          0.000058
          0.000057
          0.000057
          0.000057
          0.000056
          0.000056
          0.000056
          0.000056
          0.000055
          0.000055
          0.000055
          0.000054
          0.000054
          0.000054
          0.000054
          0.000053
          0.000053
          0.000053
          0.000053
          0.000052
          0.000052
          0.000052
          0.000052
          0.000051
          0.000051
          0.000051
          0.000051
          0.000050
          0.000050
          0.000050
          0.000050
          0.000050
          0.000050
          0.000050
          0.000050
          0.000049
          0.000049
          0.000049
          0.000049
          0.000049
          0.000049
          0.000049
          0.000049
          0.000049
          0.000049
          0.000049
          0.000049
          0.000049
          0.000049
          0.000049
          0.000049
          0.000049
          0.000049
          0.000049
          0.000049
          0.000048
          0.000048
          0.000048
          0.000048
          0.000048
          0.000048
          0.000048
          0.000048
          0.000048
          0.000048
          0.000048
          0.000048
          0.000048
          0.000048
          0.000048
          0.000048
          0.000048
          0.000048
          0.000048
          0.000048
          0.000048
          0.000047
          0.000047
          0.000047
          0.000047
          0.000047
          0.000047
          0.000047
          0.000047
          0.000047
          0.000047
          0.000047
          0.000047
          0.000047
          0.000047
          0.000047
          0.000047
          0.000047
          0.000047
          0.000047
          0.000047
          0.000047
          0.000046
          0.000046
          0.000046
          0.000046
          0.000046
          0.000046
          0.000046
          0.000046
          0.000046
          0.000046
          0.000046
          0.000046
          0.000046
          0.000046
          0.000046
          0.000046
          0.000046
          0.000046
          0.000046
          0.000046
          0.000046
          0.000045
          0.000045
          0.000045
          0.000045
          0.000045
          0.000045
          0.000045
          0.000045
          0.000045
          0.000045
          0.000045
          0.000045
          0.000045
          0.000045
          0.000045
          0.000045
          0.000045
          0.000045
          0.000045
          0.000045
          0.000045
          0.000045
          0.000044
          0.000044
          0.000044
          0.000044
          0.000044
          0.000044
          0.000044
          0.000044
          0.000044
          0.000044
          0.000044
          0.000044
          0.000044
          0.000044
          0.000044
          0.000044
          0.000044
          0.000044
          0.000044
          0.000044
          0.000044
          0.000044
          0.000043
          0.000043
          0.000043
          0.000043
          0.000043
          0.000043
          0.000043
          0.000043
          0.000043
          0.000043
          0.000043
          0.000043
          0.000043
          0.000043
          0.000043
          0.000043
          0.000043
          0.000043
          0.000043
          0.000043
          0.000043
          0.000043
          0.000043
          0.000042
          0.000042
          0.000042
          0.000042
          0.000042
          0.000042
          0.000042
          0.000042
          0.000042
          0.000042
          0.000042
          0.000042
          0.000042
          0.000042
          0.000042
          0.000042
          0.000042
          0.000042
          0.000042
          0.000042
          0.000042
          0.000042
          0.000042
          0.000042
          0.000041
          0.000041
          0.000041
          0.000041
          0.000041
          0.000041
          0.000041
          0.000041
          0.000041
          0.000041
          0.000041
          0.000041
          0.000041
          0.000041
          0.000041
          0.000041
          0.000041
          0.000041
          0.000041
          0.000041
          0.000041
          0.000041
          0.000041
          0.000041
          0.000040
          0.000040
          0.000040
          0.000040
          0.000040
          0.000040
          0.000040
          0.000040
          0.000040
          0.000040
          0.000040
          0.000040
          0.000040
          0.000040
          0.000040
          0.000040
          0.000040
          0.000040
          0.000039
          0.000038
          0.000038
          0.000038
          0.000038
          0.000038
          0.000038
          0.000038
          0.000038
          0.000038
          0.000038
          0.000038
          0.000038
          0.000038
          0.000037
          0.000037
          0.000037
          0.000037
          0.000037
          0.000037
          0.000037
          0.000037
          0.000037
          0.000037
          0.000037
          0.000037
          0.000037
          0.000037
          0.000037
          0.000037
          0.000037
          0.000037
          0.000037
          0.000037
          0.000037
          0.000037
          0.000037
          0.000037
          0.000037
          0.000037
          0.000036
          0.000036
          0.000036
          0.000036
          0.000036
          0.000036
          0.000036
          0.000036
          0.000036
          0.000036
          0.000036
          0.000036
          0.000036
          0.000036
          0.000036
          0.000036
          0.000036
          0.000036
          0.000036
          0.000036
          0.000036
          0.000036
          0.000036
          0.000036
          0.000036
          0.000036
          0.000036
          0.000036
          0.000035
          0.000035
          0.000035
          0.000035
          0.000035
          0.000035
          0.000035
          0.000035
          0.000035
          0.000035
          0.000035
          0.000035
          0.000035
          0.000035
          0.000035
          0.000035
          0.000035
          0.000035
          0.000035
          0.000035
          0.000035
          0.000035
          0.000035
          0.000035
          0.000035
          0.000035
          0.000035
          0.000035
          0.000034
          0.000034
          0.000034
          0.000034
          0.000034
          0.000034
          0.000034
          0.000034
          0.000034
          0.000034
          0.000034
          0.000034
          0.000034
          0.000034
          0.000034
          0.000034
          0.000034
          0.000034
          0.000034
          0.000034
          0.000034
          0.000033
          0.000033
          0.000033
          0.000033
          0.000033
          0.000033
          0.000033
          0.000033
          0.000033
          0.000033
          0.000033
          0.000033
          0.000033
          0.000033
          0.000033
          0.000033
          0.000033
          0.000033
          0.000033
          0.000033
          0.000033
          0.000033
          0.000033
          0.000033
          0.000033
          0.000033
          0.000033
          0.000033
          0.000033
          0.000032
          0.000032
          0.000032
          0.000032
          0.000032
          0.000032
          0.000032
          0.000032
          0.000032
          0.000032
          0.000032
          0.000032
          0.000032
          0.000032
          0.000032
          0.000032
          0.000032
          0.000032
          0.000032
          0.000031
          0.000031
          0.000031
          0.000031
          0.000031
          0.000031
          0.000031
          0.000031
          0.000031
          0.000031
          0.000031
          0.000031
          0.000031
          0.000031
          0.000031
          0.000031
          0.000031
          0.000031
          0.000031
          0.000031
          0.000031
          0.000031
          0.000031
          0.000031
          0.000031
          0.000031
          0.000031
          0.000031
          0.000031
          0.000031
          0.000031
          0.000031
          0.000031
          0.000031
          0.000031
          0.000030
          0.000030
          0.000030
          0.000030
          0.000030
          0.000030
          0.000030
          0.000030
          0.000030
          0.000030
          0.000030
          0.000030
          0.000030
          0.000030
          0.000030
          0.000030
          0.000030
          0.000030
          0.000030
          0.000030
          0.000030
          0.000030
          0.000030
          0.000030
          0.000030
          0.000030
          0.000030
          0.000030
          0.000030
          0.000030
          0.000030
          0.000029
          0.000029
          0.000029
          0.000029
          0.000029
          0.000029
          0.000029
          0.000029
          0.000029
          0.000029
          0.000029
          0.000029
          0.000029
          0.000029
          0.000029
          0.000029
          0.000029
          0.000029
          0.000029
          0.000029
          0.000028
          0.000028
          0.000028
          0.000028
          0.000026
          0.000026
          0.000026
          0.000026
          0.000026
          0.000026
          0.000026
          0.000026
          0.000026
          0.000026
          0.000026
          0.000025
          0.000025
          0.000025
          0.000025
          0.000025
          0.000025
          0.000025
          0.000025
          0.000025
          0.000025
          0.000025
          0.000025
          0.000025
          0.000025
          0.000025
          0.000025
          0.000025
          0.000025
          0.000025
          0.000025
          0.000025
          0.000024
          0.000024
          0.000024
          0.000024
          0.000024
          0.000024
          0.000024
          0.000024
          0.000024
          0.000024
          0.000024
          0.000024
          0.000024
          0.000024
          0.000024
          0.000024
          0.000024
          0.000024
          0.000024
          0.000024
          0.000024
          0.000024
          0.000024
          0.000024
          0.000024
          0.000024
          0.000024
          0.000024
          0.000024
          0.000024
          0.000024
          0.000024
          0.000024
          0.000024
          0.000024
          0.000024
          0.000024
          0.000023
          0.000023
          0.000023
          0.000023
          0.000023
          0.000023
          0.000023
          0.000023
          0.000023
          0.000023
          0.000023
          0.000023
          0.000023
          0.000023
          0.000023
          0.000023
          0.000023
          0.000023
          0.000023
          0.000023
          0.000023
          0.000023
          0.000023
          0.000023
          0.000023
          0.000023
          0.000022
          0.000022
          0.000022
          0.000022
          0.000022
          0.000022
          0.000022
          0.000022
          0.000022
          0.000022
          0.000022
          0.000022
          0.000022
          0.000022
          0.000022
          0.000022
          0.000022
          0.000022
          0.000022
          0.000022
          0.000022
          0.000022
          0.000022
          0.000022
          0.000022
          0.000022
          0.000022
          0.000022
          0.000022
          0.000022
          0.000022
          0.000022
          0.000022
          0.000022
          0.000021
          0.000021
          0.000021
          0.000021
          0.000021
          0.000021
          0.000021
          0.000021
          0.000021
          0.000021
          0.000021
          0.000021
          0.000021
          0.000021
          0.000020
          0.000020
          0.000020
          0.000020
          0.000020
          0.000020
          0.000020
          0.000020
          0.000020
          0.000020
          0.000020
          0.000020
          0.000020
          0.000020
          0.000019
          0.000019
          0.000019
          0.000019
          0.000019
          0.000019
          0.000019
          0.000019
          0.000019
          0.000019
          0.000019
          0.000019
          0.000019
          0.000019
          0.000019
          0.000019
          0.000019
          0.000019
          0.000019
          0.000019
          0.000019
          0.000019
          0.000019
          0.000019
          0.000019
          0.000019
          0.000019
          0.000019
          0.000019
          0.000019
          0.000019
          0.000019
          0.000019
          0.000019
          0.000019
          0.000019
          0.000019
          0.000019
          0.000019
          0.000018
          0.000018
          0.000018
          0.000018
          0.000018
          0.000018
          0.000018
          0.000018
          0.000018
          0.000018
          0.000018
          0.000018
          0.000018
          0.000018
          0.000018
          0.000018
          0.000018
          0.000018
          0.000018
          0.000018
          0.000018
          0.000018
          0.000018
          0.000018
          0.000018
          0.000018
          0.000018
          0.000018
          0.000018
          0.000018
          0.000018
          0.000018
          0.000018
          0.000018
          0.000018
          0.000018
          0.000018
          0.000018
          0.000018
          0.000018
          0.000018
          0.000018
          0.000018
          0.000018
          0.000018
          0.000018
          0.000018
          0.000018
          0.000018
          0.000018
          0.000018
          0.000018
          0.000018
          0.000018
          0.000018
          0.000018
          0.000018
          0.000018
          0.000018
          0.000018
          0.000018
          0.000018
          0.000018
          0.000018
          0.000018
          0.000018
          0.000018
          0.000018
          0.000018
          0.000018
          0.000017
          0.000017
          0.000017
          0.000017
          0.000017
          0.000017
          0.000017
          0.000017
          0.000017
          0.000017
          0.000017
          0.000017
          0.000017
          0.000017
          0.000017
          0.000017
          0.000017
          0.000017
          0.000017
          0.000017
          0.000017
          0.000017
          0.000017
          0.000017
          0.000017
          0.000017
          0.000017
          0.000017
          0.000017
          0.000017
          0.000017
          0.000017
          0.000017
          0.000017
          0.000017
          0.000017
          0.000017
          0.000017
          0.000017
          0.000017
          0.000017
          0.000017
          0.000017
          0.000017
          0.000017
          0.000017
          0.000017
          0.000017
          0.000017
          0.000017
          0.000017
          0.000017
          0.000017
          0.000017
          0.000017
          0.000017
          0.000017
          0.000017
          0.000017
          0.000017
          0.000017
          0.000017
          0.000017
          0.000017
          0.000017
          0.000017
          0.000017
          0.000017
          0.000017
          0.000017
          0.000017
          0.000017
          0.000017
          0.000017
          0.000017
          0.000017
          0.000017
          0.000017
          0.000017
          0.000017
          0.000017
          0.000017
          0.000017
          0.000017
          0.000017
          0.000017
          0.000017
          0.000017
          0.000017
          0.000017
          0.000017
          0.000017
          0.000017
          0.000017
          0.000017
          0.000017
          0.000017
          0.000017
          0.000017
          0.000017
          0.000017
          0.000017
          0.000017
          0.000017
          0.000017
          0.000017
          0.000017
          0.000017
          0.000017
          0.000017
          0.000017
          0.000017
          0.000017
          0.000017
          0.000017
          0.000017
          0.000017
          0.000017
          0.000017
          0.000017
          0.000017
          0.000017
          0.000017
          0.000017
          0.000017
          0.000017
          0.000017
          0.000016
          0.000016
          0.000016
          0.000016
          0.000016
          0.000017
          0.000016
          0.000016
          0.000016
          0.000016
          0.000016
          0.000016
          0.000016
          0.000016
          0.000016
          0.000016
          0.000016
          0.000016
          0.000016
          0.000016
          0.000016
          0.000016
          0.000016
          0.000016
          0.000016
          0.000016
          0.000016
          0.000016
          0.000016
          0.000016
          0.000016
          0.000016
          0.000016
          0.000016
          0.000016
          0.000016
          0.000016
          0.000016
          0.000016
          0.000016
          0.000016
          0.000016
          0.000016
          0.000016
          0.000016
          0.000016
          0.000016
          0.000016
          0.000016
          0.000016
          0.000016
          0.000016
          0.000016
          0.000016
          0.000016
          0.000016
          0.000016
          0.000016
          0.000016
          0.000016
          0.000016
          0.000016
          0.000016
          0.000016
          0.000016
          0.000016
          0.000016
          0.000016
          0.000016
          0.000016
          0.000016
          0.000016
          0.000016
          0.000016
          0.000016
          0.000016
          0.000016
          0.000016
          0.000016
          0.000016
          0.000016
          0.000016
          0.000016
          0.000016
          0.000016
          0.000016
          0.000016
          0.000016
          0.000016
          0.000016
          0.000016
          0.000016
          0.000016
          0.000016
          0.000016
          0.000016
          0.000016
          0.000016
          0.000016
          0.000016
          0.000016
          0.000016
          0.000016
          0.000016
          0.000016
          0.000016
          0.000016
          0.000016
          0.000016
          0.000016
          0.000016
          0.000016
          0.000016
          0.000016
          0.000016
          0.000016
          0.000016
          0.000016
          0.000016
          0.000016
          0.000016
          0.000016
          0.000016
          0.000016
          0.000016
          0.000016
          0.000016
          0.000016
          0.000016
          0.000016
          0.000016
          0.000016
          0.000016
          0.000016
          0.000016
          0.000016
          0.000016
          0.000016
          0.000016
          0.000016
          0.000016
          0.000016
          0.000016
          0.000016
          0.000016
          0.000016
          0.000016
          0.000016
          0.000016
          0.000016
          0.000016
          0.000016
          0.000016
          0.000016
          0.000016
          0.000016
          0.000016
          0.000016
          0.000016
          0.000016
          0.000016
          0.000016
          0.000016
          0.000016
          0.000016
          0.000016
          0.000016
          0.000016
          0.000016
          0.000016
          0.000016
          0.000016
          0.000016
          0.000016
          0.000016
          0.000016
          0.000016
          0.000016
          0.000016
          0.000016
          0.000016
          0.000016
          0.000016
          0.000016
          0.000016
          0.000016
          0.000016
          0.000016
          0.000016
          0.000016
          0.000016
          0.000016
          0.000016
          0.000016
          0.000016
          0.000016
          0.000016
          0.000016
          0.000016
          0.000016
          0.000016
          0.000016
          0.000016
          0.000016
          0.000016
          0.000016
          0.000016
          0.000016
          0.000016
          0.000016
          0.000016
          0.000016
          0.000016
          0.000016
          0.000016
          0.000016
          0.000016
          0.000016
          0.000016
          0.000016
          0.000016
          0.000016
          0.000016
          0.000016
          0.000016
          0.000016
          0.000016
          0.000016
          0.000016
          0.000016
          0.000016
          0.000016
          0.000016
          0.000016
          0.000016
          0.000016
          0.000016
          0.000016
          0.000016
          0.000015
          0.000015
          0.000015
          0.000015
          0.000015
          0.000015
          0.000015
          0.000015
          0.000015
          0.000015
          0.000015
          0.000015
          0.000015
          0.000015
          0.000015
          0.000015
          0.000015
          0.000015
          0.000015
          0.000015
          0.000015
          0.000015
          0.000015
          0.000015
          0.000015
          0.000015
          0.000015
          0.000015
          0.000015
          0.000015
          0.000015
          0.000015
          0.000015
          0.000015
          0.000015
          0.000015
          0.000015
          0.000015
          0.000015
          0.000015
          0.000015
          0.000015
          0.000015
          0.000015
          0.000015
          0.000015
          0.000015
          0.000015
          0.000015
          0.000015
          0.000015
          0.000015
          0.000015
          0.000015
          0.000015
          0.000015
          0.000015
          0.000015
          0.000015
          0.000015
          0.000015
          0.000015
          0.000015
          0.000015
          0.000015
          0.000015
          0.000015
          0.000015
          0.000015
          0.000015
          0.000015
          0.000015
          0.000015
          0.000015
          0.000015
          0.000015
          0.000015
          0.000015
          0.000015
          0.000015
          0.000015
          0.000015
          0.000015
          0.000015
          0.000015
          0.000015
          0.000015
          0.000015
          0.000015
          0.000015
          0.000015
          0.000015
          0.000015
          0.000015
          0.000015
          0.000015
          0.000015
          0.000015
          0.000015
          0.000015
          0.000015
          0.000015
          0.000015
          0.000015
          0.000015
          0.000015
          0.000015
          0.000015
          0.000015
          0.000015
          0.000015
          0.000015
          0.000015
          0.000015
          0.000015
          0.000015
          0.000015
          0.000015
          0.000015
          0.000015
          0.000015
          0.000015
          0.000015
          0.000015
          0.000015
          0.000015
          0.000015
          0.000015
          0.000015
          0.000015
          0.000015
          0.000015
          0.000015
          0.000015
          0.000015
          0.000015
          0.000015
          0.000015
          0.000015
          0.000015
          0.000015
          0.000015
          0.000015
          0.000015
          0.000015
          0.000015
          0.000015
          0.000015
          0.000015
          0.000015
          0.000015
          0.000015
          0.000015
          0.000015
          0.000015
          0.000015
          0.000015
          0.000015
          0.000015
          0.000015
          0.000015
          0.000015
          0.000015
          0.000015
          0.000015
          0.000015
          0.000015
          0.000015
          0.000015
          0.000015
          0.000015
          0.000015
          0.000015
          0.000015
          0.000015
          0.000015
          0.000015
          0.000015
          0.000015
          0.000015
          0.000015
          0.000015
          0.000015
          0.000015
          0.000015
          0.000015
          0.000015
          0.000015
          0.000015
          0.000015
          0.000015
          0.000015
          0.000015
          0.000015
          0.000015
          0.000015
          0.000015
          0.000015
          0.000015
          0.000015
          0.000015
          0.000015
          0.000015
          0.000015
          0.000015
          0.000015
          0.000015
          0.000015
          0.000015
          0.000015
          0.000015
          0.000015
          0.000015
          0.000015
          0.000015
          0.000015
          0.000015
          0.000015
          0.000015
          0.000015
          0.000015
          0.000015
          0.000015
          0.000015
          0.000015
          0.000015
          0.000015
          0.000015
          0.000015
          0.000015
          0.000015
          0.000015
          0.000015
          0.000015
          0.000015
          0.000015
          0.000015
          0.000015
          0.000015
          0.000015
          0.000015
          0.000015
          0.000015
          0.000015
          0.000015
          0.000015
          0.000015
          0.000015
          0.000015
          0.000015
          0.000015
          0.000015
          0.000015
          0.000015
          0.000015
          0.000015
          0.000015
          0.000015
          0.000015
          0.000015
          0.000015
          0.000015
          0.000015
          0.000015
          0.000015
          0.000015
          0.000015
          0.000015
          0.000015
          0.000015
          0.000015
          0.000015
          0.000015
          0.000015
          0.000015
          0.000015
          0.000015
          0.000015
          0.000015
          0.000015
          0.000015
          0.000015
          0.000015
          0.000015
          0.000015
          0.000015
          0.000015
          0.000015
          0.000015
          0.000015
          0.000015
          0.000015
          0.000015
          0.000015
          0.000015
          0.000015
          0.000015
          0.000015
          0.000015
          0.000015
          0.000015
          0.000015
          0.000015
          0.000015
          0.000015
          0.000015
          0.000015
          0.000015
          0.000015
          0.000015
          0.000015
          0.000015
          0.000015
          0.000015
          0.000014
          0.000014
          0.000014
          0.000014
          0.000014
          0.000014
          0.000014
          0.000014
          0.000014
          0.000014
          0.000014
          0.000014
          0.000014
          0.000014
          0.000015
          0.000015
          0.000015
          0.000014
          0.000014
          0.000015
          0.000014
          0.000014
          0.000014
          0.000014
          0.000014
          0.000014
          0.000014
          0.000014
          0.000014
          0.000014
          0.000014
          0.000014
          0.000014
          0.000014
          0.000014
          0.000014
          0.000014
          0.000014
          0.000014
          0.000014
          0.000014
          0.000014
          0.000014
          0.000014
          0.000014
          0.000014
          0.000014
          0.000014
          0.000014
          0.000014
          0.000014
          0.000014
          0.000014
          0.000014
          0.000014
          0.000014
          0.000014
          0.000014
          0.000014
          0.000014
          0.000014
          0.000014
          0.000014
          0.000014
          0.000014
          0.000014
          0.000014
          0.000014
          0.000014
          0.000014
          0.000014
          0.000014
