          0.128158
          0.128031
          0.127917
          0.127814
          0.127722
          0.127639
          0.127564
          0.127496
          0.127435
          0.127381
          0.127332
          0.127287
          0.127248
          0.127212
          0.127180
          0.127150
          0.127124
          0.127101
          0.127080
          0.127061
          0.127044
          0.127028
          0.127014
          0.127002
          0.126990
          0.126980
          0.126971
          0.126963
          0.126956
          0.126949
          0.126943
          0.126938
          0.126933
          0.126928
          0.126925
          0.126921
          0.126918
          0.126915
          0.126912
          0.126910
          0.126908
          0.126906
          0.126904
          0.126903
          0.126902
          0.126900
          0.126899
          0.126898
          0.126897
          0.126897
          0.126896
          0.126895
          0.126895
          0.126894
          0.126894
          0.126893
          0.126893
          0.126892
          0.126892
          0.126892
          0.126892
          0.126891
          0.126891
          0.126891
          0.126891
          0.126891
          0.126890
          0.126890
          0.126890
          0.126890
          0.126890
          0.126890
          0.126890
          0.126890
          0.126890
          0.126890
          0.126890
          0.126890
          0.126890
          0.126890
          0.126890
          0.126889
          0.126889
          0.126889
          0.126889
          0.126889
          0.126889
          0.126889
          0.126889
          0.126889
          0.126889
          0.126889
          0.126889
          0.126889
          0.126889
          0.126889
          0.126889
          0.126889
          0.126889
          0.126889
          0.126889
          0.126889
          0.126889
          0.126889
          0.126889
          0.126889
          0.126889
          0.126889
          0.126889
          0.126889
          0.126889
          0.126889
          0.126889
          0.126889
          0.126889
          0.126889
          0.126889
          0.126889
          0.126889
          0.126889
          0.126889
          0.126889
          0.126889
          0.126889
          0.126889
          0.126889
          0.126889
          0.126889
          0.126889
          0.126889
          0.126889
          0.126889
          0.126889
          0.126889
          0.126889
          0.126889
          0.126889
          0.126889
          0.126889
          0.126889
          0.126889
          0.126889
          0.126889
          0.126889
          0.126889
          0.126889
          0.126889
          0.126889
          0.126889
          0.126889
          0.126889
          0.126889
          0.126889
          0.126889
          0.126889
          0.126889
          0.126889
          0.126889
          0.126889
          0.126889
          0.126889
          0.126889
          0.126889
          0.126889
          0.126889
          0.126889
          0.126889
          0.126889
          0.126889
          0.126889
          0.126889
          0.126889
          0.126889
          0.126889
          0.126889
          0.126889
          0.126889
          0.126889
          0.126889
          0.126889
          0.126889
          0.126889
          0.126889
          0.126889
          0.126889
          0.126889
          0.126889
          0.126889
          0.126889
          0.126889
          0.126889
          0.126889
          0.126889
          0.126889
          0.126889
          0.126889
          0.126889
          0.126889
          0.126889
          0.126889
          0.126889
          0.126889
          0.126889
          0.126889
          0.126889
          0.126889
          0.126889
          0.126889
          0.126889
          0.126889
          0.126889
          0.126889
          0.126889
          0.126889
          0.126889
          0.126889
          0.126889
          0.126889
          0.126889
          0.126889
          0.126889
          0.126889
          0.126889
          0.126889
          0.126889
          0.126889
          0.126889
          0.126889
          0.126889
          0.126889
          0.126889
          0.126889
          0.126889
          0.126889
          0.126889
          0.126889
          0.126889
          0.126889
          0.126889
          0.126889
          0.126889
          0.126889
          0.126889
          0.126889
          0.126889
          0.126889
          0.126889
          0.126889
          0.126889
          0.126889
          0.126889
          0.126889
