          0.270172
          0.270194
          0.270216
          0.270237
          0.270257
          0.270276
          0.270293
          0.270310
          0.270324
          0.270338
          0.270350
          0.270360
          0.270370
          0.270378
          0.270386
          0.270393
          0.270398
          0.270403
          0.270408
          0.270412
          0.270415
          0.270418
          0.270420
          0.270421
          0.270424
          0.270425
          0.270426
          0.270426
          0.270426
          0.270427
          0.270427
          0.270427
          0.270427
          0.270427
          0.270426
          0.270426
          0.270425
          0.270425
          0.270425
          0.270424
          0.270424
          0.270422
          0.270422
          0.270422
          0.270421
          0.270420
          0.270420
          0.270419
          0.270419
          0.270418
          0.270417
          0.270417
          0.270416
          0.270416
          0.270415
          0.270415
          0.270415
          0.270414
          0.270413
          0.270413
          0.270413
          0.270413
          0.270412
          0.270412
          0.270411
          0.270411
          0.270411
          0.270411
          0.270410
          0.270409
          0.270410
          0.270409
          0.270409
          0.270409
          0.270408
          0.270408
          0.270408
          0.270408
          0.270408
          0.270408
          0.270407
          0.270407
          0.270406
          0.270407
          0.270407
          0.270407
          0.270406
          0.270407
          0.270406
          0.270406
          0.270406
          0.270406
          0.270406
          0.270407
          0.270406
          0.270406
          0.270406
          0.270406
          0.270405
          0.270406
          0.270405
          0.270406
          0.270406
          0.270406
          0.270406
          0.270406
          0.270407
          0.270406
          0.270406
          0.270406
          0.270406
          0.270405
          0.270406
          0.270406
          0.270406
          0.270406
          0.270406
          0.270406
          0.270405
          0.270406
          0.270406
          0.270405
          0.270405
          0.270405
          0.270405
          0.270405
          0.270405
          0.270405
          0.270405
          0.270404
          0.270405
          0.270405
          0.270406
          0.270405
          0.270405
          0.270406
          0.270406
          0.270405
          0.270404
          0.270405
          0.270405
          0.270405
          0.270406
          0.270405
          0.270405
          0.270405
          0.270405
          0.270405
          0.270405
          0.270405
          0.270405
          0.270405
          0.270405
          0.270405
          0.270405
          0.270405
          0.270405
          0.270405
          0.270406
          0.270405
          0.270405
          0.270405
          0.270406
          0.270404
          0.270405
          0.270405
          0.270405
          0.270405
          0.270405
          0.270405
          0.270405
          0.270405
          0.270405
          0.270405
          0.270405
          0.270405
          0.270405
          0.270404
          0.270405
          0.270405
          0.270405
          0.270405
          0.270405
          0.270405
          0.270404
          0.270405
          0.270404
          0.270405
          0.270404
          0.270405
          0.270404
          0.270405
          0.270405
          0.270405
          0.270405
          0.270404
          0.270405
          0.270405
          0.270405
          0.270405
          0.270405
          0.270406
          0.270405
          0.270405
          0.270405
          0.270405
          0.270404
          0.270406
          0.270405
          0.270405
          0.270405
          0.270406
          0.270405
          0.270404
          0.270405
          0.270405
          0.270405
          0.270406
          0.270405
          0.270405
          0.270405
          0.270405
          0.270405
          0.270404
          0.270405
          0.270405
          0.270405
          0.270405
          0.270405
          0.270405
          0.270405
          0.270405
          0.270405
          0.270404
          0.270404
          0.270405
          0.270404
          0.270405
          0.270405
          0.270404
          0.270405
          0.270405
          0.270404
          0.270405
          0.270405
          0.270405
          0.270404
          0.270405
          0.270405
          0.270405
          0.270405
          0.270405
