         11.506565
         11.506332
         11.506127
         11.505949
         11.505797
         11.505668
         11.505561
         11.505473
         11.505405
         11.505352
         11.505314
         11.505289
         11.505275
         11.505271
         11.505275
         11.505287
         11.505305
         11.505329
         11.505357
         11.505389
         11.505424
         11.505461
         11.505500
         11.505542
         11.505583
         11.505625
         11.505668
         11.505711
         11.505753
         11.505794
         11.505835
         11.505875
         11.505914
         11.505952
         11.505988
         11.506024
         11.506058
         11.506091
         11.506123
         11.506154
         11.506183
         11.506211
         11.506237
         11.506263
         11.506288
         11.506311
         11.506333
         11.506354
         11.506373
         11.506393
         11.506411
         11.506427
         11.506443
         11.506458
         11.506472
         11.506485
         11.506498
         11.506510
         11.506521
         11.506531
         11.506541
         11.506550
         11.506559
         11.506566
         11.506574
         11.506581
         11.506587
         11.506593
         11.506598
         11.506603
         11.506607
         11.506612
         11.506615
         11.506619
         11.506623
         11.506625
         11.506628
         11.506630
         11.506632
         11.506634
         11.506635
         11.506637
         11.506638
         11.506639
         11.506640
         11.506641
         11.506641
         11.506641
         11.506642
         11.506642
         11.506642
         11.506642
         11.506642
         11.506642
         11.506643
         11.506643
         11.506643
         11.506643
         11.506643
         11.506642
         11.506643
         11.506642
         11.506642
         11.506642
         11.506642
         11.506643
         11.506642
         11.506643
         11.506642
         11.506642
         11.506642
         11.506641
         11.506641
         11.506640
         11.506640
         11.506640
         11.506639
         11.506639
         11.506639
         11.506638
         11.506638
         11.506638
         11.506637
         11.506636
         11.506636
         11.506635
         11.506634
         11.506633
         11.506632
         11.506631
         11.506629
         11.506628
         11.506628
         11.506627
         11.506627
         11.506626
         11.506627
         11.506627
         11.506626
         11.506624
         11.506624
         11.506623
         11.506622
         11.506623
         11.506622
         11.506622
         11.506621
         11.506621
         11.506621
         11.506620
         11.506620
         11.506619
         11.506619
         11.506619
         11.506618
         11.506617
         11.506617
         11.506616
         11.506616
         11.506616
         11.506615
         11.506615
         11.506615
         11.506615
         11.506614
         11.506614
         11.506614
         11.506614
         11.506613
         11.506613
         11.506612
         11.506612
         11.506612
         11.506612
         11.506611
         11.506611
         11.506611
         11.506610
         11.506609
         11.506608
         11.506608
         11.506608
         11.506609
         11.506608
         11.506608
         11.506607
         11.506607
         11.506606
         11.506606
         11.506605
         11.506605
         11.506604
         11.506604
         11.506603
         11.506603
         11.506603
         11.506602
         11.506601
         11.506602
         11.506601
         11.506600
         11.506601
         11.506601
         11.506601
         11.506601
         11.506601
         11.506600
         11.506600
         11.506600
         11.506600
         11.506600
         11.506600
         11.506601
         11.506601
         11.506600
         11.506600
         11.506599
         11.506599
         11.506600
         11.506599
         11.506600
         11.506599
         11.506600
         11.506599
         11.506598
         11.506598
         11.506598
         11.506598
         11.506597
         11.506597
         11.506597
         11.506596
         11.506596
         11.506597
         11.506596
         11.506595
         11.506595
         11.506595
         11.506595
         11.506595
         11.506594
         11.506593
         11.506594
         11.506593
         11.506593
         11.506593
         11.506592
         11.506591
         11.506591
         11.506591
         11.506591
         11.506591
         11.506591
