          0.407786
          0.407769
          0.407750
          0.407730
          0.407710
          0.407691
          0.407673
          0.407659
          0.407645
          0.407633
          0.407623
          0.407613
          0.407605
          0.407597
          0.407591
          0.407585
          0.407579
          0.407575
          0.407570
          0.407566
          0.407563
          0.407560
          0.407557
          0.407554
          0.407552
          0.407550
          0.407548
          0.407546
          0.407544
          0.407543
          0.407541
          0.407540
          0.407539
          0.407537
          0.407536
          0.407536
          0.407535
          0.407534
          0.407533
          0.407533
          0.407532
          0.407531
          0.407531
          0.407531
          0.407530
          0.407530
          0.407530
          0.407530
          0.407530
          0.407529
          0.407529
          0.407529
          0.407529
          0.407529
          0.407528
          0.407529
          0.407528
          0.407528
          0.407528
          0.407528
          0.407528
          0.407528
          0.407528
          0.407528
          0.407528
          0.407528
          0.407528
          0.407528
          0.407528
          0.407527
          0.407528
          0.407527
          0.407528
          0.407528
          0.407527
          0.407527
          0.407527
          0.407527
          0.407527
          0.407527
          0.407527
          0.407527
          0.407527
          0.407527
          0.407527
          0.407527
          0.407527
          0.407527
          0.407527
          0.407527
          0.407527
          0.407527
          0.407527
          0.407528
          0.407527
          0.407527
          0.407528
          0.407528
          0.407527
          0.407528
          0.407527
          0.407528
          0.407528
          0.407528
          0.407528
          0.407527
          0.407528
          0.407527
          0.407527
          0.407527
          0.407528
          0.407527
          0.407528
          0.407528
          0.407527
          0.407527
          0.407527
          0.407528
          0.407527
          0.407528
          0.407527
          0.407527
          0.407527
          0.407527
          0.407527
          0.407527
          0.407527
          0.407527
          0.407527
          0.407527
          0.407527
          0.407527
          0.407528
          0.407527
          0.407527
          0.407528
          0.407527
          0.407527
          0.407527
          0.407527
          0.407527
          0.407527
          0.407528
          0.407527
          0.407528
          0.407528
          0.407528
          0.407527
          0.407527
          0.407528
          0.407527
          0.407527
          0.407528
          0.407527
          0.407527
          0.407527
          0.407527
          0.407527
          0.407528
          0.407527
          0.407528
          0.407527
          0.407528
          0.407527
          0.407528
          0.407527
          0.407527
          0.407527
          0.407528
          0.407527
          0.407528
          0.407528
          0.407527
          0.407527
          0.407527
          0.407527
          0.407527
          0.407527
          0.407527
          0.407527
          0.407528
          0.407528
          0.407527
          0.407527
          0.407527
          0.407527
          0.407527
          0.407527
          0.407527
          0.407527
          0.407527
          0.407527
          0.407527
          0.407527
          0.407527
          0.407527
          0.407527
          0.407528
          0.407527
          0.407527
          0.407528
          0.407528
          0.407527
          0.407528
          0.407527
          0.407527
          0.407527
          0.407528
          0.407527
          0.407527
          0.407527
          0.407528
          0.407527
          0.407527
          0.407527
          0.407527
          0.407527
          0.407528
          0.407527
          0.407528
          0.407527
          0.407527
          0.407527
          0.407527
          0.407527
          0.407527
          0.407527
          0.407527
          0.407527
          0.407527
          0.407527
          0.407527
          0.407527
          0.407527
          0.407527
          0.407527
          0.407527
          0.407527
          0.407527
          0.407527
          0.407527
          0.407527
          0.407527
          0.407527
          0.407527
          0.407527
          0.407527
          0.407527
          0.407528
          0.407528
          0.407528
          0.407527
