          0.683545
          0.682791
          0.682274
          0.681859
          0.681513
          0.681220
          0.680966
          0.680748
          0.680547
          0.680374
          0.680219
          0.680078
          0.679952
          0.679840
          0.679744
          0.679657
          0.679582
          0.679522
          0.679469
          0.679421
          0.679379
          0.679341
          0.679309
          0.679277
          0.679252
          0.679229
          0.679208
          0.679190
          0.679172
          0.679160
          0.679146
          0.679135
          0.679126
          0.679118
          0.679113
          0.679108
          0.679104
          0.679101
          0.679099
          0.679097
          0.679095
          0.679092
          0.679093
          0.679092
          0.679091
          0.679092
          0.679092
          0.679093
          0.679095
          0.679095
          0.679091
          0.679093
          0.679094
          0.679095
          0.679096
          0.679098
          0.679099
          0.679100
          0.679100
          0.679101
          0.679102
          0.679103
          0.679103
          0.679105
          0.679105
          0.679106
          0.679106
          0.679107
          0.679107
          0.679107
          0.679109
          0.679108
          0.679109
          0.679110
          0.679109
          0.679110
          0.679110
          0.679111
          0.679111
          0.679111
          0.679112
          0.679112
          0.679111
          0.679112
          0.679113
          0.679112
          0.679112
          0.679113
          0.679113
          0.679113
          0.679114
          0.679114
          0.679115
          0.679115
          0.679115
          0.679115
          0.679116
          0.679116
          0.679115
          0.679116
          0.679115
          0.679116
          0.679116
          0.679117
          0.679117
          0.679116
          0.679117
          0.679116
          0.679116
          0.679116
          0.679116
          0.679116
          0.679116
          0.679116
          0.679116
          0.679116
          0.679116
          0.679116
          0.679116
          0.679116
          0.679116
          0.679115
          0.679115
          0.679115
          0.679115
          0.679115
          0.679115
          0.679115
          0.679115
          0.679114
          0.679115
          0.679115
          0.679116
          0.679116
          0.679116
          0.679117
          0.679116
          0.679115
          0.679115
          0.679116
          0.679116
          0.679116
          0.679116
          0.679116
          0.679116
          0.679116
          0.679116
          0.679116
          0.679115
          0.679116
          0.679116
          0.679116
          0.679116
          0.679116
          0.679116
          0.679116
          0.679116
          0.679116
          0.679117
          0.679116
          0.679117
          0.679116
          0.679117
          0.679115
          0.679116
          0.679116
          0.679116
          0.679115
          0.679116
          0.679116
          0.679116
          0.679116
          0.679115
          0.679116
          0.679115
          0.679116
          0.679115
          0.679115
          0.679115
          0.679116
          0.679116
          0.679116
          0.679115
          0.679116
          0.679115
          0.679115
          0.679115
          0.679115
          0.679115
          0.679116
          0.679115
          0.679116
          0.679116
          0.679116
          0.679116
          0.679115
          0.679116
          0.679116
          0.679116
          0.679116
          0.679116
          0.679117
          0.679116
          0.679116
          0.679116
          0.679116
          0.679116
          0.679117
          0.679116
          0.679116
          0.679116
          0.679117
          0.679116
          0.679115
          0.679116
          0.679116
          0.679116
          0.679117
          0.679116
          0.679116
          0.679116
          0.679116
          0.679115
          0.679115
          0.679116
          0.679115
          0.679115
          0.679115
          0.679115
          0.679115
          0.679115
          0.679116
          0.679116
          0.679115
          0.679115
          0.679116
          0.679115
          0.679115
          0.679115
          0.679114
          0.679115
          0.679116
          0.679114
          0.679116
          0.679115
          0.679115
          0.679115
          0.679116
          0.679116
          0.679117
          0.679118
          0.679116
