          0.240919
          0.241806
          0.241771
          0.241698
          0.241611
          0.241522
          0.241437
          0.241358
          0.241285
          0.241219
          0.241159
          0.241105
          0.241057
          0.241013
          0.240974
          0.240939
          0.240907
          0.240879
          0.240853
          0.240830
          0.240809
          0.240791
          0.240774
          0.240759
          0.240745
          0.240733
          0.240722
          0.240713
          0.240704
          0.240696
          0.240689
          0.240682
          0.240677
          0.240672
          0.240667
          0.240663
          0.240659
          0.240656
          0.240653
          0.240651
          0.240648
          0.240646
          0.240644
          0.240643
          0.240641
          0.240640
          0.240639
          0.240638
          0.240637
          0.240636
          0.240635
          0.240634
          0.240634
          0.240633
          0.240633
          0.240632
          0.240632
          0.240631
          0.240631
          0.240631
          0.240631
          0.240630
          0.240630
          0.240630
          0.240630
          0.240630
          0.240630
          0.240630
          0.240630
          0.240630
          0.240629
          0.240629
          0.240629
          0.240629
          0.240629
          0.240629
          0.240629
          0.240629
          0.240629
          0.240629
          0.240629
          0.240629
          0.240629
          0.240629
          0.240629
          0.240629
          0.240629
          0.240629
          0.240629
          0.240629
          0.240629
          0.240629
          0.240629
          0.240629
          0.240629
          0.240629
          0.240629
          0.240629
          0.240629
          0.240629
          0.240629
          0.240629
          0.240629
          0.240629
          0.240629
          0.240629
          0.240629
          0.240629
          0.240629
          0.240629
          0.240629
          0.240629
          0.240629
          0.240629
          0.240629
          0.240629
          0.240629
          0.240629
          0.240629
          0.240629
          0.240629
          0.240629
          0.240629
          0.240629
          0.240629
          0.240629
          0.240629
          0.240629
          0.240629
          0.240629
          0.240629
          0.240629
          0.240629
          0.240629
          0.240629
          0.240629
          0.240629
          0.240629
          0.240629
          0.240629
          0.240629
          0.240629
          0.240629
          0.240629
          0.240629
          0.240629
          0.240629
          0.240629
          0.240629
          0.240629
          0.240629
          0.240629
          0.240629
          0.240629
          0.240629
          0.240629
          0.240629
          0.240629
          0.240629
          0.240629
          0.240629
          0.240629
          0.240629
          0.240629
          0.240629
          0.240629
          0.240629
          0.240629
          0.240629
          0.240629
          0.240629
          0.240629
          0.240629
          0.240629
          0.240629
          0.240629
          0.240629
          0.240629
          0.240629
          0.240629
          0.240629
          0.240629
          0.240629
          0.240629
          0.240629
          0.240629
          0.240629
          0.240629
          0.240629
          0.240629
          0.240629
          0.240629
          0.240630
          0.240630
          0.240629
          0.240629
          0.240629
          0.240630
          0.240630
          0.240630
          0.240630
          0.240630
          0.240630
          0.240629
          0.240629
          0.240629
          0.240629
          0.240629
          0.240630
          0.240629
          0.240629
          0.240629
          0.240629
          0.240629
          0.240629
          0.240629
          0.240629
          0.240629
          0.240629
          0.240629
          0.240629
          0.240629
          0.240629
          0.240629
          0.240629
          0.240629
          0.240629
          0.240629
          0.240629
          0.240629
          0.240629
          0.240629
          0.240629
          0.240629
          0.240629
          0.240629
          0.240629
          0.240629
          0.240629
          0.240629
          0.240629
          0.240629
          0.240630
          0.240629
          0.240630
          0.240630
          0.240629
          0.240630
          0.240630
          0.240630
          0.240630
          0.240630
