          0.038083
          0.038913
          0.038902
          0.038888
          0.038871
          0.038852
          0.038832
          0.038813
          0.038794
          0.038777
          0.038760
          0.038744
          0.038730
          0.038717
          0.038705
          0.038694
          0.038684
          0.038676
          0.038668
          0.038661
          0.038654
          0.038649
          0.038644
          0.038639
          0.038635
          0.038632
          0.038629
          0.038626
          0.038624
          0.038622
          0.038620
          0.038619
          0.038617
          0.038616
          0.038615
          0.038615
          0.038614
          0.038614
          0.038613
          0.038613
          0.038613
          0.038613
          0.038613
          0.038613
          0.038613
          0.038613
          0.038613
          0.038613
          0.038613
          0.038614
          0.038614
          0.038614
          0.038614
          0.038615
          0.038615
          0.038615
          0.038615
          0.038616
          0.038616
          0.038616
          0.038616
          0.038616
          0.038617
          0.038617
          0.038617
          0.038617
          0.038617
          0.038618
          0.038618
          0.038618
          0.038618
          0.038618
          0.038618
          0.038619
          0.038619
          0.038619
          0.038619
          0.038619
          0.038619
          0.038619
          0.038620
          0.038620
          0.038620
          0.038620
          0.038620
          0.038620
          0.038620
          0.038620
          0.038620
          0.038620
          0.038621
          0.038621
          0.038621
          0.038621
          0.038621
          0.038621
          0.038621
          0.038621
          0.038621
          0.038621
          0.038621
          0.038621
          0.038621
          0.038621
          0.038621
          0.038621
          0.038621
          0.038621
          0.038621
          0.038621
          0.038621
          0.038621
          0.038621
          0.038621
          0.038621
          0.038621
          0.038621
          0.038621
          0.038621
          0.038621
          0.038621
          0.038621
          0.038621
          0.038621
          0.038621
          0.038621
          0.038621
          0.038621
          0.038621
          0.038621
          0.038621
          0.038621
          0.038621
          0.038621
          0.038621
          0.038621
          0.038621
          0.038621
          0.038621
          0.038621
          0.038621
          0.038621
          0.038621
          0.038621
          0.038621
          0.038621
          0.038621
          0.038621
          0.038621
          0.038621
          0.038621
          0.038621
          0.038621
          0.038621
          0.038621
          0.038621
          0.038621
          0.038621
          0.038621
          0.038621
          0.038621
          0.038621
          0.038621
          0.038621
          0.038621
          0.038621
          0.038621
          0.038621
          0.038621
          0.038621
          0.038621
          0.038621
          0.038621
          0.038621
          0.038621
          0.038621
          0.038621
          0.038621
          0.038621
          0.038621
          0.038621
          0.038621
          0.038621
          0.038621
          0.038621
          0.038621
          0.038621
          0.038621
          0.038621
          0.038621
          0.038622
          0.038621
          0.038622
          0.038622
          0.038622
          0.038622
          0.038622
          0.038622
          0.038622
          0.038622
          0.038622
          0.038622
          0.038622
          0.038622
          0.038622
          0.038622
          0.038622
          0.038622
          0.038622
          0.038622
          0.038622
          0.038621
          0.038622
          0.038621
          0.038621
          0.038621
          0.038621
          0.038621
          0.038621
          0.038621
          0.038621
          0.038621
          0.038621
          0.038621
          0.038621
          0.038621
          0.038621
          0.038621
          0.038621
          0.038621
          0.038621
          0.038621
          0.038621
          0.038621
          0.038621
          0.038621
          0.038621
          0.038621
          0.038621
          0.038621
          0.038621
          0.038621
          0.038622
          0.038621
          0.038622
          0.038622
          0.038622
          0.038622
          0.038622
          0.038622
          0.038622
          0.038622
