          0.202836
          0.202894
          0.202869
          0.202811
          0.202741
          0.202671
          0.202605
          0.202545
          0.202491
          0.202442
          0.202399
          0.202361
          0.202327
          0.202296
          0.202269
          0.202245
          0.202223
          0.202203
          0.202185
          0.202169
          0.202155
          0.202142
          0.202130
          0.202120
          0.202110
          0.202101
          0.202093
          0.202086
          0.202080
          0.202074
          0.202069
          0.202064
          0.202059
          0.202055
          0.202052
          0.202048
          0.202045
          0.202042
          0.202040
          0.202037
          0.202035
          0.202033
          0.202031
          0.202030
          0.202028
          0.202027
          0.202025
          0.202024
          0.202023
          0.202022
          0.202021
          0.202020
          0.202019
          0.202018
          0.202018
          0.202017
          0.202016
          0.202016
          0.202015
          0.202015
          0.202014
          0.202014
          0.202014
          0.202013
          0.202013
          0.202013
          0.202012
          0.202012
          0.202012
          0.202012
          0.202011
          0.202011
          0.202011
          0.202011
          0.202011
          0.202010
          0.202010
          0.202010
          0.202010
          0.202010
          0.202010
          0.202010
          0.202009
          0.202009
          0.202009
          0.202009
          0.202009
          0.202009
          0.202009
          0.202009
          0.202009
          0.202009
          0.202009
          0.202009
          0.202008
          0.202008
          0.202008
          0.202008
          0.202008
          0.202008
          0.202008
          0.202008
          0.202008
          0.202008
          0.202008
          0.202008
          0.202008
          0.202008
          0.202008
          0.202008
          0.202008
          0.202008
          0.202008
          0.202008
          0.202008
          0.202008
          0.202008
          0.202008
          0.202008
          0.202008
          0.202008
          0.202008
          0.202008
          0.202008
          0.202008
          0.202008
          0.202008
          0.202008
          0.202008
          0.202008
          0.202008
          0.202008
          0.202008
          0.202008
          0.202008
          0.202008
          0.202008
          0.202008
          0.202008
          0.202008
          0.202008
          0.202008
          0.202008
          0.202008
          0.202008
          0.202008
          0.202008
          0.202008
          0.202008
          0.202008
          0.202008
          0.202008
          0.202008
          0.202008
          0.202008
          0.202008
          0.202008
          0.202008
          0.202008
          0.202008
          0.202008
          0.202008
          0.202008
          0.202008
          0.202008
          0.202008
          0.202008
          0.202008
          0.202008
          0.202008
          0.202008
          0.202008
          0.202008
          0.202008
          0.202008
          0.202008
          0.202008
          0.202008
          0.202008
          0.202008
          0.202008
          0.202008
          0.202008
          0.202008
          0.202008
          0.202008
          0.202008
          0.202008
          0.202008
          0.202008
          0.202008
          0.202008
          0.202008
          0.202008
          0.202008
          0.202008
          0.202008
          0.202008
          0.202008
          0.202008
          0.202008
          0.202008
          0.202008
          0.202008
          0.202008
          0.202008
          0.202008
          0.202008
          0.202008
          0.202008
          0.202008
          0.202008
          0.202008
          0.202008
          0.202008
          0.202008
          0.202008
          0.202008
          0.202008
          0.202008
          0.202008
          0.202008
          0.202008
          0.202008
          0.202008
          0.202008
          0.202008
          0.202008
          0.202008
          0.202008
          0.202008
          0.202008
          0.202008
          0.202008
          0.202008
          0.202008
          0.202008
          0.202008
          0.202008
          0.202008
          0.202008
          0.202008
          0.202008
          0.202008
          0.202008
          0.202008
          0.202008
          0.202008
          0.202008
          0.202008
          0.202008
          0.202008
