          1.761505
          1.761567
          1.761609
          1.761635
          1.761646
          1.761646
          1.761638
          1.761624
          1.761607
          1.761589
          1.761570
          1.761551
          1.761532
          1.761515
          1.761498
          1.761484
          1.761470
          1.761458
          1.761448
          1.761439
          1.761431
          1.761424
          1.761418
          1.761413
          1.761409
          1.761405
          1.761402
          1.761400
          1.761398
          1.761397
          1.761396
          1.761396
          1.761395
          1.761395
          1.761396
          1.761396
          1.761397
          1.761397
          1.761398
          1.761399
          1.761400
          1.761401
          1.761402
          1.761403
          1.761404
          1.761406
          1.761407
          1.761408
          1.761409
          1.761410
          1.761412
          1.761413
          1.761414
          1.761415
          1.761416
          1.761417
          1.761418
          1.761419
          1.761420
          1.761421
          1.761421
          1.761422
          1.761423
          1.761424
          1.761424
          1.761425
          1.761426
          1.761426
          1.761427
          1.761427
          1.761428
          1.761428
          1.761428
          1.761429
          1.761429
          1.761429
          1.761430
          1.761430
          1.761430
          1.761430
          1.761431
          1.761431
          1.761431
          1.761431
          1.761431
          1.761432
          1.761432
          1.761432
          1.761432
          1.761432
          1.761432
          1.761432
          1.761432
          1.761433
          1.761433
          1.761433
          1.761433
          1.761433
          1.761433
          1.761433
          1.761433
          1.761433
          1.761433
          1.761433
          1.761434
          1.761434
          1.761434
          1.761434
          1.761434
          1.761434
          1.761434
          1.761434
          1.761434
          1.761434
          1.761434
          1.761434
          1.761434
          1.761434
          1.761434
          1.761433
          1.761433
          1.761433
          1.761433
          1.761433
          1.761433
          1.761433
          1.761433
          1.761433
          1.761433
          1.761433
          1.761433
          1.761433
          1.761433
          1.761433
          1.761433
          1.761433
          1.761433
          1.761433
          1.761433
          1.761433
          1.761433
          1.761433
          1.761433
          1.761433
          1.761433
          1.761433
          1.761433
          1.761433
          1.761433
          1.761433
          1.761433
          1.761433
          1.761433
          1.761433
          1.761433
          1.761433
          1.761433
          1.761433
          1.761433
          1.761433
          1.761433
          1.761433
          1.761433
          1.761433
          1.761433
          1.761433
          1.761432
          1.761433
          1.761432
          1.761432
          1.761432
          1.761432
          1.761432
          1.761432
          1.761432
          1.761432
          1.761432
          1.761432
          1.761432
          1.761432
          1.761432
          1.761432
          1.761432
          1.761432
          1.761432
          1.761432
          1.761432
          1.761432
          1.761432
          1.761432
          1.761432
          1.761432
          1.761432
          1.761432
          1.761432
          1.761432
          1.761432
          1.761432
          1.761432
          1.761432
          1.761432
          1.761432
          1.761432
          1.761432
          1.761432
          1.761432
          1.761432
          1.761432
          1.761432
          1.761432
          1.761432
          1.761432
          1.761432
          1.761432
          1.761432
          1.761432
          1.761432
          1.761432
          1.761432
          1.761432
          1.761432
          1.761432
          1.761432
          1.761432
          1.761432
          1.761432
          1.761432
          1.761432
          1.761431
          1.761432
          1.761431
          1.761431
          1.761431
          1.761431
          1.761431
          1.761431
          1.761431
          1.761431
          1.761431
          1.761431
          1.761431
          1.761431
          1.761431
          1.761431
          1.761431
          1.761431
          1.761431
          1.761431
          1.761431
          1.761431
          1.761431
          1.761431
