          1.511201
          1.511557
          1.511594
          1.511468
          1.511285
          1.511098
          1.510923
          1.510769
          1.510629
          1.510511
          1.510409
          1.510318
          1.510240
          1.510172
          1.510116
          1.510067
          1.510023
          1.509987
          1.509956
          1.509929
          1.509905
          1.509884
          1.509868
          1.509850
          1.509839
          1.509827
          1.509816
          1.509807
          1.509798
          1.509793
          1.509787
          1.509782
          1.509778
          1.509774
          1.509771
          1.509769
          1.509768
          1.509767
          1.509766
          1.509765
          1.509765
          1.509762
          1.509765
          1.509766
          1.509765
          1.509767
          1.509767
          1.509769
          1.509772
          1.509772
          1.509770
          1.509773
          1.509774
          1.509775
          1.509776
          1.509779
          1.509779
          1.509780
          1.509780
          1.509782
          1.509783
          1.509784
          1.509784
          1.509787
          1.509785
          1.509787
          1.509788
          1.509789
          1.509789
          1.509789
          1.509791
          1.509789
          1.509792
          1.509793
          1.509791
          1.509792
          1.509792
          1.509793
          1.509794
          1.509794
          1.509794
          1.509794
          1.509792
          1.509795
          1.509795
          1.509794
          1.509794
          1.509796
          1.509794
          1.509795
          1.509797
          1.509796
          1.509798
          1.509800
          1.509798
          1.509798
          1.509800
          1.509800
          1.509798
          1.509800
          1.509798
          1.509801
          1.509800
          1.509802
          1.509802
          1.509800
          1.509803
          1.509800
          1.509800
          1.509800
          1.509801
          1.509799
          1.509801
          1.509801
          1.509800
          1.509800
          1.509801
          1.509801
          1.509800
          1.509801
          1.509800
          1.509799
          1.509798
          1.509799
          1.509799
          1.509798
          1.509797
          1.509798
          1.509797
          1.509796
          1.509799
          1.509798
          1.509800
          1.509799
          1.509799
          1.509802
          1.509800
          1.509798
          1.509797
          1.509799
          1.509799
          1.509800
          1.509801
          1.509799
          1.509800
          1.509800
          1.509800
          1.509800
          1.509798
          1.509800
          1.509799
          1.509799
          1.509800
          1.509800
          1.509799
          1.509799
          1.509799
          1.509799
          1.509802
          1.509799
          1.509801
          1.509800
          1.509801
          1.509798
          1.509800
          1.509799
          1.509800
          1.509798
          1.509800
          1.509799
          1.509800
          1.509800
          1.509798
          1.509799
          1.509798
          1.509799
          1.509798
          1.509797
          1.509798
          1.509799
          1.509800
          1.509800
          1.509798
          1.509799
          1.509797
          1.509797
          1.509796
          1.509798
          1.509797
          1.509799
          1.509796
          1.509799
          1.509798
          1.509798
          1.509798
          1.509796
          1.509798
          1.509800
          1.509798
          1.509798
          1.509800
          1.509801
          1.509799
          1.509800
          1.509799
          1.509799
          1.509798
          1.509802
          1.509800
          1.509800
          1.509800
          1.509803
          1.509799
          1.509797
          1.509800
          1.509799
          1.509799
          1.509801
          1.509799
          1.509801
          1.509799
          1.509800
          1.509798
          1.509797
          1.509799
          1.509798
          1.509798
          1.509797
          1.509798
          1.509797
          1.509798
          1.509799
          1.509799
          1.509796
          1.509797
          1.509799
          1.509796
          1.509798
          1.509797
          1.509795
          1.509796
          1.509798
          1.509794
          1.509798
          1.509797
          1.509796
          1.509795
          1.509797
          1.509799
          1.509801
          1.509802
          1.509798
