          0.008666
          0.008666
          0.008665
          0.008664
          0.008662
          0.008660
          0.008658
          0.008657
          0.008655
          0.008653
          0.008652
          0.008650
          0.008649
          0.008648
          0.008647
          0.008646
          0.008645
          0.008644
          0.008644
          0.008643
          0.008642
          0.008642
          0.008641
          0.008641
          0.008640
          0.008640
          0.008640
          0.008639
          0.008639
          0.008639
          0.008639
          0.008639
          0.008638
          0.008638
          0.008638
          0.008638
          0.008638
          0.008638
          0.008638
          0.008638
          0.008637
          0.008637
          0.008637
          0.008637
          0.008637
          0.008637
          0.008637
          0.008637
          0.008637
          0.008637
          0.008637
          0.008637
          0.008637
          0.008637
          0.008637
          0.008637
          0.008637
          0.008637
          0.008637
          0.008637
          0.008637
          0.008637
          0.008637
          0.008637
          0.008637
          0.008637
          0.008637
          0.008637
          0.008637
          0.008637
          0.008637
          0.008637
          0.008637
          0.008637
          0.008637
          0.008637
          0.008637
          0.008637
          0.008637
          0.008637
          0.008637
          0.008637
          0.008637
          0.008637
          0.008637
          0.008637
          0.008637
          0.008637
          0.008637
          0.008637
          0.008637
          0.008637
          0.008637
          0.008637
          0.008637
          0.008637
          0.008637
          0.008637
          0.008637
          0.008637
          0.008637
          0.008637
          0.008637
          0.008637
          0.008637
          0.008637
          0.008637
          0.008637
          0.008637
          0.008637
          0.008637
          0.008637
          0.008637
          0.008637
          0.008637
          0.008637
          0.008637
          0.008637
          0.008637
          0.008637
          0.008637
          0.008637
          0.008637
          0.008637
          0.008637
          0.008637
          0.008637
          0.008637
          0.008637
          0.008637
          0.008637
          0.008637
          0.008637
          0.008637
          0.008637
          0.008637
          0.008637
          0.008637
          0.008637
          0.008637
          0.008637
          0.008637
          0.008637
          0.008637
          0.008637
          0.008637
          0.008637
          0.008637
          0.008637
          0.008637
          0.008637
          0.008637
          0.008637
          0.008637
          0.008637
          0.008637
          0.008637
          0.008637
          0.008637
          0.008637
          0.008637
          0.008637
          0.008637
          0.008637
          0.008637
          0.008637
          0.008637
          0.008637
          0.008637
          0.008637
          0.008637
          0.008637
          0.008637
          0.008637
          0.008637
          0.008637
          0.008637
          0.008637
          0.008637
          0.008637
          0.008637
          0.008637
          0.008637
          0.008637
          0.008637
          0.008637
          0.008637
          0.008637
          0.008637
          0.008637
          0.008637
          0.008637
          0.008637
          0.008637
          0.008637
          0.008637
          0.008637
          0.008637
          0.008637
          0.008637
          0.008637
          0.008637
          0.008637
          0.008637
          0.008637
          0.008637
          0.008637
          0.008637
          0.008637
          0.008637
          0.008637
          0.008637
          0.008637
          0.008637
          0.008637
          0.008637
          0.008637
          0.008637
          0.008637
          0.008637
          0.008637
          0.008637
          0.008637
          0.008637
          0.008637
          0.008637
          0.008637
          0.008637
          0.008637
          0.008637
          0.008637
          0.008637
          0.008637
          0.008637
          0.008637
          0.008637
          0.008637
          0.008637
          0.008637
          0.008637
          0.008637
          0.008637
          0.008637
          0.008637
          0.008637
          0.008637
          0.008637
          0.008637
          0.008637
          0.008637
          0.008637
          0.008637
          1.000119
          1.000113
          1.000105
          1.000097
          1.000088
          1.000080
          1.000072
          1.000065
          1.000058
          1.000051
          1.000045
          1.000040
          1.000035
          1.000030
          1.000026
          1.000022
          1.000019
          1.000016
          1.000013
          1.000011
          1.000009
          1.000007
          1.000005
          1.000004
          1.000003
          1.000002
          1.000001
          1.000000
          0.999999
          0.999998
          0.999998
          0.999997
          0.999997
          0.999997
          0.999997
          0.999996
          0.999996
          0.999996
          0.999996
          0.999996
          0.999996
          0.999996
          0.999996
          0.999996
          0.999996
          0.999996
          0.999996
          0.999996
          0.999997
          0.999997
          0.999997
          0.999997
          0.999997
          0.999997
          0.999997
          0.999997
          0.999997
          0.999997
          0.999998
          0.999998
          0.999998
          0.999998
          0.999998
          0.999998
          0.999998
          0.999998
          0.999998
          0.999998
          0.999998
          0.999998
          0.999999
          0.999999
          0.999999
          0.999999
          0.999999
          0.999999
          0.999999
          0.999999
          0.999999
          0.999999
          0.999999
          0.999999
          0.999999
          0.999999
          0.999999
          0.999999
          0.999999
          0.999999
          0.999999
          1.000000
          1.000000
          1.000000
          1.000000
          1.000000
          1.000000
          1.000000
          1.000000
          1.000000
          1.000000
          1.000000
          1.000000
          1.000000
          1.000000
          1.000000
          1.000000
          1.000000
          1.000000
          1.000000
          1.000000
          1.000000
          1.000000
          1.000000
          1.000000
          1.000000
          1.000000
          1.000000
          1.000000
          1.000000
          1.000000
          1.000000
          1.000000
          1.000000
          1.000000
          1.000000
          1.000000
          1.000000
          1.000000
          1.000000
          1.000000
          1.000000
          1.000000
          1.000000
          1.000000
          1.000000
          1.000000
          1.000000
          1.000000
          1.000000
          1.000000
          1.000000
          1.000000
          1.000000
          1.000000
          1.000000
          1.000000
          1.000000
          1.000000
          1.000000
          1.000000
          1.000000
          1.000000
          1.000000
          1.000000
          1.000000
          1.000000
          1.000000
          1.000000
          1.000000
          1.000000
          1.000000
          1.000000
          1.000000
          1.000000
          1.000000
          1.000000
          1.000000
          1.000000
          1.000000
          1.000000
          1.000000
          1.000000
          1.000000
          1.000000
          1.000000
          1.000000
          1.000000
          1.000000
          1.000000
          1.000000
          1.000000
          1.000000
          1.000000
          1.000000
          1.000000
          1.000000
          1.000000
          1.000000
          1.000000
          1.000000
          1.000000
          1.000000
          1.000000
          1.000000
          1.000000
          1.000000
          1.000000
          1.000000
          1.000000
          1.000000
          1.000000
          1.000000
          1.000000
          1.000000
          1.000000
          1.000000
          1.000000
          1.000000
          1.000000
          1.000000
          1.000000
          1.000000
          1.000000
          1.000000
          1.000000
          1.000000
          1.000000
          1.000000
          1.000000
          1.000000
          1.000000
          1.000000
          1.000000
          1.000000
          1.000000
          1.000000
          1.000000
          1.000000
          1.000000
          1.000000
          1.000000
          1.000000
          1.000000
          1.000000
          1.000000
          1.000000
          1.000000
          1.000000
          1.000000
          1.000000
          1.000000
          0.999999
          0.999999
          0.999999
          0.999998
          0.999997
          0.999995
          0.999993
          0.999989
          0.999984
          0.999976
          0.999963
          0.999945
          1.511201
          1.511557
          1.511594
          1.511468
          1.511285
          1.511098
          1.510923
          1.510769
          1.510629
          1.510511
          1.510409
          1.510318
          1.510240
          1.510172
          1.510116
          1.510067
          1.510023
          1.509987
          1.509956
          1.509929
          1.509905
          1.509884
          1.509868
          1.509850
          1.509839
          1.509827
          1.509816
          1.509807
          1.509798
          1.509793
          1.509787
          1.509782
          1.509778
          1.509774
          1.509771
          1.509769
          1.509768
          1.509767
          1.509766
          1.509765
          1.509765
          1.509762
          1.509765
          1.509766
          1.509765
          1.509767
          1.509767
          1.509769
          1.509772
          1.509772
          1.509770
          1.509773
          1.509774
          1.509775
          1.509776
          1.509779
          1.509779
          1.509780
          1.509780
          1.509782
          1.509783
          1.509784
          1.509784
          1.509787
          1.509785
          1.509787
          1.509788
          1.509789
          1.509789
          1.509789
          1.509791
          1.509789
          1.509792
          1.509793
          1.509791
          1.509792
          1.509792
          1.509793
          1.509794
          1.509794
          1.509794
          1.509794
          1.509792
          1.509795
          1.509795
          1.509794
          1.509794
          1.509796
          1.509794
          1.509795
          1.509797
          1.509796
          1.509798
          1.509800
          1.509798
          1.509798
          1.509800
          1.509800
          1.509798
          1.509800
          1.509798
          1.509801
          1.509800
          1.509802
          1.509802
          1.509800
          1.509803
          1.509800
          1.509800
          1.509800
          1.509801
          1.509799
          1.509801
          1.509801
          1.509800
          1.509800
          1.509801
          1.509801
          1.509800
          1.509801
          1.509800
          1.509799
          1.509798
          1.509799
          1.509799
          1.509798
          1.509797
          1.509798
          1.509797
          1.509796
          1.509799
          1.509798
          1.509800
          1.509799
          1.509799
          1.509802
          1.509800
          1.509798
          1.509797
          1.509799
          1.509799
          1.509800
          1.509801
          1.509799
          1.509800
          1.509800
          1.509800
          1.509800
          1.509798
          1.509800
          1.509799
          1.509799
          1.509800
          1.509800
          1.509799
          1.509799
          1.509799
          1.509799
          1.509802
          1.509799
          1.509801
          1.509800
          1.509801
          1.509798
          1.509800
          1.509799
          1.509800
          1.509798
          1.509800
          1.509799
          1.509800
          1.509800
          1.509798
          1.509799
          1.509798
          1.509799
          1.509798
          1.509797
          1.509798
          1.509799
          1.509800
          1.509800
          1.509798
          1.509799
          1.509797
          1.509797
          1.509796
          1.509798
          1.509797
          1.509799
          1.509796
          1.509799
          1.509798
          1.509798
          1.509798
          1.509796
          1.509798
          1.509800
          1.509798
          1.509798
          1.509800
          1.509801
          1.509799
          1.509800
          1.509799
          1.509799
          1.509798
          1.509802
          1.509800
          1.509800
          1.509800
          1.509803
          1.509799
          1.509797
          1.509800
          1.509799
          1.509799
          1.509801
          1.509799
          1.509801
          1.509799
          1.509800
          1.509798
          1.509797
          1.509799
          1.509798
          1.509798
          1.509797
          1.509798
          1.509797
          1.509798
          1.509799
          1.509799
          1.509796
          1.509797
          1.509799
          1.509796
          1.509798
          1.509797
          1.509795
          1.509796
          1.509798
          1.509794
          1.509798
          1.509797
          1.509796
          1.509795
          1.509797
          1.509799
          1.509801
          1.509802
          1.509798
          0.683545
          0.682791
          0.682274
          0.681859
          0.681513
          0.681220
          0.680966
          0.680748
          0.680547
          0.680374
          0.680219
          0.680078
          0.679952
          0.679840
          0.679744
          0.679657
          0.679582
          0.679522
          0.679469
          0.679421
          0.679379
          0.679341
          0.679309
          0.679277
          0.679252
          0.679229
          0.679208
          0.679190
          0.679172
          0.679160
          0.679146
          0.679135
          0.679126
          0.679118
          0.679113
          0.679108
          0.679104
          0.679101
          0.679099
          0.679097
          0.679095
          0.679092
          0.679093
          0.679092
          0.679091
          0.679092
          0.679092
          0.679093
          0.679095
          0.679095
          0.679091
          0.679093
          0.679094
          0.679095
          0.679096
          0.679098
          0.679099
          0.679100
          0.679100
          0.679101
          0.679102
          0.679103
          0.679103
          0.679105
          0.679105
          0.679106
          0.679106
          0.679107
          0.679107
          0.679107
          0.679109
          0.679108
          0.679109
          0.679110
          0.679109
          0.679110
          0.679110
          0.679111
          0.679111
          0.679111
          0.679112
          0.679112
          0.679111
          0.679112
          0.679113
          0.679112
          0.679112
          0.679113
          0.679113
          0.679113
          0.679114
          0.679114
          0.679115
          0.679115
          0.679115
          0.679115
          0.679116
          0.679116
          0.679115
          0.679116
          0.679115
          0.679116
          0.679116
          0.679117
          0.679117
          0.679116
          0.679117
          0.679116
          0.679116
          0.679116
          0.679116
          0.679116
          0.679116
          0.679116
          0.679116
          0.679116
          0.679116
          0.679116
          0.679116
          0.679116
          0.679116
          0.679115
          0.679115
          0.679115
          0.679115
          0.679115
          0.679115
          0.679115
          0.679115
          0.679114
          0.679115
          0.679115
          0.679116
          0.679116
          0.679116
          0.679117
          0.679116
          0.679115
          0.679115
          0.679116
          0.679116
          0.679116
          0.679116
          0.679116
          0.679116
          0.679116
          0.679116
          0.679116
          0.679115
          0.679116
          0.679116
          0.679116
          0.679116
          0.679116
          0.679116
          0.679116
          0.679116
          0.679116
          0.679117
          0.679116
          0.679117
          0.679116
          0.679117
          0.679115
          0.679116
          0.679116
          0.679116
          0.679115
          0.679116
          0.679116
          0.679116
          0.679116
          0.679115
          0.679116
          0.679115
          0.679116
          0.679115
          0.679115
          0.679115
          0.679116
          0.679116
          0.679116
          0.679115
          0.679116
          0.679115
          0.679115
          0.679115
          0.679115
          0.679115
          0.679116
          0.679115
          0.679116
          0.679116
          0.679116
          0.679116
          0.679115
          0.679116
          0.679116
          0.679116
          0.679116
          0.679116
          0.679117
          0.679116
          0.679116
          0.679116
          0.679116
          0.679116
          0.679117
          0.679116
          0.679116
          0.679116
          0.679117
          0.679116
          0.679115
          0.679116
          0.679116
          0.679116
          0.679117
          0.679116
          0.679116
          0.679116
          0.679116
          0.679115
          0.679115
          0.679116
          0.679115
          0.679115
          0.679115
          0.679115
          0.679115
          0.679115
          0.679116
          0.679116
          0.679115
          0.679115
          0.679116
          0.679115
          0.679115
          0.679115
          0.679114
          0.679115
          0.679116
          0.679114
          0.679116
          0.679115
          0.679115
          0.679115
          0.679116
          0.679116
          0.679117
          0.679118
          0.679116
         -0.002565
         -0.000920
         -0.000935
         -0.000878
         -0.000795
         -0.000708
         -0.000625
         -0.000551
         -0.000482
         -0.000422
         -0.000370
         -0.000322
         -0.000280
         -0.000243
         -0.000211
         -0.000183
         -0.000158
         -0.000137
         -0.000118
         -0.000101
         -0.000086
         -0.000073
         -0.000062
         -0.000051
         -0.000043
         -0.000035
         -0.000027
         -0.000021
         -0.000015
         -0.000011
         -0.000006
         -0.000003
          0.000001
          0.000004
          0.000006
          0.000008
          0.000010
          0.000011
          0.000012
          0.000013
          0.000014
          0.000016
          0.000015
          0.000015
          0.000016
          0.000015
          0.000015
          0.000015
          0.000014
          0.000014
          0.000015
          0.000014
          0.000013
          0.000013
          0.000013
          0.000012
          0.000012
          0.000011
          0.000011
          0.000010
          0.000010
          0.000009
          0.000010
          0.000008
          0.000009
          0.000008
          0.000008
          0.000007
          0.000007
          0.000007
          0.000006
          0.000007
          0.000006
          0.000005
          0.000006
          0.000005
          0.000005
          0.000005
          0.000005
          0.000004
          0.000004
          0.000004
          0.000005
          0.000004
          0.000004
          0.000004
          0.000004
          0.000003
          0.000004
          0.000004
          0.000003
          0.000003
          0.000002
          0.000001
          0.000002
          0.000002
          0.000001
          0.000001
          0.000002
          0.000001
          0.000002
          0.000001
          0.000001
          0.000000
          0.000000
          0.000001
         -0.000000
          0.000001
          0.000001
          0.000001
          0.000001
          0.000001
          0.000001
          0.000000
          0.000001
          0.000001
          0.000001
          0.000001
          0.000001
          0.000001
          0.000001
          0.000001
          0.000002
          0.000001
          0.000001
          0.000002
          0.000002
          0.000002
          0.000002
          0.000002
          0.000001
          0.000001
          0.000000
          0.000001
          0.000001
         -0.000000
          0.000000
          0.000001
          0.000002
          0.000001
          0.000001
          0.000001
         -0.000000
          0.000001
          0.000000
          0.000000
          0.000000
          0.000000
          0.000001
          0.000000
          0.000001
          0.000001
          0.000000
          0.000000
          0.000001
          0.000000
          0.000001
          0.000001
         -0.000001
          0.000001
         -0.000000
          0.000000
         -0.000000
          0.000001
          0.000000
          0.000000
          0.000000
          0.000001
         -0.000000
          0.000001
          0.000000
          0.000000
          0.000001
          0.000001
          0.000001
          0.000000
          0.000001
          0.000002
          0.000001
          0.000000
          0.000000
          0.000000
          0.000001
          0.000000
          0.000001
          0.000001
          0.000001
          0.000001
          0.000001
          0.000000
          0.000002
          0.000000
          0.000001
          0.000001
          0.000001
          0.000001
          0.000001
         -0.000000
          0.000001
          0.000001
         -0.000000
         -0.000001
          0.000000
         -0.000000
         -0.000000
          0.000000
          0.000001
         -0.000001
         -0.000000
         -0.000000
         -0.000000
         -0.000001
          0.000000
          0.000001
         -0.000000
          0.000000
          0.000000
         -0.000001
          0.000001
         -0.000000
          0.000000
         -0.000000
          0.000001
          0.000001
          0.000000
          0.000001
          0.000001
          0.000001
          0.000001
          0.000001
          0.000001
          0.000000
          0.000000
          0.000001
          0.000001
          0.000000
          0.000001
          0.000001
          0.000001
          0.000002
          0.000001
          0.000000
          0.000002
          0.000000
          0.000001
          0.000001
          0.000001
          0.000000
         -0.000001
         -0.000003
         -0.000004
         -0.000000
