  8.666383364208241E-003  8.666006073273334E-003  8.665065763300435E-003
  8.663642761155962E-003  8.661919969082933E-003  8.660098873763176E-003
  8.658265354889519E-003  8.656536123681136E-003  8.654821104924137E-003
  8.653263713442227E-003  8.651800986719697E-003  8.650416644212313E-003
  8.649130010361491E-003  8.647961812828394E-003  8.646911090780489E-003
  8.645944330612568E-003  8.645052740064645E-003  8.644253253486443E-003
  8.643529758163990E-003  8.642871765378575E-003  8.642278106819912E-003
  8.641734540762561E-003  8.641267030960771E-003  8.640796324074006E-003
  8.640422490770220E-003  8.640063988223909E-003  8.639730432827718E-003
  8.639436672190078E-003  8.639147772744264E-003  8.638934727202705E-003
  8.638706232563973E-003  8.638506979318290E-003  8.638335560992102E-003
  8.638173238069145E-003  8.638027505645227E-003  8.637907595123822E-003
  8.637795882699344E-003  8.637695370293788E-003  8.637619508565893E-003
  8.637539556587222E-003  8.637476361384639E-003  8.637372038550513E-003
  8.637363836662344E-003  8.637328540299296E-003  8.637259570169037E-003
  8.637239196786032E-003  8.637208404337444E-003  8.637188537211637E-003
  8.637202623997196E-003  8.637174259902073E-003  8.637148555232623E-003
  8.637156684928388E-003  8.637146271855384E-003  8.637128983463095E-003
  8.637112785996352E-003  8.637139249033575E-003  8.637122804417387E-003
  8.637126084729481E-003  8.637114273121591E-003  8.637121985150474E-003
  8.637119959486995E-003  8.637132761988804E-003  8.637112523026255E-003
  8.637148631675995E-003  8.637120088216465E-003  8.637136629232621E-003
  8.637137858806885E-003  8.637154442022465E-003  8.637146879508020E-003
  8.637138211024692E-003  8.637176318100381E-003  8.637142628949109E-003
  8.637176027391865E-003  8.637187543741010E-003  8.637158981519209E-003
  8.637182232890783E-003  8.637174388308463E-003  8.637193106739742E-003
  8.637197698557406E-003  8.637206072836070E-003  8.637207192333185E-003
  8.637215090823307E-003  8.637180311126048E-003  8.637223680880764E-003
  8.637230458745891E-003  8.637221594016633E-003  8.637209099311077E-003
  8.637248594951370E-003  8.637224230161274E-003  8.637236058594932E-003
  8.637254361241626E-003  8.637243745874738E-003  8.637274837975890E-003
  8.637303515868673E-003  8.637275995669684E-003  8.637275953020034E-003
  8.637303266261548E-003  8.637303470148440E-003  8.637272582424010E-003
  8.637310872094328E-003  8.637277147372273E-003  8.637325773763449E-003
  8.637314042294295E-003  8.637334703243103E-003  8.637340704723519E-003
  8.637314097050987E-003  8.637357416355584E-003  8.637316965572619E-003
  8.637316189049459E-003  8.637320340038510E-003  8.637327480621864E-003
  8.637307388977146E-003  8.637327324105085E-003  8.637336759658091E-003
  8.637321955545608E-003  8.637324427036113E-003  8.637327427863164E-003
  8.637332613322519E-003  8.637316807053907E-003  8.637331616162234E-003
  8.637335666660167E-003  8.637318268666412E-003  8.637310320589415E-003
  8.637319041739431E-003  8.637315914078909E-003  8.637305264588288E-003
  8.637297425206499E-003  8.637306294817831E-003  8.637297790526102E-003
  8.637282848300190E-003  8.637322716913936E-003  8.637315320891480E-003
  8.637350714993754E-003  8.637339232338351E-003  8.637337827217156E-003
  8.637379601880248E-003  8.637361727042438E-003  8.637337322728665E-003
  8.637309201349530E-003  8.637344791479410E-003  8.637337557139340E-003
  8.637348652883108E-003  8.637374266112621E-003  8.637351307257995E-003
  8.637372127888553E-003  8.637370050322909E-003  8.637371651745938E-003
  8.637368616339262E-003  8.637342474433148E-003  8.637374314580082E-003
  8.637364786039351E-003  8.637360233533587E-003  8.637374148025297E-003
  8.637370976636269E-003  8.637354228366348E-003  8.637364428671366E-003
  8.637356953020729E-003  8.637358025767271E-003  8.637404246573317E-003
  8.637363849202466E-003  8.637387482705254E-003  8.637377679504184E-003
  8.637392716767268E-003  8.637349665429643E-003  8.637380080436075E-003
  8.637374991280894E-003  8.637372921125578E-003  8.637360444235555E-003
  8.637389947462278E-003  8.637365766325376E-003  8.637385730726536E-003
  8.637385563396927E-003  8.637352548475056E-003  8.637371886182818E-003
  8.637367348209531E-003  8.637379360352830E-003  8.637364323938496E-003
  8.637342510481771E-003  8.637354453546783E-003  8.637378464142887E-003
  8.637391782987950E-003  8.637394032362805E-003  8.637369824201137E-003
  8.637395784212782E-003  8.637360438009398E-003  8.637372337540139E-003
  8.637356490521074E-003  8.637376541051218E-003  8.637361644724853E-003
  8.637390860525970E-003  8.637355860615850E-003  8.637391884471258E-003
  8.637383224227236E-003  8.637384072380745E-003  8.637387203753122E-003
  8.637361614152501E-003  8.637384985156994E-003  8.637411124999867E-003
  8.637381232105173E-003  8.637385266422324E-003  8.637408561969245E-003
  8.637436287993572E-003  8.637395934150199E-003  8.637411735807714E-003
  8.637409715236114E-003  8.637396542457069E-003  8.637381485623518E-003
  8.637433027043617E-003  8.637402849430494E-003  8.637402182866754E-003
  8.637401827137027E-003  8.637445667687508E-003  8.637392676892978E-003
  8.637368111712505E-003  8.637402942209943E-003  8.637391491422069E-003
  8.637387344350891E-003  8.637424916275239E-003  8.637383063230267E-003
  8.637413314269492E-003  8.637390908701465E-003  8.637402092367363E-003
  8.637380490278462E-003  8.637360260898053E-003  8.637399814830606E-003
  8.637382083467164E-003  8.637371428437813E-003  8.637370319743076E-003
  8.637384776365050E-003  8.637373616551319E-003  8.637375628138114E-003
  8.637396281470181E-003  8.637403395317060E-003  8.637361321960472E-003
  8.637369328261108E-003  8.637398729746943E-003  8.637366215378858E-003
  8.637393681043326E-003  8.637388029024206E-003  8.637361645553961E-003
  8.637373387807956E-003  8.637405790404590E-003  8.637346464603261E-003
  8.637401333890838E-003  8.637396465996051E-003  8.637385415433674E-003
  8.637366583574892E-003  8.637395511372773E-003  8.637421387196543E-003
  8.637455299583005E-003  8.637478084965801E-003  8.637405348938336E-003
   1.00011944611011        1.00011267811800        1.00010500531956     
   1.00009681628237        1.00008847288393        1.00008024947262     
   1.00007232088176        1.00006480138095        1.00005774051886     
   1.00005119357939        1.00004515281109        1.00003961692399     
   1.00003457962244        1.00003002069713        1.00002590765274     
   1.00002220429375        1.00001888238516        1.00001591460646     
   1.00001326707248        1.00001091045927        1.00000881869066     
   1.00000696607175        1.00000533156887        1.00000388628003     
   1.00000262676424        1.00000151815973        1.00000055186845     
  0.999999716688151       0.999998996930219       0.999998388236020     
  0.999997864022536       0.999997426913906       0.999997065569426     
  0.999996769279749       0.999996533497799       0.999996351406449     
  0.999996213442016       0.999996115798677       0.999996053847364     
  0.999996018937885       0.999996011564155       0.999996025719753     
  0.999996073713788       0.999996124361577       0.999996185721306     
  0.999996267985842       0.999996355322446       0.999996450641811     
  0.999996550235207       0.999996643306707       0.999996743316507     
  0.999996849478548       0.999996950749420       0.999997052837661     
  0.999997157817003       0.999997265272912       0.999997361734290     
  0.999997460907626       0.999997556709801       0.999997653984204     
  0.999997746638594       0.999997837811057       0.999997922922977     
  0.999998012546829       0.999998089032935       0.999998173001019     
  0.999998250303417       0.999998325850112       0.999998394939492     
  0.999998465425593       0.999998537798853       0.999998597415453     
  0.999998667029359       0.999998725540006       0.999998780071316     
  0.999998843403650       0.999998899180135       0.999998957208833     
  0.999999009149534       0.999999059567382       0.999999107407221     
  0.999999155042178       0.999999200378286       0.999999256797412     
  0.999999299440705       0.999999339883440       0.999999383058437     
  0.999999429952530       0.999999464018452       0.999999505284931     
  0.999999542066808       0.999999572124697       0.999999604496156     
  0.999999626003936       0.999999637545813       0.999999656988472     
  0.999999675606170       0.999999684813063       0.999999693286816     
  0.999999710842240       0.999999715589274       0.999999730184607     
  0.999999728562420       0.999999729870603       0.999999724039443     
  0.999999715935583       0.999999716031226       0.999999702403069     
  0.999999701685251       0.999999701397692       0.999999699966305     
  0.999999696441626       0.999999699443210       0.999999696315835     
  0.999999690559307       0.999999689944674       0.999999689107036     
  0.999999687930956       0.999999685830769       0.999999689552654     
  0.999999689509728       0.999999689288520       0.999999695735528     
  0.999999705866632       0.999999714325796       0.999999724847976     
  0.999999739765454       0.999999758049188       0.999999774250759     
  0.999999793676584       0.999999818042222       0.999999829777436     
  0.999999843730493       0.999999846396043       0.999999852648983     
  0.999999859362658       0.999999853056196       0.999999852775841     
  0.999999860595121       0.999999877441328       0.999999882965499     
  0.999999890634541       0.999999894599395       0.999999890391728     
  0.999999893407449       0.999999889809663       0.999999886906423     
  0.999999883611785       0.999999881468334       0.999999887686156     
  0.999999883823046       0.999999882965559       0.999999883506398     
  0.999999879648076       0.999999876819569       0.999999879256407     
  0.999999878420429       0.999999879852878       0.999999880757707     
  0.999999866966557       0.999999865972390       0.999999857632609     
  0.999999852633933       0.999999843206028       0.999999847718960     
  0.999999842889522       0.999999839989876       0.999999838079228     
  0.999999840486768       0.999999833951214       0.999999835462978     
  0.999999831167367       0.999999827552730       0.999999835091916     
  0.999999837166452       0.999999841296619       0.999999842238423     
  0.999999848595176       0.999999862340138       0.999999872621596     
  0.999999875588710       0.999999874763748       0.999999873840816     
  0.999999881329146       0.999999881405177       0.999999893412122     
  0.999999902304942       0.999999916651933       0.999999924959056     
  0.999999938133127       0.999999942126421       0.999999957107965     
  0.999999960515952       0.999999966422314       0.999999971798026     
  0.999999975904555       0.999999987664677       0.999999991393009     
  0.999999986207069       0.999999989837183       0.999999991429501     
  0.999999984851933       0.999999968889625       0.999999965199820     
  0.999999956086648       0.999999947230201       0.999999942106649     
  0.999999941172504       0.999999923381274       0.999999914727238     
  0.999999905995966       0.999999897197327       0.999999874580374     
  0.999999868957592       0.999999871268159       0.999999862656333     
  0.999999857766844       0.999999854242736       0.999999839020131     
  0.999999837312854       0.999999826464226       0.999999823264066     
  0.999999817237611       0.999999818836015       0.999999827505621     
  0.999999824227642       0.999999827023133       0.999999833506704     
  0.999999840470309       0.999999842677133       0.999999847790231     
  0.999999850962759       0.999999845419173       0.999999834220459     
  0.999999830857881       0.999999816297466       0.999999779086555     
  0.999999731840951       0.999999645103714       0.999999513615825     
  0.999999320336594       0.999999017665669       0.999998546065401     
  0.999997854975182       0.999996789002969       0.999995188295441     
  0.999992786737399       0.999989184570013       0.999983763483090     
  0.999975620027786       0.999963395353662       0.999945058663066     
   1.51120130612213        1.51155730973952        1.51159440275808     
   1.51146759779171        1.51128519559876        1.51109810072214     
   1.51092256122794        1.51076928074819        1.51062877415906     
   1.51051142660324        1.51040928873351        1.51031829829058     
   1.51023955374437        1.51017236735330        1.51011616279482     
   1.51006663074242        1.51002315438373        1.50998689627591     
   1.50995619384946        1.50992878115067        1.50990524368256     
   1.50988437307651        1.50986832923889        1.50985015266604     
   1.50983865362426        1.50982717348745        1.50981597507873     
   1.50980744171053        1.50979798857754        1.50979340330115     
   1.50978662116725        1.50978157640019        1.50977797332110     
   1.50977408994397        1.50977117750303        1.50976944235646     
   1.50976768100660        1.50976666247227        1.50976613144190     
   1.50976521455633        1.50976546634245        1.50976190894325     
   1.50976542957642        1.50976623507004        1.50976479817857     
   1.50976659651693        1.50976746765061        1.50976875676977     
   1.50977169315552        1.50977186434362        1.50977031564300     
   1.50977317512164        1.50977427054052        1.50977510804204     
   1.50977572622598        1.50977894735484        1.50977903440068     
   1.50978013528656        1.50978049609140        1.50978184916491     
   1.50978261792040        1.50978441448250        1.50978380266707     
   1.50978694123619        1.50978539890069        1.50978698085485     
   1.50978758532973        1.50978936024230        1.50978917607464     
   1.50978875707508        1.50979125343924        1.50978944293602     
   1.50979200669910        1.50979255130715        1.50979073006811     
   1.50979230994281        1.50979213157614        1.50979347911128     
   1.50979379377712        1.50979407383713        1.50979394765494     
   1.50979431791901        1.50979200488857        1.50979515647961     
   1.50979529956898        1.50979446475248        1.50979382919071     
   1.50979617425304        1.50979424938039        1.50979525977214     
   1.50979676913923        1.50979637264862        1.50979828564992     
   1.50979975513486        1.50979775481517        1.50979819363394     
   1.50979980959627        1.50979959989977        1.50979766741495     
   1.50980004747493        1.50979783644066        1.50980116990560     
   1.50980037823803        1.50980174232208        1.50980191480190     
   1.50980007433192        1.50980281700340        1.50980011511196     
   1.50980004394982        1.50980017032558        1.50980082606906     
   1.50979944478731        1.50980117350631        1.50980129522083     
   1.50980035165764        1.50980033121811        1.50980051788358     
   1.50980088256645        1.50979969441665        1.50980075707466     
   1.50980039485689        1.50979926310188        1.50979840477814     
   1.50979912207576        1.50979878266786        1.50979792989652     
   1.50979736104031        1.50979784692372        1.50979695752707     
   1.50979609491433        1.50979891348909        1.50979820569279     
   1.50980023813259        1.50979938595415        1.50979930668544     
   1.50980158992720        1.50979982655212        1.50979815929771     
   1.50979670188954        1.50979936977528        1.50979860447857     
   1.50979959016160        1.50980067620699        1.50979884876273     
   1.50980034941547        1.50980004546971        1.50980015777318     
   1.50979961236827        1.50979785599805        1.50980023200028     
   1.50979936799561        1.50979933954973        1.50980000795016     
   1.50979960436016        1.50979884151288        1.50979947656983     
   1.50979882938431        1.50979914958364        1.50980192823599     
   1.50979914177022        1.50980084962684        1.50979972550291     
   1.50980078130067        1.50979781449331        1.50980017174434     
   1.50979947373663        1.50979965461329        1.50979846483295     
   1.50980029607853        1.50979889527447        1.50980010178616     
   1.50980014742480        1.50979752449416        1.50979891960843     
   1.50979833073257        1.50979936777527        1.50979781667313     
   1.50979669422898        1.50979769086920        1.50979924688608     
   1.50979978415701        1.50979976975674        1.50979766352645     
   1.50979922993896        1.50979670883594        1.50979739784377     
   1.50979646447039        1.50979778676807        1.50979663081276     
   1.50979851961148        1.50979617942584        1.50979862744701     
   1.50979801508435        1.50979816815504        1.50979811702860     
   1.50979636743342        1.50979827559624        1.50979989790318     
   1.50979764260666        1.50979825850118        1.50979991284656     
   1.50980142381797        1.50979873921916        1.50979989052104     
   1.50979945337487        1.50979874615998        1.50979806978894     
   1.50980182266577        1.50979971634154        1.50979993670876     
   1.50979976453725        1.50980250071812        1.50979869728586     
   1.50979748873754        1.50979994067394        1.50979882970837     
   1.50979893261632        1.50980124514888        1.50979856726362     
   1.50980067932307        1.50979909202507        1.50979983344781     
   1.50979804267855        1.50979672877140        1.50979921566097     
   1.50979800734319        1.50979771169285        1.50979731383134     
   1.50979813704282        1.50979719693571        1.50979750909486     
   1.50979882164172        1.50979883175597        1.50979609294417     
   1.50979666011703        1.50979861019795        1.50979610545735     
   1.50979771086221        1.50979739971735        1.50979518202350     
   1.50979631586991        1.50979821028974        1.50979416779011     
   1.50979785437210        1.50979723972792        1.50979635220386     
   1.50979511712980        1.50979745784510        1.50979916797274     
   1.50980126841509        1.50980224302430        1.50979792634640     
  0.683544950520257       0.682791383161070       0.682274179631902     
  0.681859376849560       0.681513142943995       0.681220438629225     
  0.680966071811733       0.680747838856813       0.680546831417150     
  0.680373974784433       0.680219430413865       0.680077808264264     
  0.679951780026999       0.679840393086628       0.679743912676283     
  0.679656544188925       0.679582418833898       0.679521891783771     
  0.679468845569057       0.679420840376206       0.679378547520292     
  0.679340596407222       0.679308935643821       0.679276970048332     
  0.679252316155127       0.679229361025479       0.679208016220611     
  0.679189835933068       0.679172174889877       0.679159677894941     
  0.679146397635899       0.679135211463294       0.679126122992619     
  0.679117885533387       0.679112501161690       0.679108259529787     
  0.679104439731623       0.679101393332768       0.679099080114274     
  0.679096676811919       0.679095287435042       0.679091629558050     
  0.679092787174628       0.679092421753758       0.679091099262312     
  0.679091851123716       0.679092221351086       0.679092720531709     
  0.679094510802497       0.679094716893221       0.679090595613298     
  0.679092663092383       0.679093994293360       0.679095082371832     
  0.679096019390140       0.679097975958456       0.679098660890464     
  0.679099705603925       0.679100358569752       0.679101406894043     
  0.679102161783679       0.679103283165751       0.679103416768007     
  0.679105031452996       0.679104783734348       0.679105728308399     
  0.679106262432590       0.679107222069445       0.679107420526877     
  0.679107489157253       0.679108759695195       0.679108227974039     
  0.679109424381517       0.679109907876914       0.679109355300771     
  0.679110147388085       0.679110210078599       0.679110896410141     
  0.679111187240633       0.679111474572683       0.679111593904349     
  0.679111893133780       0.679111074321815       0.679112403136463     
  0.679112638277002       0.679112448055352       0.679112265960442     
  0.679113345702629       0.679112726832347       0.679113183890815     
  0.679113856297631       0.679113744050863       0.679114621929631     
  0.679115374700780       0.679114672445656       0.679114822827791     
  0.679115548818181       0.679115553648569       0.679114788280986     
  0.679115773137381       0.679114914489072       0.679116270217151     
  0.679115994850614       0.679116569208034       0.679116692581717     
  0.679115944728260       0.679117052425379       0.679115961450814     
  0.679115876784158       0.679115911962276       0.679116133669260     
  0.679115564510899       0.679116185327788       0.679116290549333     
  0.679115896430181       0.679115879366668       0.679115935098454     
  0.679116054640155       0.679115568771451       0.679115960147046     
  0.679115881684349       0.679115413508652       0.679115069552212     
  0.679115317305575       0.679115186319931       0.679114859309194     
  0.679114617257980       0.679114827013088       0.679114528102645     
  0.679114182947684       0.679115327237635       0.679115128157712     
  0.679116023143521       0.679115740834290       0.679115724254500     
  0.679116725083533       0.679116115602997       0.679115439559060     
  0.679114754785703       0.679115775908305       0.679115534850605     
  0.679115916819671       0.679116456816483       0.679115779668117     
  0.679116367463705       0.679116277508741       0.679116326364509     
  0.679116126266102       0.679115397624688       0.679116304560001     
  0.679115997946675       0.679115941881202       0.679116228010267     
  0.679116097783763       0.679115731229295       0.679115971941868     
  0.679115724231175       0.679115811040708       0.679116980688412     
  0.679115883865227       0.679116525794181       0.679116120814984     
  0.679116518491648       0.679115315886481       0.679116176007562     
  0.679115929913672       0.679115945915496       0.679115485499222     
  0.679116223906482       0.679115627808415       0.679116099215613     
  0.679116113346860       0.679115082164033       0.679115592556517     
  0.679115380717295       0.679115770563301       0.679115208730926     
  0.679114698675155       0.679115053459177       0.679115704134689     
  0.679116001206875       0.679116049184149       0.679115257633500     
  0.679115898139730       0.679114902915013       0.679115160518082     
  0.679114776678933       0.679115315660490       0.679114895289669     
  0.679115688555035       0.679114776897104       0.679115763688093     
  0.679115555335430       0.679115630680480       0.679115665821952     
  0.679114975528676       0.679115694394234       0.679116407271317     
  0.679115561615520       0.679115759578244       0.679116428494049     
  0.679117113641245       0.679116053673182       0.679116468579367     
  0.679116318887385       0.679115991319038       0.679115642774964     
  0.679117098106668       0.679116275937605       0.679116300332441     
  0.679116223595447       0.679117344593924       0.679115835977550     
  0.679115221942707       0.679116152341716       0.679115734622157     
  0.679115699666824       0.679116636676942       0.679115544367859     
  0.679116343573527       0.679115704106428       0.679115967207396     
  0.679115263323045       0.679114681223437       0.679115678487355     
  0.679115209166470       0.679115016880005       0.679114882973883     
  0.679115229908796       0.679114887065795       0.679114996735760     
  0.679115549581661       0.679115639544747       0.679114529149501     
  0.679114736322845       0.679115545173394       0.679114609280940     
  0.679115294249588       0.679115193922336       0.679114371421546     
  0.679114794913066       0.679115638396483       0.679114060734706     
  0.679115555287877       0.679115420240024       0.679115119342105     
  0.679114632075183       0.679115550746700       0.679116307672425     
  0.679117249787609       0.679117786079016       0.679115977295309     
 -2.564756926849386E-003 -9.199915373327089E-004 -9.347254886921372E-004
 -8.778868688672176E-004 -7.950262450920321E-004 -7.083447548373930E-004
 -6.252901463610655E-004 -5.511166025429454E-004 -4.817911532667324E-004
 -4.224497698128679E-004 -3.697016446871123E-004 -3.219179493045757E-004
 -2.797007744718835E-004 -2.429462998637246E-004 -2.114264864127405E-004
 -1.832406126843831E-004 -1.581055109680595E-004 -1.365779714955627E-004
 -1.178948241581337E-004 -1.010866305765609E-004 -8.634912895361995E-005
 -7.312066877876997E-005 -6.240510623433957E-005 -5.098418432186777E-005
 -4.288551429776532E-005 -3.500060753204000E-005 -2.749723819322027E-005
 -2.139539053874620E-005 -1.504515843971022E-005 -1.113794408815095E-005
 -6.356461295417146E-006 -2.517986477035294E-006  5.218449154319446E-007
  3.547278033052471E-006  6.045576912353115E-006  7.889895415086383E-006
  9.637634921003891E-006  1.097648287744664E-005  1.195619826882647E-005
  1.306952866617719E-005  1.357977440769633E-005  1.579784487347836E-005
  1.463783944651040E-005  1.469911613788185E-005  1.580827415628196E-005
  1.533513664331674E-005  1.526856741349334E-005  1.495409415267124E-005
  1.379293239639241E-005  1.394726240756661E-005  1.477845415095904E-005
  1.365036862848854E-005  1.332049896178935E-005  1.309980997669720E-005
  1.295368352752960E-005  1.154639461631436E-005  1.159586399266237E-005
  1.113758829798262E-005  1.103761082411133E-005  1.045232952351631E-005
  1.014853648043831E-005  9.343783755953729E-006  9.658085594589925E-006
  8.175480490243969E-006  8.915153460934536E-006  8.168427682762908E-006
  7.899086168252302E-006  7.057759943189970E-006  7.135960872997405E-006
  7.316911422204639E-006  6.068701095911810E-006  6.939962501858021E-006
  5.692354546609192E-006  5.373357937752024E-006  6.206056802390139E-006
  5.403884402925981E-006  5.460050082322544E-006  4.795004699917463E-006
  4.627642587208410E-006  4.455495396462719E-006  4.478550645879913E-006
  4.244182979076151E-006  5.318114420983156E-006  3.799817960805219E-006
  3.693242157564146E-006  4.053067171511347E-006  4.331581187639011E-006
  3.165614080797147E-006  4.045401048970475E-006  3.528942069333824E-006
  2.783424631552940E-006  2.953177574738119E-006  2.002440431650455E-006
  1.267405584304873E-006  2.215395444061453E-006  2.041065569948270E-006
  1.252382871399340E-006  1.329649997455540E-006  2.254679379391114E-006
  1.094689845484024E-006  2.160899187760462E-006  5.746626637174099E-007
  9.504525122193065E-007  2.941425420623274E-007  2.095967734011330E-007
  1.083390757524547E-006 -2.406967259969102E-007  1.055581309273960E-006
  1.092224616934425E-006  1.022929519699671E-006  7.078253425104236E-007
  1.360716066186897E-006  5.434238156506809E-007  4.158112272678164E-007
  8.460122153003059E-007  8.279144694848102E-007  7.312661148637395E-007
  5.497220263900298E-007  1.096923701186763E-006  5.828674975121502E-007
  6.944483103938126E-007  1.223749951630678E-006  1.604861598100591E-006
  1.256170653124280E-006  1.371948239150820E-006  1.736461888212176E-006
  1.981789838233099E-006  1.728256127027791E-006  2.114457238844969E-006
  2.498190806335642E-006  1.112676568312464E-006  1.398892872872877E-006
  3.838067897243781E-007  7.474936352498017E-007  7.548681503071618E-007
 -3.737952943864290E-007  4.335404198680448E-007  1.216733741493261E-006
  1.947277835511355E-006  6.788822167944471E-007  1.004906934807991E-006
  5.331584068431774E-007 -4.328982014778710E-008  8.055831974060863E-007
  8.130090016441125E-008  2.032038184422816E-007  1.497232402989664E-007
  3.992710296988842E-007  1.253456159692470E-006  1.449392729041870E-007
  5.294169835820870E-007  5.597531914001560E-007  2.128726158670762E-007
  3.762516233258302E-007  7.555914870448453E-007  4.259203776786028E-007
  7.012507669084121E-007  5.521151237754733E-007 -7.982694750516800E-007
  5.358440932347762E-007 -2.637110814864423E-007  2.597253666830415E-007
 -2.233973109671119E-007  1.201782393152692E-006  9.769542209912870E-008
  4.091588417185815E-007  3.559232595328029E-007  8.936486663906498E-007
 -5.419655768371564E-009  6.562621145138706E-007  6.506457371936080E-008
  5.309738025258298E-008  1.288144048548254E-006  6.234909556498108E-007
  8.713047483013105E-007  3.837532968057382E-007  1.076522818704734E-006
  1.613563820305367E-006  1.127672136939445E-006  3.429851126953994E-007
  3.978898123204375E-008  3.525117638249357E-008  9.891684965134467E-007
  2.214599056799007E-007  1.413379719922147E-006  1.050741594950161E-006
  1.487905271080448E-006  8.470808211673828E-007  1.383854739413692E-006
  4.770603749343259E-007  1.575789648780418E-006  3.886717634571265E-007
  6.740836555335681E-007  6.046216242381933E-007  6.223969105608297E-007
  1.456552559731028E-006  5.554156239098121E-007 -2.445237309512664E-007
  8.089030397590165E-007  5.491199191937327E-007 -2.205360754106758E-007
 -9.854452382857520E-007  2.985512860265052E-007 -2.239952973575089E-007
 -1.451714783437931E-008  3.576467789621799E-007  7.215143413081489E-007
 -1.050882100879626E-006 -3.325576971269406E-008 -1.151832248579543E-007
 -5.843632312142554E-008 -1.382389397571954E-006  4.319286105310226E-007
  1.044693211414572E-006 -1.320796695254862E-007  3.684818054214299E-007
  3.358957742839657E-007 -7.891583021947516E-007  5.034527911379579E-007
 -4.925221073957241E-007  2.576371929074091E-007 -1.021723042918070E-007
  7.211988600669681E-007  1.332404636428671E-006  1.195744621253304E-007
  6.845891853727083E-007  8.591508827578305E-007  1.035353391383542E-006
  6.222533616699247E-007  1.019104720306253E-006  8.445117560431995E-007
  1.884141222747234E-007  1.407856647367882E-007  1.444445707115679E-006
  1.154736047628852E-006  2.036059175606167E-007  1.361527745604783E-006
  5.741056942971856E-007  7.205761472357273E-007  1.737730106780667E-006
  1.205265492107477E-006  2.677142405197107E-007  2.167347852556346E-006
  3.701856164499143E-007  5.840240530575060E-007  9.158692209482114E-007
  1.368236621360075E-006  6.011263175872386E-008 -1.086422963283368E-006
 -2.593699404435451E-006 -3.741599671981891E-006 -8.096607698347257E-008
