          1.269424
          1.269381
          1.269335
          1.269287
          1.269239
          1.269195
          1.269155
          1.269122
          1.269091
          1.269065
          1.269042
          1.269022
          1.269003
          1.268988
          1.268975
          1.268963
          1.268953
          1.268944
          1.268936
          1.268929
          1.268923
          1.268918
          1.268914
          1.268909
          1.268907
          1.268904
          1.268901
          1.268899
          1.268896
          1.268895
          1.268894
          1.268893
          1.268892
          1.268891
          1.268890
          1.268890
          1.268889
          1.268889
          1.268889
          1.268889
          1.268889
          1.268888
          1.268889
          1.268889
          1.268889
          1.268889
          1.268890
          1.268890
          1.268891
          1.268891
          1.268891
          1.268892
          1.268892
          1.268892
          1.268892
          1.268893
          1.268893
          1.268893
          1.268893
          1.268893
          1.268893
          1.268894
          1.268893
          1.268894
          1.268894
          1.268894
          1.268894
          1.268895
          1.268895
          1.268894
          1.268895
          1.268894
          1.268895
          1.268895
          1.268895
          1.268895
          1.268895
          1.268895
          1.268895
          1.268895
          1.268895
          1.268895
          1.268894
          1.268896
          1.268896
          1.268895
          1.268895
          1.268896
          1.268895
          1.268895
          1.268896
          1.268895
          1.268896
          1.268897
          1.268896
          1.268896
          1.268897
          1.268896
          1.268896
          1.268896
          1.268895
          1.268897
          1.268896
          1.268897
          1.268897
          1.268896
          1.268897
          1.268896
          1.268896
          1.268896
          1.268896
          1.268896
          1.268896
          1.268896
          1.268896
          1.268896
          1.268896
          1.268896
          1.268896
          1.268896
          1.268896
          1.268895
          1.268895
          1.268895
          1.268895
          1.268895
          1.268895
          1.268895
          1.268895
          1.268894
          1.268895
          1.268895
          1.268896
          1.268895
          1.268895
          1.268896
          1.268896
          1.268895
          1.268894
          1.268895
          1.268895
          1.268895
          1.268896
          1.268895
          1.268896
          1.268895
          1.268895
          1.268895
          1.268895
          1.268895
          1.268895
          1.268895
          1.268895
          1.268895
          1.268895
          1.268895
          1.268895
          1.268895
          1.268896
          1.268895
          1.268895
          1.268895
          1.268895
          1.268894
          1.268895
          1.268895
          1.268895
          1.268894
          1.268895
          1.268895
          1.268895
          1.268895
          1.268894
          1.268895
          1.268894
          1.268895
          1.268894
          1.268894
          1.268894
          1.268895
          1.268895
          1.268895
          1.268894
          1.268895
          1.268894
          1.268894
          1.268894
          1.268894
          1.268894
          1.268894
          1.268894
          1.268894
          1.268894
          1.268894
          1.268894
          1.268894
          1.268894
          1.268895
          1.268894
          1.268894
          1.268895
          1.268895
          1.268894
          1.268895
          1.268895
          1.268894
          1.268894
          1.268895
          1.268895
          1.268895
          1.268895
          1.268896
          1.268894
          1.268894
          1.268895
          1.268894
          1.268894
          1.268895
          1.268894
          1.268895
          1.268894
          1.268895
          1.268894
          1.268893
          1.268894
          1.268894
          1.268894
          1.268894
          1.268894
          1.268894
          1.268894
          1.268894
          1.268894
          1.268893
          1.268893
          1.268894
          1.268893
          1.268894
          1.268894
          1.268893
          1.268893
          1.268894
          1.268893
          1.268894
          1.268894
          1.268893
          1.268893
          1.268894
          1.268895
          1.268895
          1.268896
          1.268894
