         13.371165
         13.367127
         13.367364
         13.367586
         13.367792
         13.367992
         13.368190
         13.368384
         13.368572
         13.368751
         13.368921
         13.369080
         13.369227
         13.369364
         13.369491
         13.369607
         13.369714
         13.369813
         13.369903
         13.369986
         13.370062
         13.370132
         13.370197
         13.370256
         13.370311
         13.370362
         13.370408
         13.370452
         13.370492
         13.370529
         13.370563
         13.370595
         13.370625
         13.370653
         13.370678
         13.370703
         13.370725
         13.370746
         13.370766
         13.370785
         13.370802
         13.370819
         13.370834
         13.370849
         13.370863
         13.370876
         13.370888
         13.370900
         13.370911
         13.370921
         13.370931
         13.370941
         13.370950
         13.370958
         13.370966
         13.370974
         13.370982
         13.370989
         13.370995
         13.371002
         13.371008
         13.371014
         13.371020
         13.371025
         13.371030
         13.371035
         13.371040
         13.371045
         13.371049
         13.371054
         13.371058
         13.371062
         13.371066
         13.371070
         13.371073
         13.371077
         13.371080
         13.371083
         13.371087
         13.371090
         13.371093
         13.371096
         13.371099
         13.371101
         13.371104
         13.371107
         13.371109
         13.371112
         13.371114
         13.371117
         13.371119
         13.371121
         13.371123
         13.371125
         13.371127
         13.371129
         13.371131
         13.371133
         13.371135
         13.371137
         13.371138
         13.371140
         13.371142
         13.371143
         13.371145
         13.371146
         13.371147
         13.371149
         13.371150
         13.371151
         13.371153
         13.371154
         13.371155
         13.371156
         13.371157
         13.371158
         13.371159
         13.371161
         13.371162
         13.371163
         13.371164
         13.371165
         13.371166
         13.371167
         13.371168
         13.371169
         13.371170
         13.371171
         13.371172
         13.371173
         13.371173
         13.371174
         13.371175
         13.371176
         13.371177
         13.371178
         13.371179
         13.371179
         13.371180
         13.371181
         13.371182
         13.371182
         13.371183
         13.371183
         13.371184
         13.371184
         13.371185
         13.371185
         13.371186
         13.371186
         13.371186
         13.371187
         13.371187
         13.371187
         13.371188
         13.371188
         13.371188
         13.371188
         13.371189
         13.371189
         13.371189
         13.371189
         13.371190
         13.371190
         13.371190
         13.371191
         13.371191
         13.371191
         13.371192
         13.371192
         13.371193
         13.371193
         13.371194
         13.371194
         13.371195
         13.371195
         13.371196
         13.371196
         13.371197
         13.371197
         13.371197
         13.371198
         13.371198
         13.371199
         13.371199
         13.371199
         13.371199
         13.371200
         13.371200
         13.371200
         13.371200
         13.371200
         13.371200
         13.371200
         13.371200
         13.371200
         13.371199
         13.371199
         13.371199
         13.371199
         13.371199
         13.371198
         13.371198
         13.371198
         13.371198
         13.371198
         13.371198
         13.371198
         13.371198
         13.371198
         13.371198
         13.371198
         13.371198
         13.371199
         13.371199
         13.371200
         13.371200
         13.371201
         13.371201
         13.371202
         13.371202
         13.371203
         13.371203
         13.371204
         13.371205
         13.371205
         13.371206
         13.371206
         13.371206
         13.371207
         13.371207
         13.371207
         13.371208
         13.371208
         13.371208
         13.371208
         13.371207
         13.371207
         13.371207
         13.371207
         13.371206
         13.371206
         13.371205
         13.371205
         13.371205
         13.371204
         13.371204
         13.371204
         13.371204
         13.371204
         13.371204
         13.371204
         13.371204
