          0.614189
          0.614487
          0.614532
          0.614576
          0.614619
          0.614659
          0.614697
          0.614733
          0.614766
          0.614797
          0.614826
          0.614852
          0.614876
          0.614898
          0.614919
          0.614938
          0.614956
          0.614972
          0.614987
          0.615001
          0.615014
          0.615025
          0.615036
          0.615046
          0.615056
          0.615064
          0.615072
          0.615080
          0.615087
          0.615093
          0.615099
          0.615105
          0.615110
          0.615114
          0.615119
          0.615123
          0.615127
          0.615130
          0.615134
          0.615137
          0.615140
          0.615143
          0.615145
          0.615148
          0.615150
          0.615152
          0.615154
          0.615156
          0.615158
          0.615159
          0.615161
          0.615162
          0.615164
          0.615165
          0.615166
          0.615168
          0.615169
          0.615170
          0.615171
          0.615172
          0.615172
          0.615173
          0.615174
          0.615175
          0.615176
          0.615176
          0.615177
          0.615177
          0.615178
          0.615179
          0.615179
          0.615180
          0.615180
          0.615181
          0.615181
          0.615181
          0.615182
          0.615182
          0.615183
          0.615183
          0.615183
          0.615184
          0.615184
          0.615184
          0.615184
          0.615185
          0.615185
          0.615185
          0.615185
          0.615186
          0.615186
          0.615186
          0.615186
          0.615186
          0.615186
          0.615187
          0.615187
          0.615187
          0.615187
          0.615187
          0.615187
          0.615187
          0.615188
          0.615188
          0.615188
          0.615188
          0.615188
          0.615188
          0.615188
          0.615188
          0.615188
          0.615188
          0.615189
          0.615189
          0.615189
          0.615189
          0.615189
          0.615189
          0.615189
          0.615189
          0.615189
          0.615189
          0.615189
          0.615189
          0.615189
          0.615189
          0.615189
          0.615190
          0.615190
          0.615190
          0.615190
          0.615190
          0.615190
          0.615190
          0.615190
          0.615190
          0.615190
          0.615190
          0.615190
          0.615190
          0.615190
          0.615190
          0.615190
          0.615190
          0.615190
          0.615190
          0.615190
          0.615190
          0.615190
          0.615190
          0.615190
          0.615190
          0.615190
          0.615190
          0.615190
          0.615190
          0.615190
          0.615190
          0.615190
          0.615190
          0.615190
          0.615190
          0.615190
          0.615190
          0.615190
          0.615190
          0.615190
          0.615190
          0.615190
          0.615191
          0.615191
          0.615191
          0.615191
          0.615191
          0.615191
          0.615191
          0.615191
          0.615191
          0.615191
          0.615191
          0.615191
          0.615191
          0.615191
          0.615191
          0.615191
          0.615191
          0.615191
          0.615191
          0.615191
          0.615191
          0.615191
          0.615191
          0.615191
          0.615191
          0.615191
          0.615191
          0.615191
          0.615191
          0.615191
          0.615191
          0.615191
          0.615191
          0.615191
          0.615191
          0.615191
          0.615191
          0.615191
          0.615191
          0.615191
          0.615191
          0.615191
          0.615191
          0.615191
          0.615191
          0.615191
          0.615191
          0.615191
          0.615191
          0.615191
          0.615191
          0.615191
          0.615191
          0.615191
          0.615191
          0.615191
          0.615191
          0.615191
          0.615191
          0.615191
          0.615191
          0.615191
          0.615191
          0.615191
          0.615191
          0.615191
          0.615191
          0.615191
          0.615191
          0.615191
          0.615191
          0.615191
          0.615191
          0.615190
          0.615190
          0.615190
          0.615190
          0.615190
          0.615190
          0.615190
          0.615190
          0.615190
          0.615190
