         12.043104
         12.042803
         12.042530
         12.042290
         12.042082
         12.041903
         12.041752
         12.041627
         12.041524
         12.041443
         12.041380
         12.041333
         12.041300
         12.041281
         12.041272
         12.041272
         12.041280
         12.041296
         12.041317
         12.041343
         12.041373
         12.041407
         12.041443
         12.041482
         12.041522
         12.041563
         12.041606
         12.041649
         12.041692
         12.041735
         12.041778
         12.041821
         12.041863
         12.041905
         12.041946
         12.041986
         12.042025
         12.042063
         12.042101
         12.042137
         12.042173
         12.042207
         12.042240
         12.042273
         12.042304
         12.042334
         12.042363
         12.042392
         12.042419
         12.042445
         12.042471
         12.042495
         12.042519
         12.042541
         12.042563
         12.042584
         12.042604
         12.042624
         12.042642
         12.042660
         12.042678
         12.042694
         12.042710
         12.042725
         12.042740
         12.042754
         12.042768
         12.042781
         12.042793
         12.042805
         12.042817
         12.042828
         12.042839
         12.042849
         12.042859
         12.042869
         12.042878
         12.042886
         12.042895
         12.042903
         12.042911
         12.042918
         12.042926
         12.042933
         12.042939
         12.042946
         12.042952
         12.042958
         12.042964
         12.042969
         12.042975
         12.042980
         12.042985
         12.042990
         12.042995
         12.042999
         12.043003
         12.043008
         12.043012
         12.043016
         12.043019
         12.043023
         12.043027
         12.043030
         12.043033
         12.043036
         12.043039
         12.043042
         12.043045
         12.043048
         12.043051
         12.043053
         12.043056
         12.043058
         12.043061
         12.043063
         12.043065
         12.043067
         12.043069
         12.043071
         12.043073
         12.043075
         12.043077
         12.043079
         12.043080
         12.043082
         12.043084
         12.043085
         12.043087
         12.043088
         12.043090
         12.043091
         12.043093
         12.043094
         12.043096
         12.043097
         12.043098
         12.043099
         12.043101
         12.043102
         12.043103
         12.043104
         12.043105
         12.043106
         12.043107
         12.043108
         12.043109
         12.043110
         12.043111
         12.043112
         12.043113
         12.043114
         12.043114
         12.043115
         12.043116
         12.043117
         12.043117
         12.043118
         12.043119
         12.043119
         12.043120
         12.043120
         12.043121
         12.043121
         12.043122
         12.043122
         12.043123
         12.043123
         12.043124
         12.043124
         12.043125
         12.043125
         12.043126
         12.043126
         12.043127
         12.043127
         12.043128
         12.043128
         12.043129
         12.043129
         12.043130
         12.043130
         12.043130
         12.043131
         12.043131
         12.043132
         12.043132
         12.043133
         12.043133
         12.043133
         12.043134
         12.043134
         12.043134
         12.043135
         12.043135
         12.043135
         12.043135
         12.043136
         12.043136
         12.043136
         12.043136
         12.043136
         12.043136
         12.043136
         12.043136
         12.043136
         12.043136
         12.043136
         12.043137
         12.043137
         12.043137
         12.043137
         12.043137
         12.043137
         12.043137
         12.043137
         12.043137
         12.043137
         12.043138
         12.043138
         12.043138
         12.043138
         12.043139
         12.043139
         12.043139
         12.043139
         12.043140
         12.043140
         12.043141
         12.043141
         12.043141
         12.043142
         12.043142
         12.043142
         12.043142
         12.043143
         12.043143
         12.043143
         12.043143
         12.043143
         12.043144
         12.043144
         12.043144
         12.043144
         12.043144
         12.043144
         12.043144
         12.043144
         12.043144
         12.043144
         12.043144
         12.043143
         12.043144
