          0.252152
          0.253064
          0.253052
          0.252976
          0.252885
          0.252791
          0.252700
          0.252616
          0.252539
          0.252469
          0.252406
          0.252350
          0.252299
          0.252253
          0.252212
          0.252175
          0.252142
          0.252112
          0.252086
          0.252061
          0.252040
          0.252020
          0.252003
          0.251987
          0.251973
          0.251961
          0.251949
          0.251939
          0.251930
          0.251922
          0.251914
          0.251908
          0.251902
          0.251896
          0.251891
          0.251887
          0.251883
          0.251880
          0.251877
          0.251874
          0.251871
          0.251869
          0.251867
          0.251865
          0.251864
          0.251862
          0.251861
          0.251860
          0.251859
          0.251858
          0.251857
          0.251856
          0.251855
          0.251855
          0.251854
          0.251854
          0.251853
          0.251853
          0.251853
          0.251852
          0.251852
          0.251852
          0.251852
          0.251851
          0.251851
          0.251851
          0.251851
          0.251851
          0.251851
          0.251851
          0.251851
          0.251850
          0.251850
          0.251850
          0.251850
          0.251850
          0.251850
          0.251850
          0.251850
          0.251850
          0.251850
          0.251850
          0.251850
          0.251850
          0.251850
          0.251850
          0.251850
          0.251850
          0.251850
          0.251850
          0.251850
          0.251850
          0.251850
          0.251850
          0.251850
          0.251850
          0.251850
          0.251850
          0.251850
          0.251850
          0.251850
          0.251850
          0.251850
          0.251850
          0.251850
          0.251850
          0.251850
          0.251850
          0.251850
          0.251850
          0.251850
          0.251850
          0.251850
          0.251850
          0.251850
          0.251850
          0.251850
          0.251850
          0.251850
          0.251850
          0.251850
          0.251850
          0.251850
          0.251850
          0.251850
          0.251850
          0.251850
          0.251850
          0.251850
          0.251850
          0.251850
          0.251850
          0.251850
          0.251850
          0.251850
          0.251850
          0.251850
          0.251850
          0.251850
          0.251850
          0.251850
          0.251850
          0.251850
          0.251850
          0.251850
          0.251850
          0.251850
          0.251850
          0.251850
          0.251850
          0.251850
          0.251850
          0.251850
          0.251850
          0.251850
          0.251850
          0.251850
          0.251850
          0.251850
          0.251850
          0.251850
          0.251850
          0.251850
          0.251850
          0.251850
          0.251850
          0.251850
          0.251850
          0.251850
          0.251850
          0.251850
          0.251850
          0.251850
          0.251850
          0.251850
          0.251850
          0.251850
          0.251850
          0.251850
          0.251850
          0.251850
          0.251850
          0.251850
          0.251850
          0.251850
          0.251850
          0.251850
          0.251850
          0.251850
          0.251850
          0.251850
          0.251850
          0.251850
          0.251850
          0.251850
          0.251850
          0.251850
          0.251850
          0.251850
          0.251850
          0.251850
          0.251850
          0.251850
          0.251850
          0.251850
          0.251850
          0.251850
          0.251850
          0.251850
          0.251850
          0.251850
          0.251850
          0.251850
          0.251850
          0.251850
          0.251850
          0.251850
          0.251850
          0.251850
          0.251850
          0.251850
          0.251850
          0.251850
          0.251850
          0.251850
          0.251850
          0.251850
          0.251850
          0.251850
          0.251850
          0.251850
          0.251850
          0.251850
          0.251850
          0.251850
          0.251850
          0.251850
          0.251850
          0.251850
          0.251850
          0.251850
          0.251850
          0.251850
          0.251850
          0.251850
          0.251850
          0.251850
          0.251850
          0.251850
          0.251850
          0.251850
          0.251850
