          0.008650
          0.008660
          0.008659
          0.008659
          0.008658
          0.008657
          0.008655
          0.008654
          0.008653
          0.008652
          0.008650
          0.008649
          0.008648
          0.008647
          0.008646
          0.008646
          0.008645
          0.008644
          0.008644
          0.008643
          0.008643
          0.008642
          0.008642
          0.008641
          0.008641
          0.008641
          0.008641
          0.008640
          0.008640
          0.008640
          0.008640
          0.008640
          0.008639
          0.008639
          0.008639
          0.008639
          0.008639
          0.008639
          0.008639
          0.008639
          0.008639
          0.008638
          0.008638
          0.008638
          0.008638
          0.008638
          0.008638
          0.008638
          0.008638
          0.008638
          0.008638
          0.008638
          0.008638
          0.008638
          0.008638
          0.008638
          0.008638
          0.008638
          0.008638
          0.008638
          0.008638
          0.008638
          0.008638
          0.008638
          0.008638
          0.008638
          0.008638
          0.008638
          0.008638
          0.008638
          0.008638
          0.008638
          0.008638
          0.008638
          0.008638
          0.008638
          0.008638
          0.008638
          0.008638
          0.008638
          0.008638
          0.008638
          0.008638
          0.008638
          0.008638
          0.008638
          0.008638
          0.008638
          0.008638
          0.008638
          0.008638
          0.008638
          0.008638
          0.008638
          0.008638
          0.008638
          0.008638
          0.008638
          0.008638
          0.008638
          0.008638
          0.008638
          0.008638
          0.008638
          0.008638
          0.008638
          0.008638
          0.008638
          0.008638
          0.008638
          0.008638
          0.008638
          0.008638
          0.008638
          0.008638
          0.008638
          0.008638
          0.008638
          0.008638
          0.008638
          0.008637
          0.008637
          0.008637
          0.008637
          0.008637
          0.008637
          0.008637
          0.008637
          0.008637
          0.008637
          0.008637
          0.008637
          0.008637
          0.008637
          0.008637
          0.008637
          0.008637
          0.008637
          0.008637
          0.008637
          0.008637
          0.008637
          0.008637
          0.008637
          0.008637
          0.008637
          0.008637
          0.008637
          0.008637
          0.008637
          0.008637
          0.008637
          0.008637
          0.008637
          0.008637
          0.008637
          0.008637
          0.008637
          0.008637
          0.008637
          0.008637
          0.008637
          0.008637
          0.008637
          0.008637
          0.008637
          0.008637
          0.008637
          0.008637
          0.008637
          0.008637
          0.008637
          0.008637
          0.008637
          0.008637
          0.008637
          0.008637
          0.008637
          0.008637
          0.008637
          0.008637
          0.008637
          0.008637
          0.008637
          0.008637
          0.008637
          0.008637
          0.008637
          0.008637
          0.008637
          0.008637
          0.008637
          0.008637
          0.008637
          0.008637
          0.008637
          0.008637
          0.008637
          0.008637
          0.008637
          0.008637
          0.008637
          0.008637
          0.008637
          0.008637
          0.008637
          0.008637
          0.008637
          0.008637
          0.008637
          0.008637
          0.008637
          0.008637
          0.008637
          0.008637
          0.008637
          0.008637
          0.008637
          0.008637
          0.008637
          0.008637
          0.008637
          0.008637
          0.008637
          0.008637
          0.008637
          0.008637
          0.008637
          0.008637
          0.008637
          0.008637
          0.008637
          0.008637
          0.008637
          0.008637
          0.008637
          0.008637
          0.008637
          0.008637
          0.008637
          0.008637
          0.008637
          0.008637
          0.008637
          0.008637
          0.008637
          0.008637
          0.008637
          0.008637
          0.008637
          0.008637
          0.008637
