          1.761572
          1.761702
          1.761783
          1.761823
          1.761833
          1.761822
          1.761797
          1.761765
          1.761729
          1.761691
          1.761655
          1.761620
          1.761588
          1.761558
          1.761532
          1.761508
          1.761487
          1.761469
          1.761452
          1.761438
          1.761426
          1.761416
          1.761407
          1.761399
          1.761393
          1.761387
          1.761383
          1.761380
          1.761377
          1.761375
          1.761373
          1.761372
          1.761371
          1.761371
          1.761371
          1.761371
          1.761371
          1.761372
          1.761373
          1.761374
          1.761375
          1.761376
          1.761377
          1.761378
          1.761380
          1.761381
          1.761382
          1.761384
          1.761385
          1.761386
          1.761388
          1.761389
          1.761390
          1.761392
          1.761393
          1.761394
          1.761395
          1.761397
          1.761398
          1.761399
          1.761400
          1.761401
          1.761402
          1.761403
          1.761404
          1.761405
          1.761406
          1.761407
          1.761408
          1.761408
          1.761409
          1.761410
          1.761411
          1.761411
          1.761412
          1.761413
          1.761413
          1.761414
          1.761415
          1.761415
          1.761416
          1.761416
          1.761417
          1.761417
          1.761418
          1.761418
          1.761419
          1.761419
          1.761419
          1.761420
          1.761420
          1.761421
          1.761421
          1.761421
          1.761422
          1.761422
          1.761422
          1.761422
          1.761423
          1.761423
          1.761423
          1.761423
          1.761424
          1.761424
          1.761424
          1.761424
          1.761425
          1.761425
          1.761425
          1.761425
          1.761425
          1.761425
          1.761426
          1.761426
          1.761426
          1.761426
          1.761426
          1.761426
          1.761426
          1.761427
          1.761427
          1.761427
          1.761427
          1.761427
          1.761427
          1.761427
          1.761427
          1.761428
          1.761428
          1.761428
          1.761428
          1.761428
          1.761428
          1.761428
          1.761428
          1.761428
          1.761428
          1.761429
          1.761429
          1.761429
          1.761429
          1.761429
          1.761429
          1.761429
          1.761429
          1.761429
          1.761429
          1.761429
          1.761429
          1.761429
          1.761429
          1.761429
          1.761429
          1.761429
          1.761429
          1.761429
          1.761429
          1.761429
          1.761429
          1.761429
          1.761429
          1.761429
          1.761430
          1.761430
          1.761430
          1.761430
          1.761430
          1.761430
          1.761430
          1.761430
          1.761430
          1.761430
          1.761430
          1.761430
          1.761430
          1.761430
          1.761430
          1.761430
          1.761430
          1.761430
          1.761430
          1.761431
          1.761431
          1.761431
          1.761431
          1.761431
          1.761431
          1.761431
          1.761431
          1.761431
          1.761431
          1.761431
          1.761431
          1.761431
          1.761431
          1.761431
          1.761431
          1.761430
          1.761430
          1.761430
          1.761430
          1.761430
          1.761430
          1.761430
          1.761430
          1.761430
          1.761430
          1.761430
          1.761430
          1.761430
          1.761430
          1.761430
          1.761431
          1.761431
          1.761431
          1.761431
          1.761431
          1.761431
          1.761431
          1.761431
          1.761431
          1.761431
          1.761431
          1.761431
          1.761431
          1.761431
          1.761431
          1.761431
          1.761431
          1.761431
          1.761431
          1.761431
          1.761431
          1.761431
          1.761431
          1.761431
          1.761431
          1.761431
          1.761431
          1.761431
          1.761431
          1.761431
          1.761431
          1.761431
          1.761431
          1.761431
          1.761431
          1.761430
          1.761430
          1.761430
          1.761430
          1.761430
