          1.510206
          1.511040
          1.511021
          1.510897
          1.510751
          1.510605
          1.510479
          1.510371
          1.510279
          1.510200
          1.510133
          1.510076
          1.510025
          1.509984
          1.509948
          1.509918
          1.509892
          1.509870
          1.509850
          1.509834
          1.509819
          1.509807
          1.509796
          1.509787
          1.509779
          1.509773
          1.509767
          1.509763
          1.509759
          1.509756
          1.509754
          1.509752
          1.509750
          1.509749
          1.509749
          1.509748
          1.509748
          1.509749
          1.509749
          1.509749
          1.509750
          1.509751
          1.509752
          1.509753
          1.509754
          1.509755
          1.509756
          1.509757
          1.509758
          1.509759
          1.509760
          1.509761
          1.509762
          1.509763
          1.509765
          1.509766
          1.509767
          1.509768
          1.509769
          1.509770
          1.509771
          1.509772
          1.509772
          1.509773
          1.509774
          1.509775
          1.509776
          1.509777
          1.509777
          1.509778
          1.509779
          1.509779
          1.509780
          1.509781
          1.509781
          1.509782
          1.509782
          1.509783
          1.509784
          1.509784
          1.509785
          1.509785
          1.509785
          1.509786
          1.509786
          1.509787
          1.509787
          1.509788
          1.509788
          1.509788
          1.509789
          1.509789
          1.509789
          1.509790
          1.509790
          1.509790
          1.509790
          1.509791
          1.509791
          1.509791
          1.509791
          1.509792
          1.509792
          1.509792
          1.509792
          1.509792
          1.509792
          1.509793
          1.509793
          1.509793
          1.509793
          1.509793
          1.509793
          1.509793
          1.509793
          1.509794
          1.509794
          1.509794
          1.509794
          1.509794
          1.509794
          1.509794
          1.509794
          1.509795
          1.509795
          1.509795
          1.509795
          1.509795
          1.509795
          1.509795
          1.509795
          1.509795
          1.509796
          1.509796
          1.509796
          1.509796
          1.509796
          1.509796
          1.509796
          1.509796
          1.509796
          1.509796
          1.509796
          1.509796
          1.509796
          1.509796
          1.509796
          1.509796
          1.509796
          1.509796
          1.509796
          1.509796
          1.509796
          1.509796
          1.509796
          1.509796
          1.509796
          1.509796
          1.509796
          1.509796
          1.509797
          1.509796
          1.509797
          1.509797
          1.509797
          1.509797
          1.509797
          1.509797
          1.509797
          1.509797
          1.509797
          1.509797
          1.509797
          1.509797
          1.509797
          1.509797
          1.509798
          1.509798
          1.509798
          1.509798
          1.509798
          1.509798
          1.509798
          1.509798
          1.509798
          1.509798
          1.509798
          1.509798
          1.509798
          1.509798
          1.509798
          1.509798
          1.509798
          1.509798
          1.509798
          1.509798
          1.509798
          1.509797
          1.509797
          1.509797
          1.509797
          1.509797
          1.509797
          1.509797
          1.509797
          1.509797
          1.509797
          1.509797
          1.509797
          1.509797
          1.509797
          1.509797
          1.509797
          1.509797
          1.509798
          1.509798
          1.509798
          1.509798
          1.509798
          1.509798
          1.509798
          1.509798
          1.509798
          1.509799
          1.509799
          1.509799
          1.509799
          1.509799
          1.509799
          1.509799
          1.509799
          1.509799
          1.509799
          1.509799
          1.509799
          1.509799
          1.509798
          1.509798
          1.509798
          1.509798
          1.509798
          1.509798
          1.509798
          1.509797
          1.509797
          1.509797
          1.509797
          1.509797
          1.509797
          1.509797
          1.509797
          1.509797
