          0.008650
          0.008660
          0.008659
          0.008659
          0.008658
          0.008657
          0.008655
          0.008654
          0.008653
          0.008652
          0.008650
          0.008649
          0.008648
          0.008647
          0.008646
          0.008646
          0.008645
          0.008644
          0.008644
          0.008643
          0.008643
          0.008642
          0.008642
          0.008641
          0.008641
          0.008641
          0.008641
          0.008640
          0.008640
          0.008640
          0.008640
          0.008640
          0.008639
          0.008639
          0.008639
          0.008639
          0.008639
          0.008639
          0.008639
          0.008639
          0.008639
          0.008638
          0.008638
          0.008638
          0.008638
          0.008638
          0.008638
          0.008638
          0.008638
          0.008638
          0.008638
          0.008638
          0.008638
          0.008638
          0.008638
          0.008638
          0.008638
          0.008638
          0.008638
          0.008638
          0.008638
          0.008638
          0.008638
          0.008638
          0.008638
          0.008638
          0.008638
          0.008638
          0.008638
          0.008638
          0.008638
          0.008638
          0.008638
          0.008638
          0.008638
          0.008638
          0.008638
          0.008638
          0.008638
          0.008638
          0.008638
          0.008638
          0.008638
          0.008638
          0.008638
          0.008638
          0.008638
          0.008638
          0.008638
          0.008638
          0.008638
          0.008638
          0.008638
          0.008638
          0.008638
          0.008638
          0.008638
          0.008638
          0.008638
          0.008638
          0.008638
          0.008638
          0.008638
          0.008638
          0.008638
          0.008638
          0.008638
          0.008638
          0.008638
          0.008638
          0.008638
          0.008638
          0.008638
          0.008638
          0.008638
          0.008638
          0.008638
          0.008638
          0.008638
          0.008638
          0.008637
          0.008637
          0.008637
          0.008637
          0.008637
          0.008637
          0.008637
          0.008637
          0.008637
          0.008637
          0.008637
          0.008637
          0.008637
          0.008637
          0.008637
          0.008637
          0.008637
          0.008637
          0.008637
          0.008637
          0.008637
          0.008637
          0.008637
          0.008637
          0.008637
          0.008637
          0.008637
          0.008637
          0.008637
          0.008637
          0.008637
          0.008637
          0.008637
          0.008637
          0.008637
          0.008637
          0.008637
          0.008637
          0.008637
          0.008637
          0.008637
          0.008637
          0.008637
          0.008637
          0.008637
          0.008637
          0.008637
          0.008637
          0.008637
          0.008637
          0.008637
          0.008637
          0.008637
          0.008637
          0.008637
          0.008637
          0.008637
          0.008637
          0.008637
          0.008637
          0.008637
          0.008637
          0.008637
          0.008637
          0.008637
          0.008637
          0.008637
          0.008637
          0.008637
          0.008637
          0.008637
          0.008637
          0.008637
          0.008637
          0.008637
          0.008637
          0.008637
          0.008637
          0.008637
          0.008637
          0.008637
          0.008637
          0.008637
          0.008637
          0.008637
          0.008637
          0.008637
          0.008637
          0.008637
          0.008637
          0.008637
          0.008637
          0.008637
          0.008637
          0.008637
          0.008637
          0.008637
          0.008637
          0.008637
          0.008637
          0.008637
          0.008637
          0.008637
          0.008637
          0.008637
          0.008637
          0.008637
          0.008637
          0.008637
          0.008637
          0.008637
          0.008637
          0.008637
          0.008637
          0.008637
          0.008637
          0.008637
          0.008637
          0.008637
          0.008637
          0.008637
          0.008637
          0.008637
          0.008637
          0.008637
          0.008637
          0.008637
          0.008637
          0.008637
          0.008637
          0.008637
          0.008637
          1.000119
          1.000118
          1.000111
          1.000103
          1.000095
          1.000086
          1.000078
          1.000070
          1.000062
          1.000055
          1.000049
          1.000043
          1.000038
          1.000033
          1.000029
          1.000025
          1.000022
          1.000019
          1.000016
          1.000014
          1.000012
          1.000010
          1.000008
          1.000007
          1.000006
          1.000005
          1.000004
          1.000003
          1.000002
          1.000002
          1.000001
          1.000001
          1.000000
          1.000000
          1.000000
          0.999999
          0.999999
          0.999999
          0.999999
          0.999999
          0.999999
          0.999999
          0.999998
          0.999998
          0.999998
          0.999998
          0.999998
          0.999998
          0.999998
          0.999998
          0.999998
          0.999998
          0.999999
          0.999999
          0.999999
          0.999999
          0.999999
          0.999999
          0.999999
          0.999999
          0.999999
          0.999999
          0.999999
          0.999999
          0.999999
          0.999999
          0.999999
          0.999999
          0.999999
          0.999999
          0.999999
          0.999999
          0.999999
          0.999999
          0.999999
          0.999999
          0.999999
          0.999999
          1.000000
          1.000000
          1.000000
          1.000000
          1.000000
          1.000000
          1.000000
          1.000000
          1.000000
          1.000000
          1.000000
          1.000000
          1.000000
          1.000000
          1.000000
          1.000000
          1.000000
          1.000000
          1.000000
          1.000000
          1.000000
          1.000000
          1.000000
          1.000000
          1.000000
          1.000000
          1.000000
          1.000000
          1.000000
          1.000000
          1.000000
          1.000000
          1.000000
          1.000000
          1.000000
          1.000000
          1.000000
          1.000000
          1.000000
          1.000000
          1.000000
          1.000000
          1.000000
          1.000000
          1.000000
          1.000000
          1.000000
          1.000000
          1.000000
          1.000000
          1.000000
          1.000000
          1.000000
          1.000000
          1.000000
          1.000000
          1.000000
          1.000000
          1.000000
          1.000000
          1.000000
          1.000000
          1.000000
          1.000000
          1.000000
          1.000000
          1.000000
          1.000000
          1.000000
          1.000000
          1.000000
          1.000000
          1.000000
          1.000000
          1.000000
          1.000000
          1.000000
          1.000000
          1.000000
          1.000000
          1.000000
          1.000000
          1.000000
          1.000000
          1.000000
          1.000000
          1.000000
          1.000000
          1.000000
          1.000000
          1.000000
          1.000000
          1.000000
          1.000000
          1.000000
          1.000000
          1.000000
          1.000000
          1.000000
          1.000000
          1.000000
          1.000000
          1.000000
          1.000000
          1.000000
          1.000000
          1.000000
          1.000000
          1.000000
          1.000000
          1.000000
          1.000000
          1.000000
          1.000000
          1.000000
          1.000000
          1.000000
          1.000000
          1.000000
          1.000000
          1.000000
          1.000000
          1.000000
          1.000000
          1.000000
          1.000000
          1.000000
          1.000000
          1.000000
          1.000000
          1.000000
          1.000000
          1.000000
          1.000000
          1.000000
          1.000000
          1.000000
          1.000000
          1.000000
          1.000000
          1.000000
          1.000000
          1.000000
          1.000000
          1.000000
          1.000000
          1.000000
          1.000000
          1.000000
          1.000000
          1.000000
          1.000000
          1.000000
          1.000000
          1.000000
          1.000000
          1.000000
          1.000000
          1.000000
          1.000000
          1.000000
          1.000000
          1.000000
          1.000000
          1.000000
          1.000000
          1.000000
          1.000000
          1.000000
          1.000000
          1.000000
          1.000000
          1.000000
          1.000000
          1.510206
          1.511040
          1.511021
          1.510897
          1.510751
          1.510605
          1.510479
          1.510371
          1.510279
          1.510200
          1.510133
          1.510076
          1.510025
          1.509984
          1.509948
          1.509918
          1.509892
          1.509870
          1.509850
          1.509834
          1.509819
          1.509807
          1.509796
          1.509787
          1.509779
          1.509773
          1.509767
          1.509763
          1.509759
          1.509756
          1.509754
          1.509752
          1.509750
          1.509749
          1.509749
          1.509748
          1.509748
          1.509749
          1.509749
          1.509749
          1.509750
          1.509751
          1.509752
          1.509753
          1.509754
          1.509755
          1.509756
          1.509757
          1.509758
          1.509759
          1.509760
          1.509761
          1.509762
          1.509763
          1.509765
          1.509766
          1.509767
          1.509768
          1.509769
          1.509770
          1.509771
          1.509772
          1.509772
          1.509773
          1.509774
          1.509775
          1.509776
          1.509777
          1.509777
          1.509778
          1.509779
          1.509779
          1.509780
          1.509781
          1.509781
          1.509782
          1.509782
          1.509783
          1.509784
          1.509784
          1.509785
          1.509785
          1.509785
          1.509786
          1.509786
          1.509787
          1.509787
          1.509788
          1.509788
          1.509788
          1.509789
          1.509789
          1.509789
          1.509790
          1.509790
          1.509790
          1.509790
          1.509791
          1.509791
          1.509791
          1.509791
          1.509792
          1.509792
          1.509792
          1.509792
          1.509792
          1.509792
          1.509793
          1.509793
          1.509793
          1.509793
          1.509793
          1.509793
          1.509793
          1.509793
          1.509794
          1.509794
          1.509794
          1.509794
          1.509794
          1.509794
          1.509794
          1.509794
          1.509795
          1.509795
          1.509795
          1.509795
          1.509795
          1.509795
          1.509795
          1.509795
          1.509795
          1.509796
          1.509796
          1.509796
          1.509796
          1.509796
          1.509796
          1.509796
          1.509796
          1.509796
          1.509796
          1.509796
          1.509796
          1.509796
          1.509796
          1.509796
          1.509796
          1.509796
          1.509796
          1.509796
          1.509796
          1.509796
          1.509796
          1.509796
          1.509796
          1.509796
          1.509796
          1.509796
          1.509796
          1.509797
          1.509796
          1.509797
          1.509797
          1.509797
          1.509797
          1.509797
          1.509797
          1.509797
          1.509797
          1.509797
          1.509797
          1.509797
          1.509797
          1.509797
          1.509797
          1.509798
          1.509798
          1.509798
          1.509798
          1.509798
          1.509798
          1.509798
          1.509798
          1.509798
          1.509798
          1.509798
          1.509798
          1.509798
          1.509798
          1.509798
          1.509798
          1.509798
          1.509798
          1.509798
          1.509798
          1.509798
          1.509797
          1.509797
          1.509797
          1.509797
          1.509797
          1.509797
          1.509797
          1.509797
          1.509797
          1.509797
          1.509797
          1.509797
          1.509797
          1.509797
          1.509797
          1.509797
          1.509797
          1.509798
          1.509798
          1.509798
          1.509798
          1.509798
          1.509798
          1.509798
          1.509798
          1.509798
          1.509799
          1.509799
          1.509799
          1.509799
          1.509799
          1.509799
          1.509799
          1.509799
          1.509799
          1.509799
          1.509799
          1.509799
          1.509799
          1.509798
          1.509798
          1.509798
          1.509798
          1.509798
          1.509798
          1.509798
          1.509797
          1.509797
          1.509797
          1.509797
          1.509797
          1.509797
          1.509797
          1.509797
          1.509797
          0.680070
          0.680251
          0.680286
          0.680350
          0.680426
          0.680502
          0.680575
          0.680643
          0.680705
          0.680761
          0.680812
          0.680857
          0.680898
          0.680935
          0.680969
          0.680999
          0.681027
          0.681053
          0.681076
          0.681097
          0.681117
          0.681134
          0.681150
          0.681165
          0.681178
          0.681191
          0.681202
          0.681212
          0.681221
          0.681230
          0.681238
          0.681245
          0.681252
          0.681258
          0.681263
          0.681269
          0.681273
          0.681278
          0.681282
          0.681285
          0.681289
          0.681292
          0.681295
          0.681297
          0.681300
          0.681302
          0.681304
          0.681306
          0.681308
          0.681310
          0.681311
          0.681313
          0.681314
          0.681315
          0.681317
          0.681318
          0.681319
          0.681320
          0.681321
          0.681321
          0.681322
          0.681323
          0.681324
          0.681324
          0.681325
          0.681325
          0.681326
          0.681326
          0.681327
          0.681327
          0.681328
          0.681328
          0.681329
          0.681329
          0.681329
          0.681330
          0.681330
          0.681330
          0.681330
          0.681331
          0.681331
          0.681331
          0.681331
          0.681332
          0.681332
          0.681332
          0.681332
          0.681332
          0.681333
          0.681333
          0.681333
          0.681333
          0.681333
          0.681333
          0.681333
          0.681334
          0.681334
          0.681334
          0.681334
          0.681334
          0.681334
          0.681334
          0.681334
          0.681334
          0.681334
          0.681334
          0.681334
          0.681334
          0.681334
          0.681334
          0.681335
          0.681335
          0.681335
          0.681335
          0.681335
          0.681335
          0.681335
          0.681335
          0.681335
          0.681335
          0.681335
          0.681335
          0.681335
          0.681335
          0.681335
          0.681335
          0.681335
          0.681335
          0.681335
          0.681335
          0.681335
          0.681335
          0.681335
          0.681336
          0.681336
          0.681336
          0.681336
          0.681336
          0.681336
          0.681336
          0.681336
          0.681336
          0.681336
          0.681336
          0.681336
          0.681336
          0.681336
          0.681336
          0.681336
          0.681336
          0.681336
          0.681336
          0.681336
          0.681336
          0.681336
          0.681336
          0.681335
          0.681336
          0.681336
          0.681336
          0.681336
          0.681336
          0.681336
          0.681336
          0.681336
          0.681336
          0.681336
          0.681336
          0.681336
          0.681336
          0.681336
          0.681336
          0.681336
          0.681336
          0.681336
          0.681336
          0.681336
          0.681336
          0.681336
          0.681336
          0.681336
          0.681336
          0.681336
          0.681336
          0.681336
          0.681336
          0.681336
          0.681336
          0.681336
          0.681336
          0.681336
          0.681336
          0.681336
          0.681336
          0.681336
          0.681336
          0.681336
          0.681336
          0.681336
          0.681336
          0.681336
          0.681336
          0.681336
          0.681336
          0.681336
          0.681336
          0.681336
          0.681336
          0.681336
          0.681336
          0.681336
          0.681336
          0.681336
          0.681336
          0.681336
          0.681336
          0.681336
          0.681336
          0.681336
          0.681336
          0.681336
          0.681336
          0.681336
          0.681336
          0.681336
          0.681336
          0.681336
          0.681336
          0.681336
          0.681336
          0.681336
          0.681336
          0.681336
          0.681336
          0.681336
          0.681336
          0.681336
          0.681336
          0.681336
          0.681336
          0.681336
          0.681336
          0.681335
          0.681335
          0.681335
          0.681335
          0.681335
          0.681335
          0.681335
          0.681335
          0.681335
          0.681335
         -0.003321
         -0.000743
         -0.000743
         -0.000691
         -0.000624
         -0.000553
         -0.000487
         -0.000429
         -0.000376
         -0.000329
         -0.000288
         -0.000252
         -0.000219
         -0.000191
         -0.000166
         -0.000145
         -0.000125
         -0.000109
         -0.000094
         -0.000081
         -0.000069
         -0.000059
         -0.000050
         -0.000042
         -0.000035
         -0.000029
         -0.000024
         -0.000019
         -0.000015
         -0.000011
         -0.000008
         -0.000006
         -0.000003
         -0.000001
          0.000000
          0.000002
          0.000003
          0.000004
          0.000005
          0.000006
          0.000006
          0.000007
          0.000007
          0.000008
          0.000008
          0.000008
          0.000008
          0.000008
          0.000008
          0.000008
          0.000008
          0.000008
          0.000008
          0.000008
          0.000007
          0.000007
          0.000007
          0.000007
          0.000007
          0.000006
          0.000006
          0.000006
          0.000006
          0.000006
          0.000006
          0.000005
          0.000005
          0.000005
          0.000005
          0.000005
          0.000004
          0.000004
          0.000004
          0.000004
          0.000004
          0.000004
          0.000004
          0.000003
          0.000003
          0.000003
          0.000003
          0.000003
          0.000003
          0.000003
          0.000003
          0.000002
          0.000002
          0.000002
          0.000002
          0.000002
          0.000002
          0.000002
          0.000002
          0.000002
          0.000002
          0.000002
          0.000002
          0.000002
          0.000002
          0.000001
          0.000001
          0.000001
          0.000001
          0.000001
          0.000001
          0.000001
          0.000001
          0.000001
          0.000001
          0.000001
          0.000001
          0.000001
          0.000001
          0.000001
          0.000001
          0.000001
          0.000001
          0.000001
          0.000001
          0.000001
          0.000001
          0.000001
          0.000001
          0.000001
          0.000001
          0.000001
          0.000001
          0.000001
          0.000001
          0.000001
          0.000001
          0.000001
          0.000001
          0.000001
          0.000001
          0.000001
          0.000001
          0.000001
          0.000001
          0.000001
          0.000001
          0.000001
          0.000001
          0.000001
          0.000001
          0.000001
          0.000001
          0.000001
          0.000001
          0.000001
          0.000001
          0.000001
          0.000001
          0.000001
          0.000001
          0.000001
          0.000001
          0.000001
          0.000001
          0.000001
          0.000001
          0.000001
          0.000001
          0.000001
          0.000001
          0.000001
          0.000001
          0.000001
          0.000001
          0.000001
          0.000001
          0.000001
          0.000001
          0.000001
          0.000000
          0.000000
          0.000000
          0.000000
          0.000000
          0.000000
          0.000000
          0.000000
          0.000000
          0.000000
          0.000000
          0.000000
          0.000000
          0.000000
          0.000000
          0.000000
          0.000000
          0.000000
          0.000000
          0.000001
          0.000001
          0.000001
          0.000001
          0.000001
          0.000001
          0.000001
          0.000001
          0.000001
          0.000001
          0.000001
          0.000001
          0.000001
          0.000001
          0.000001
          0.000001
          0.000001
          0.000001
          0.000001
          0.000001
          0.000001
          0.000001
          0.000001
          0.000001
          0.000000
          0.000000
          0.000000
          0.000000
          0.000000
          0.000000
          0.000000
          0.000000
          0.000000
          0.000000
          0.000000
          0.000000
          0.000000
          0.000000
          0.000000
          0.000000
          0.000000
          0.000000
          0.000000
          0.000000
          0.000000
          0.000001
          0.000001
          0.000001
          0.000001
          0.000001
          0.000001
          0.000001
          0.000001
          0.000001
          0.000001
          0.000001
          0.000001
          0.000001
          0.000001
