  8.650102056824139E-003  8.659695264433944E-003  8.659493586313839E-003
  8.658844840784783E-003  8.657931152921378E-003  8.656724497478667E-003
  8.655441152106997E-003  8.654133899203159E-003  8.652834367899476E-003
  8.651575969465752E-003  8.650377676172986E-003  8.649256974183108E-003
  8.648187852698547E-003  8.647231883242613E-003  8.646360498269763E-003
  8.645567863164399E-003  8.644849613944907E-003  8.644198408843905E-003
  8.643608583408536E-003  8.643075833272566E-003  8.642593007720949E-003
  8.642155906827641E-003  8.641760544552029E-003  8.641402600614438E-003
  8.641078415049965E-003  8.640785362790993E-003  8.640518588572675E-003
  8.640276675479114E-003  8.640057949177816E-003  8.639858721660863E-003
  8.639678285635015E-003  8.639514107060153E-003  8.639364853973638E-003
  8.639227927674456E-003  8.639103614413940E-003  8.638990039357952E-003
  8.638886911972541E-003  8.638792217686320E-003  8.638706119197504E-003
  8.638626712057956E-003  8.638554373389376E-003  8.638487086931526E-003
  8.638426133690785E-003  8.638369415435613E-003  8.638317465119087E-003
  8.638269607984741E-003  8.638224984320830E-003  8.638183973560101E-003
  8.638146341399708E-003  8.638110922255179E-003  8.638077923995114E-003
  8.638047211052869E-003  8.638018740792675E-003  8.637992238368919E-003
  8.637967933949565E-003  8.637944801424590E-003  8.637923133531768E-003
  8.637902992756288E-003  8.637883395707773E-003  8.637865857760902E-003
  8.637848702763986E-003  8.637833392396693E-003  8.637818253451448E-003
  8.637804318805443E-003  8.637790563466649E-003  8.637778304733288E-003
  8.637766685547438E-003  8.637755058105302E-003  8.637744464115030E-003
  8.637734117471237E-003  8.637724097147297E-003  8.637714629720477E-003
  8.637705866475070E-003  8.637697973369270E-003  8.637689687758947E-003
  8.637682146219551E-003  8.637674782252740E-003  8.637667920880651E-003
  8.637661009480033E-003  8.637654756275174E-003  8.637648479926034E-003
  8.637642061165896E-003  8.637636421973538E-003  8.637631443691647E-003
  8.637625587859799E-003  8.637620749288562E-003  8.637615646988332E-003
  8.637610972475574E-003  8.637606162087899E-003  8.637601908494309E-003
  8.637597063085041E-003  8.637592674289622E-003  8.637588556462274E-003
  8.637583878219947E-003  8.637580404079125E-003  8.637576174402596E-003
  8.637571958988894E-003  8.637567917001866E-003  8.637563948448409E-003
  8.637559932749707E-003  8.637556382638391E-003  8.637552454808727E-003
  8.637548812022148E-003  8.637545625922304E-003  8.637542040447420E-003
  8.637538463406298E-003  8.637534946093406E-003  8.637531846170282E-003
  8.637528954370340E-003  8.637525672419896E-003  8.637522874793463E-003
  8.637520174384610E-003  8.637516772244126E-003  8.637514436852779E-003
  8.637511753226365E-003  8.637509716175284E-003  8.637507503027953E-003
  8.637504940003047E-003  8.637502910029441E-003  8.637501524469349E-003
  8.637499199680551E-003  8.637497052094000E-003  8.637495642816042E-003
  8.637494182004581E-003  8.637492908764026E-003  8.637491016665071E-003
  8.637490086210465E-003  8.637488293339475E-003  8.637487186771505E-003
  8.637485788932687E-003  8.637484756233896E-003  8.637483366313408E-003
  8.637482131491467E-003  8.637480369487933E-003  8.637479571665940E-003
  8.637477889167038E-003  8.637476420614208E-003  8.637474931409808E-003
  8.637472920313605E-003  8.637471689568924E-003  8.637470267332130E-003
  8.637468482098658E-003  8.637466695530184E-003  8.637464813658407E-003
  8.637462674127102E-003  8.637460934930631E-003  8.637459320497264E-003
  8.637457300008238E-003  8.637454959784076E-003  8.637453476238746E-003
  8.637451613053175E-003  8.637449275190941E-003  8.637448101297773E-003
  8.637446232184926E-003  8.637444939489747E-003  8.637443039079333E-003
  8.637441449547093E-003  8.637440984770301E-003  8.637439121888043E-003
  8.637438366738500E-003  8.637438094510582E-003  8.637436708571365E-003
  8.637436174843260E-003  8.637436142944759E-003  8.637435910934556E-003
  8.637435990620614E-003  8.637435991223153E-003  8.637436094385225E-003
  8.637436265687304E-003  8.637437161009096E-003  8.637437262643205E-003
  8.637437418288809E-003  8.637437922823551E-003  8.637437644847609E-003
  8.637438066778828E-003  8.637438207336937E-003  8.637438786714961E-003
  8.637438633110887E-003  8.637438094058751E-003  8.637438057625365E-003
  8.637437606796547E-003  8.637437796447989E-003  8.637436607574198E-003
  8.637436050841399E-003  8.637434989872106E-003  8.637434350223940E-003
  8.637432731328788E-003  8.637431040127156E-003  8.637430120841701E-003
  8.637428296304178E-003  8.637426139957731E-003  8.637424667461119E-003
  8.637422447659924E-003  8.637420351501326E-003  8.637418815988134E-003
  8.637416660266130E-003  8.637415839424501E-003  8.637413837135642E-003
  8.637412240792028E-003  8.637410574472353E-003  8.637409599626212E-003
  8.637408532587907E-003  8.637407829640825E-003  8.637407294684525E-003
  8.637406733978505E-003  8.637406712648701E-003  8.637407295680459E-003
  8.637407197588478E-003  8.637407988401742E-003  8.637408805387888E-003
  8.637409854660638E-003  8.637410353676524E-003  8.637412288331925E-003
  8.637413931130817E-003  8.637415442282323E-003  8.637416757080203E-003
  8.637418590895242E-003  8.637419763676440E-003  8.637422030379203E-003
  8.637423452599820E-003  8.637424289951680E-003  8.637425775623859E-003
  8.637426598420001E-003  8.637427360289026E-003  8.637428347059221E-003
  8.637427743986636E-003  8.637427784018270E-003  8.637426591979091E-003
  8.637425782341175E-003  8.637425378798384E-003  8.637423929588026E-003
  8.637421550589337E-003  8.637418994536607E-003  8.637417005212956E-003
  8.637414198208494E-003  8.637411036933990E-003  8.637408173771005E-003
  8.637404782489691E-003  8.637400837044068E-003  8.637398310520931E-003
  8.637394687255325E-003  8.637391361948139E-003  8.637387995742830E-003
  8.637385375000445E-003  8.637382337330744E-003  8.637379606342558E-003
  8.637377254191126E-003  8.637375634550391E-003  8.637373304916412E-003
  8.637371831896466E-003  8.637370578078946E-003  8.637370233303712E-003
   1.00011947164577        1.00011771289147        1.00011114422328     
   1.00010334966618        1.00009493576719        1.00008634505411     
   1.00007792839283        1.00006988477965        1.00006233540021     
   1.00005534745751        1.00004894668318        1.00004313165254     
   1.00003788133016        1.00003317376852        1.00002896138922     
   1.00002520269258        1.00002185683487        1.00001888421787     
   1.00001624808200        1.00001391432488        1.00001185126301     
   1.00001003063842        1.00000842665297        1.00000701586324     
   1.00000577723870        1.00000469188049        1.00000374262045     
   1.00000291465713        1.00000219436248        1.00000156929396     
   1.00000102878763        1.00000056293627        1.00000016312590     
  0.999999821603640       0.999999531827752       0.999999287486759     
  0.999999083160555       0.999998913785675       0.999998775185982     
  0.999998663342697       0.999998575039395       0.999998507106395     
  0.999998457163118       0.999998422535656       0.999998401335863     
  0.999998391603679       0.999998391683206       0.999998400267713     
  0.999998415991092       0.999998437622112       0.999998464358434     
  0.999998495369673       0.999998529899352       0.999998567227054     
  0.999998606747713       0.999998647812906       0.999998690124145     
  0.999998733306682       0.999998776975427       0.999998821069058     
  0.999998865042043       0.999998908893883       0.999998952159942     
  0.999998994922210       0.999999036934691       0.999999078278462     
  0.999999118602582       0.999999157841080       0.999999196136704     
  0.999999233290771       0.999999269355862       0.999999304357023     
  0.999999338233734       0.999999370871345       0.999999402103536     
  0.999999432172051       0.999999460948516       0.999999488482769     
  0.999999514717036       0.999999539769293       0.999999563528242     
  0.999999586104390       0.999999607635481       0.999999627954844     
  0.999999646940251       0.999999664962452       0.999999681779230     
  0.999999697560595       0.999999712256825       0.999999725999691     
  0.999999738700793       0.999999750640948       0.999999761758876     
  0.999999772051539       0.999999781784358       0.999999790655431     
  0.999999798998002       0.999999806894558       0.999999814374426     
  0.999999821491510       0.999999828329946       0.999999834810063     
  0.999999841125237       0.999999847246438       0.999999853086329     
  0.999999858837430       0.999999864554037       0.999999870262610     
  0.999999875870098       0.999999881348779       0.999999886861375     
  0.999999892281596       0.999999897606219       0.999999903083111     
  0.999999908379149       0.999999913612412       0.999999918580946     
  0.999999923352490       0.999999928044769       0.999999932481168     
  0.999999936450534       0.999999940257264       0.999999943838448     
  0.999999946943595       0.999999949578540       0.999999951680577     
  0.999999953450600       0.999999954580621       0.999999955354576     
  0.999999955557937       0.999999955293799       0.999999954460124     
  0.999999953194356       0.999999951470379       0.999999949484844     
  0.999999946960355       0.999999944225753       0.999999941257537     
  0.999999938108300       0.999999934993797       0.999999931710307     
  0.999999928373858       0.999999925160716       0.999999922129235     
  0.999999919368282       0.999999917013459       0.999999914981839     
  0.999999913280404       0.999999912088859       0.999999911554799     
  0.999999911434578       0.999999911880426       0.999999913066927     
  0.999999914631907       0.999999916812699       0.999999919428790     
  0.999999922673357       0.999999926428588       0.999999930305339     
  0.999999934727037       0.999999939293960       0.999999943806107     
  0.999999948578675       0.999999953280666       0.999999957686855     
  0.999999961805099       0.999999965479356       0.999999968682948     
  0.999999971333106       0.999999973360548       0.999999974492476     
  0.999999974956112       0.999999974710811       0.999999973627063     
  0.999999971944387       0.999999969426756       0.999999966164550     
  0.999999962031429       0.999999957291321       0.999999952101528     
  0.999999946335375       0.999999940169962       0.999999933456533     
  0.999999926712918       0.999999919808640       0.999999912982429     
  0.999999906187125       0.999999899832210       0.999999894027168     
  0.999999888609551       0.999999883957527       0.999999880259984     
  0.999999877370722       0.999999875598588       0.999999874956022     
  0.999999875302139       0.999999876865048       0.999999879235581     
  0.999999882812152       0.999999887466421       0.999999893205311     
  0.999999899770154       0.999999907136630       0.999999915129896     
  0.999999923624288       0.999999932545382       0.999999941625591     
  0.999999950571339       0.999999959497641       0.999999968007942     
  0.999999975982472       0.999999983236970       0.999999989830372     
  0.999999995183580       0.999999999290575        1.00000000210923     
   1.00000000362330        1.00000000359558        1.00000000218139     
  0.999999998986899       0.999999994268021       0.999999988213852     
  0.999999980631448       0.999999971769071       0.999999961704683     
  0.999999950447801       0.999999938615346       0.999999926110531     
  0.999999913453875       0.999999900647531       0.999999887706431     
  0.999999875134302       0.999999863401809       0.999999852727078     
  0.999999843086325       0.999999834900617       0.999999828436125     
  0.999999823734713       0.999999821092828       0.999999820790052     
  0.999999822449082       0.999999826490485       0.999999832857946     
  0.999999841577256       0.999999852395978       0.999999865415383     
  0.999999880467675       0.999999897331165       0.999999915643804     
  0.999999935484237       0.999999956391687       0.999999978076174     
   1.51020607365468        1.51104041592804        1.51102067160661     
   1.51089651239588        1.51075074976423        1.51060490969263     
   1.51047920337597        1.51037110327384        1.51027860758990     
   1.51019986583906        1.51013271531970        1.51007564799296     
   1.51002528362898        1.50998383986657        1.50994848004821     
   1.50991814578690        1.50989209161896        1.50986960698455     
   1.50985020722524        1.50983354537535        1.50981912658759     
   1.50980672645023        1.50979611994602        1.50978706387880     
   1.50977937064835        1.50977290205958        1.50976741448849     
   1.50976285234669        1.50975914849752        1.50975610880295     
   1.50975372246617        1.50975186836101        1.50975048436899     
   1.50974944861461        1.50974880269332        1.50974845581173     
   1.50974840834172        1.50974855295909        1.50974892554545     
   1.50974942788634        1.50975008730874        1.50975080624424     
   1.50975167843403        1.50975259379154        1.50975358637354     
   1.50975462427466        1.50975567900913        1.50975677656065     
   1.50975790826109        1.50975901583305        1.50976012544922     
   1.50976122761053        1.50976234071821        1.50976344851368     
   1.50976455016652        1.50976561676918        1.50976665773998     
   1.50976769184820        1.50976866373091        1.50976966442618     
   1.50977059993919        1.50977156043937        1.50977245222444     
   1.50977333683997        1.50977415504859        1.50977500662258     
   1.50977581810393        1.50977656913052        1.50977732813778     
   1.50977804972682        1.50977872905632        1.50977939789274     
   1.50978005705925        1.50978071645141        1.50978130970059     
   1.50978190613808        1.50978247174924        1.50978303146370     
   1.50978355467081        1.50978408475482        1.50978456798885     
   1.50978502256829        1.50978549753908        1.50978596611385     
   1.50978636587773        1.50978680016088        1.50978719581257     
   1.50978758982340        1.50978795481091        1.50978832680704     
   1.50978864530479        1.50978897206455        1.50978929898615     
   1.50978957403963        1.50978989669147        1.50979015575186     
   1.50979041008227        1.50979064805988        1.50979087412954     
   1.50979109506206        1.50979132653059        1.50979151041751     
   1.50979170130425        1.50979191044981        1.50979207519799     
   1.50979222943140        1.50979238290335        1.50979254309336     
   1.50979270355613        1.50979282823623        1.50979297526633     
   1.50979311720316        1.50979320811046        1.50979335431817     
   1.50979347131701        1.50979361932011        1.50979373937292     
   1.50979383412082        1.50979395667398        1.50979411078814     
   1.50979420171034        1.50979429958549        1.50979443252546     
   1.50979456044916        1.50979469489609        1.50979478577096     
   1.50979493185427        1.50979502000874        1.50979514662324     
   1.50979525287765        1.50979537723918        1.50979547197437     
   1.50979558203825        1.50979566068151        1.50979579204325     
   1.50979586095904        1.50979594166074        1.50979602310963     
   1.50979606944580        1.50979615572707        1.50979622321858     
   1.50979626590667        1.50979631129663        1.50979634327232     
   1.50979635631383        1.50979639135188        1.50979642776031     
   1.50979644027573        1.50979642006266        1.50979644925022     
   1.50979645068272        1.50979642225250        1.50979646049153     
   1.50979643942879        1.50979645444440        1.50979642747410     
   1.50979641305718        1.50979646662907        1.50979642369313     
   1.50979645255782        1.50979650589578        1.50979648762855     
   1.50979651739967        1.50979658138687        1.50979662338062     
   1.50979668661748        1.50979674378661        1.50979680748329     
   1.50979687302530        1.50979697956991        1.50979704247416     
   1.50979711427586        1.50979720582618        1.50979725378087     
   1.50979735058753        1.50979742976356        1.50979753117102     
   1.50979759395826        1.50979763783115        1.50979771459500     
   1.50979776668568        1.50979786183595        1.50979786352721     
   1.50979790936991        1.50979793170469        1.50979797017740     
   1.50979794492597        1.50979792337013        1.50979793468470     
   1.50979789703474        1.50979783896282        1.50979781553476     
   1.50979773810128        1.50979766782286        1.50979762261965     
   1.50979753595962        1.50979752292666        1.50979742961951     
   1.50979736197060        1.50979727658637        1.50979722349227     
   1.50979717991379        1.50979713725789        1.50979710625884     
   1.50979707196275        1.50979706421176        1.50979708657202     
   1.50979707430585        1.50979711484144        1.50979715498676     
   1.50979720260934        1.50979723370246        1.50979735346160     
   1.50979745271805        1.50979754396032        1.50979763474650     
   1.50979776298537        1.50979785652941        1.50979802130149     
   1.50979813970853        1.50979823610594        1.50979837299715     
   1.50979848342214        1.50979859071167        1.50979871876978     
   1.50979874785097        1.50979883600197        1.50979884305859     
   1.50979888923078        1.50979894744323        1.50979894024310     
   1.50979888282291        1.50979882201177        1.50979878329921     
   1.50979869675051        1.50979858058841        1.50979847986802     
   1.50979833689570        1.50979816177671        1.50979806359874     
   1.50979788153408        1.50979772244351        1.50979755174599     
   1.50979742034320        1.50979724347879        1.50979709122543     
   1.50979695301750        1.50979685851909        1.50979671650079     
   1.50979662454285        1.50979654814987        1.50979653014324     
  0.680070031873086       0.680250781874596       0.680285828269671     
  0.680349637880566       0.680426035883210       0.680501623372368     
  0.680575199679912       0.680643413998653       0.680705387729409     
  0.680761341442009       0.680811706847559       0.680857181432665     
  0.680897579990564       0.680934801226429       0.680968645835717     
  0.680999419534246       0.681027438537909       0.681052935835714     
  0.681076156654894       0.681097344519484       0.681116637651795     
  0.681134233827854       0.681150300753178       0.681164971468614     
  0.681178374518796       0.681190638425630       0.681201827627672     
  0.681212065132771       0.681221456365374       0.681230042987231     
  0.681237925507169       0.681245151676623       0.681251783053426     
  0.681257846946970       0.681263428720595       0.681268556041351     
  0.681273285912669       0.681277627356229       0.681281638966218     
  0.681285323604726       0.681288729723493       0.681291851494269     
  0.681294755484619       0.681297426001651       0.681299901336384     
  0.681302191806286       0.681304304613063       0.681306268493270     
  0.681308097177866       0.681309781876802       0.681311344944456     
  0.681312795643691       0.681314150933485       0.681315414775886     
  0.681316598146606       0.681317694622013       0.681318715783642     
  0.681319674820693       0.681320555522311       0.681321399472766     
  0.681322174823516       0.681322921219415       0.681323605485206     
  0.681324255166766       0.681324850254451       0.681325431161840     
  0.681325974636263       0.681326472744134       0.681326953809296     
  0.681327402532614       0.681327819400229       0.681328216966620     
  0.681328598302762       0.681328969351254       0.681329303646745     
  0.681329629177030       0.681329933858845       0.681330227955757     
  0.681330499934936       0.681330767533707       0.681331011812706     
  0.681331237509224       0.681331465527729       0.681331688555889     
  0.681331878908874       0.681332078328029       0.681332258679752     
  0.681332434826747       0.681332596120494       0.681332757481505     
  0.681332894588519       0.681333031666284       0.681333166261067     
  0.681333277961329       0.681333407228831       0.681333510191364     
  0.681333608060935       0.681333698846767       0.681333783856488     
  0.681333864591120       0.681333949097385       0.681334015499958     
  0.681334083667384       0.681334158751120       0.681334217125105     
  0.681334270869813       0.681334323381766       0.681334379654428     
  0.681334436926046       0.681334480616587       0.681334533170913     
  0.681334584531489       0.681334615796622       0.681334669086823     
  0.681334711989107       0.681334767708836       0.681334814147805     
  0.681334850343390       0.681334897258601       0.681334957351792     
  0.681334992772207       0.681335029945605       0.681335081274367     
  0.681335130620129       0.681335182336752       0.681335216262413     
  0.681335271013063       0.681335302485480       0.681335347855223     
  0.681335384324769       0.681335426969465       0.681335457312593     
  0.681335491398730       0.681335511411061       0.681335551283855     
  0.681335566403139       0.681335584418227       0.681335601158821     
  0.681335603109207       0.681335620271397       0.681335630452640     
  0.681335630271850       0.681335630058908       0.681335624571615     
  0.681335611462250       0.681335607055925       0.681335604361533     
  0.681335592667626       0.681335569482989       0.681335566571834     
  0.681335554572774       0.681335531439046       0.681335536107819     
  0.681335521062160       0.681335521288965       0.681335506962858     
  0.681335499043433       0.681335519946636       0.681335505748522     
  0.681335519964855       0.681335546241818       0.681335545885079     
  0.681335564901354       0.681335598347896       0.681335625028802     
  0.681335660172709       0.681335693024755       0.681335727948858     
  0.681335763199981       0.681335814369876       0.681335847116840     
  0.681335880802845       0.681335920864302       0.681335941562143     
  0.681335978615524       0.681336007125628       0.681336043078296     
  0.681336061244563       0.681336068647715       0.681336086340570     
  0.681336092410678       0.681336113300155       0.681336096588893     
  0.681336094195751       0.681336080629614       0.681336073037378     
  0.681336039921325       0.681336005992395       0.681335986213298     
  0.681335947153747       0.681335899683823       0.681335867213038     
  0.681335815788735       0.681335768342767       0.681335733650322     
  0.681335685425153       0.681335669438832       0.681335625929223     
  0.681335594484128       0.681335559932035       0.681335542107674     
  0.681335529939640       0.681335523187184       0.681335523905855     
  0.681335526054550       0.681335541707001       0.681335572416172     
  0.681335590819849       0.681335631152141       0.681335673033533     
  0.681335719033741       0.681335756740002       0.681335828839801     
  0.681335893265980       0.681335953128616       0.681336009499183     
  0.681336077514435       0.681336128772300       0.681336204500575     
  0.681336258682000       0.681336298476578       0.681336349883741     
  0.681336385730028       0.681336416001143       0.681336449934049     
  0.681336440875098       0.681336448525705       0.681336421315190     
  0.681336404370438       0.681336391531998       0.681336351517199     
  0.681336288689526       0.681336221921113       0.681336164855407     
  0.681336089749964       0.681336004569371       0.681335927528693     
  0.681335837599276       0.681335737817785       0.681335673433501     
  0.681335583218332       0.681335506345991       0.681335431427594     
  0.681335379099714       0.681335317678084       0.681335271807643     
  0.681335239303147       0.681335231515986       0.681335212481797     
  0.681335219466054       0.681335238979369       0.681335287403969     
 -3.321215952351726E-003 -7.429378510646784E-004 -7.433307264771827E-004
 -6.911024330695986E-004 -6.240490966058356E-004 -5.525686267749748E-004
 -4.874512815556080E-004 -4.286649137777039E-004 -3.760649473684959E-004
 -3.294051787380421E-004 -2.881054411235746E-004 -2.517654666380105E-004
 -2.189036960034941E-004 -1.908255352512324E-004 -1.661950498256114E-004
 -1.445259078756002E-004 -1.254608655414795E-004 -1.086361257386384E-004
 -9.378972059264905E-005 -8.072414966190447E-005 -6.916475669576988E-005
 -5.896843733903731E-005 -4.999453734063254E-005 -4.209459813627637E-005
 -3.514893466095288E-005 -2.906596699406011E-005 -2.369968108876872E-005
 -1.900336606135222E-005 -1.492562767196200E-005 -1.135192249363860E-005
 -8.262301040206474E-006 -5.581596636657651E-006 -3.266898271438349E-006
 -1.244630476907419E-006  4.737339062125516E-007  1.943178231087699E-006
  3.171357537949935E-006  4.220028851151734E-006  5.078158029817852E-006
  5.801924238199228E-006  6.381897248974800E-006  6.873567677519077E-006
  7.233771559923134E-006  7.523198226883722E-006  7.727359117282240E-006
  7.865749265945495E-006  7.957081639229289E-006  7.990354860770825E-006
  7.972336364212561E-006  7.935438277813201E-006  7.868928137227325E-006
  7.778878123289668E-006  7.658786306958018E-006  7.518080730623534E-006
  7.357062025211149E-006  7.194228060829186E-006  7.024958504606739E-006
  6.841662928351305E-006  6.673635848855917E-006  6.474920027521241E-006
  6.294668097644827E-006  6.087620265474751E-006  5.902749492177173E-006
  5.709087421902018E-006  5.537433609821036E-006  5.338765559147879E-006
  5.149300774759725E-006  4.981282996461909E-006  4.800581937281701E-006
  4.630762855044896E-006  4.473663044298667E-006  4.314741658018916E-006
  4.153097031439089E-006  3.983940986145596E-006  3.842208636259919E-006
  3.692757324055298E-006  3.553100586228752E-006  3.411033602859162E-006
  3.282525328640382E-006  3.145698478173326E-006  3.027063293517627E-006
  2.919552391177805E-006  2.797553194533750E-006  2.673212771559927E-006
  2.581086968104279E-006  2.467588564773435E-006  2.370489687795245E-006
  2.270597502469403E-006  2.182499617541561E-006  2.087431089276339E-006
  2.017102953575611E-006  1.939787659072086E-006  1.859944712268007E-006
  1.804073986425879E-006  1.720829444370696E-006  1.667618560016793E-006
  1.615489093479703E-006  1.568608831593232E-006  1.525482860095495E-006
  1.483840336694310E-006  1.434457423087497E-006  1.406464997620138E-006
  1.373219972833972E-006  1.329099614207344E-006  1.305245936431698E-006
  1.285060247269547E-006  1.264083497018227E-006  1.237448670624030E-006
  1.208947080241343E-006  1.197025644190056E-006  1.172434805101024E-006
  1.148903152650852E-006  1.150098726891889E-006  1.121615986494672E-006
  1.106682958826546E-006  1.074684899598235E-006  1.054962294411844E-006
  1.047335820009373E-006  1.024579772856839E-006  9.846084868470365E-007
  9.759218646075856E-007  9.628965729143854E-007  9.305849098634161E-007
  9.001556251806755E-007  8.656267852750661E-007  8.525449521662413E-007
  8.106851167252747E-007  7.975558320757745E-007  7.642462558685637E-007
  7.408420464864881E-007  7.076572299017621E-007  6.886707937886159E-007
  6.621241518685846E-007  6.513376828875617E-007  6.129221742595260E-007
  6.054565415259073E-007  5.917045467291174E-007  5.775200755231821E-007
  5.807581409819057E-007  5.627569945486697E-007  5.535135956457851E-007
  5.565213659398487E-007  5.581664470968382E-007  5.658344284121511E-007
  5.825557164911488E-007  5.874664848293314E-007  5.908200510817752E-007
  6.061098317436444E-007  6.367219813926107E-007  6.415561782885154E-007
  6.598007401840612E-007  6.928353531264193E-007  6.911491123634190E-007
  7.178855061027490E-007  7.259721661604446E-007  7.547172006948315E-007
  7.761442611789145E-007  7.624215391570342E-007  7.965866103982069E-007
  7.940519110268513E-007  7.783098755194888E-007  7.984929933660624E-007
  7.935660302016627E-007  7.711381810377930E-007  7.589155675608095E-007
  7.358718576267485E-007  7.157128362884857E-007  6.921798332017588E-007
  6.674526293752086E-007  6.216116695063205E-007  5.984217731062545E-007
  5.712069016006462E-007  5.339522910088346E-007  5.192839381325093E-007
  4.801732869096366E-007  4.499891598409678E-007  4.082079155133753E-007
  3.868227188514067E-007  3.756362785204927E-007  3.478777235077116E-007
  3.326966946992580E-007  2.959804082079910E-007  3.063089089804272E-007
  2.946234438247618E-007  2.955243276914935E-007  2.875100543517904E-007
  3.116378731044554E-007  3.344780038274736E-007  3.392668717519284E-007
  3.693856522295151E-007  4.097323738928364E-007  4.316110252485312E-007
  4.801174924226345E-007  5.246661649325289E-007  5.553629615328772E-007
  6.064650882357556E-007  6.191078387076634E-007  6.717122658605001E-007
  7.109705520066778E-007  7.578162785350781E-007  7.869724631382089E-007
  8.120527400943262E-007  8.345873306443453E-007  8.510049663880247E-007
  8.686390851545199E-007  8.719286656967371E-007  8.591110360979080E-007
  8.643842779108832E-007  8.425817847470737E-007  8.207390114861149E-007
  7.945586478179638E-007  7.781305093556780E-007  7.166224948622992E-007
  6.654774051167675E-007  6.186242040233709E-007  5.731135927951341E-007
  5.092415367714169E-007  4.637916753947478E-007  3.827634634877126E-007
  3.262200131104937E-007  2.824627652760282E-007  2.185480135586799E-007
  1.696213871005171E-007  1.228036959476955E-007  6.647608484833965E-008
  6.096829014112105E-008  2.748643379395438E-008  3.510755456209653E-008
  2.429024995740814E-008  6.583828664035190E-009  2.246164472925879E-008
  6.487731913084716E-008  1.098530912767716E-007  1.425896189712718E-007
  1.999836286465135E-007  2.719050591547606E-007  3.356500054338713E-007
  4.200776092458036E-007  5.208942064573085E-007  5.815522560517529E-007
  6.834393818257302E-007  7.738788114750948E-007  8.693409411280023E-007
  9.441601203189047E-007  1.040484506112275E-006  1.124725640783750E-006
  1.201098969335189E-006  1.255281053599605E-006  1.333566728470100E-006
  1.386406882202551E-006  1.431756951570066E-006  1.447934609238501E-006
