          1.328090
          1.328277
          1.328227
          1.328188
          1.328160
          1.328135
          1.328117
          1.328102
          1.328090
          1.328081
          1.328072
          1.328066
          1.328059
          1.328055
          1.328051
          1.328047
          1.328045
          1.328043
          1.328041
          1.328040
          1.328039
          1.328038
          1.328037
          1.328037
          1.328037
          1.328037
          1.328037
          1.328037
          1.328037
          1.328037
          1.328038
          1.328038
          1.328039
          1.328039
          1.328040
          1.328040
          1.328041
          1.328041
          1.328042
          1.328042
          1.328043
          1.328044
          1.328044
          1.328045
          1.328045
          1.328046
          1.328046
          1.328047
          1.328047
          1.328048
          1.328048
          1.328049
          1.328049
          1.328050
          1.328050
          1.328050
          1.328051
          1.328051
          1.328052
          1.328052
          1.328052
          1.328053
          1.328053
          1.328053
          1.328054
          1.328054
          1.328054
          1.328055
          1.328055
          1.328055
          1.328055
          1.328056
          1.328056
          1.328056
          1.328056
          1.328056
          1.328057
          1.328057
          1.328057
          1.328057
          1.328057
          1.328058
          1.328058
          1.328058
          1.328058
          1.328058
          1.328058
          1.328059
          1.328059
          1.328059
          1.328059
          1.328059
          1.328059
          1.328059
          1.328059
          1.328060
          1.328060
          1.328060
          1.328060
          1.328060
          1.328060
          1.328060
          1.328060
          1.328060
          1.328060
          1.328060
          1.328060
          1.328060
          1.328061
          1.328061
          1.328061
          1.328061
          1.328061
          1.328061
          1.328061
          1.328061
          1.328061
          1.328061
          1.328061
          1.328061
          1.328061
          1.328061
          1.328061
          1.328061
          1.328061
          1.328061
          1.328062
          1.328062
          1.328062
          1.328062
          1.328062
          1.328062
          1.328062
          1.328062
          1.328062
          1.328062
          1.328062
          1.328062
          1.328062
          1.328062
          1.328062
          1.328062
          1.328062
          1.328062
          1.328062
          1.328062
          1.328062
          1.328062
          1.328062
          1.328062
          1.328062
          1.328062
          1.328062
          1.328062
          1.328062
          1.328062
          1.328062
          1.328062
          1.328062
          1.328062
          1.328062
          1.328062
          1.328062
          1.328062
          1.328062
          1.328062
          1.328062
          1.328062
          1.328062
          1.328062
          1.328062
          1.328062
          1.328063
          1.328063
          1.328063
          1.328063
          1.328063
          1.328063
          1.328063
          1.328063
          1.328063
          1.328063
          1.328063
          1.328063
          1.328063
          1.328063
          1.328063
          1.328063
          1.328063
          1.328063
          1.328063
          1.328063
          1.328063
          1.328063
          1.328063
          1.328063
          1.328063
          1.328062
          1.328062
          1.328062
          1.328062
          1.328062
          1.328062
          1.328062
          1.328062
          1.328062
          1.328062
          1.328062
          1.328062
          1.328062
          1.328062
          1.328062
          1.328062
          1.328063
          1.328063
          1.328063
          1.328063
          1.328063
          1.328063
          1.328063
          1.328063
          1.328063
          1.328063
          1.328063
          1.328063
          1.328063
          1.328063
          1.328063
          1.328063
          1.328063
          1.328063
          1.328063
          1.328063
          1.328063
          1.328063
          1.328063
          1.328063
          1.328063
          1.328063
          1.328063
          1.328063
          1.328062
          1.328062
          1.328062
          1.328062
          1.328062
          1.328062
          1.328062
          1.328062
          1.328062
          1.328062
          1.328062
