         13.310234
         13.306398
         13.306727
         13.307056
         13.307377
         13.307692
         13.307995
         13.308281
         13.308548
         13.308792
         13.309011
         13.309205
         13.309373
         13.309516
         13.309634
         13.309730
         13.309804
         13.309860
         13.309898
         13.309922
         13.309933
         13.309933
         13.309924
         13.309907
         13.309885
         13.309861
         13.309835
         13.309809
         13.309786
         13.309765
         13.309750
         13.309739
         13.309735
         13.309739
         13.309746
         13.309761
         13.309783
         13.309813
         13.309848
         13.309889
         13.309937
         13.309990
         13.310047
         13.310107
         13.310169
         13.310233
         13.310295
         13.310356
         13.310414
         13.310469
         13.310519
         13.310563
         13.310600
         13.310630
         13.310653
         13.310667
         13.310675
         13.310676
         13.310670
         13.310656
         13.310635
         13.310605
         13.310572
         13.310533
         13.310488
         13.310440
         13.310389
         13.310338
         13.310285
         13.310232
         13.310181
         13.310135
         13.310092
         13.310053
         13.310019
         13.309991
         13.309969
         13.309954
         13.309947
         13.309946
         13.309949
         13.309957
         13.309972
         13.309994
         13.310022
         13.310055
         13.310091
         13.310132
         13.310175
         13.310221
         13.310267
         13.310313
         13.310357
         13.310400
         13.310440
         13.310474
         13.310504
         13.310529
         13.310551
         13.310565
         13.310572
         13.310575
         13.310573
         13.310565
         13.310553
         13.310534
         13.310511
         13.310482
         13.310452
         13.310417
         13.310379
         13.310338
         13.310298
         13.310258
         13.310219
         13.310180
         13.310144
         13.310111
         13.310082
         13.310056
         13.310035
         13.310019
         13.310009
         13.310005
         13.310003
         13.310006
         13.310014
         13.310028
         13.310045
         13.310067
         13.310093
         13.310122
         13.310153
         13.310185
         13.310218
         13.310253
         13.310288
         13.310321
         13.310352
         13.310383
         13.310410
         13.310433
         13.310451
         13.310467
         13.310482
         13.310495
         13.310505
         13.310509
         13.310504
         13.310490
         13.310466
         13.310433
         13.310395
         13.310353
         13.310313
         13.310278
         13.310248
         13.310223
         13.310202
         13.310184
         13.310167
         13.310151
         13.310137
         13.310123
         13.310110
         13.310099
         13.310089
         13.310081
         13.310076
         13.310072
         13.310069
         13.310068
         13.310068
         13.310069
         13.310070
         13.310070
         13.310070
         13.310070
         13.310072
         13.310074
         13.310077
         13.310081
         13.310086
         13.310091
         13.310096
         13.310101
         13.310106
         13.310112
         13.310118
         13.310122
         13.310128
         13.310134
         13.310140
         13.310145
         13.310150
         13.310153
         13.310158
         13.310162
         13.310164
         13.310167
         13.310169
         13.310173
         13.310174
         13.310178
         13.310182
         13.310188
         13.310193
         13.310196
         13.310198
         13.310199
         13.310201
         13.310202
         13.310202
         13.310202
         13.310201
         13.310200
         13.310199
         13.310198
         13.310195
         13.310193
         13.310191
         13.310188
         13.310185
         13.310181
         13.310179
         13.310175
         13.310172
         13.310171
         13.310168
         13.310166
         13.310165
         13.310162
         13.310160
         13.310157
         13.310156
         13.310156
         13.310155
         13.310153
         13.310153
         13.310152
         13.310151
         13.310149
         13.310144
         13.310140
         13.310135
         13.310132
         13.310129
         13.310125
         13.310123
         13.310119
         13.310117
         13.310115
         13.310113
