          0.611645
          0.611852
          0.611885
          0.611919
          0.611949
          0.611979
          0.612007
          0.612033
          0.612057
          0.612079
          0.612100
          0.612119
          0.612137
          0.612152
          0.612166
          0.612179
          0.612190
          0.612200
          0.612207
          0.612213
          0.612220
          0.612226
          0.612232
          0.612238
          0.612244
          0.612250
          0.612256
          0.612261
          0.612267
          0.612273
          0.612279
          0.612285
          0.612292
          0.612300
          0.612308
          0.612315
          0.612322
          0.612331
          0.612338
          0.612344
          0.612350
          0.612356
          0.612362
          0.612367
          0.612372
          0.612377
          0.612381
          0.612385
          0.612387
          0.612390
          0.612392
          0.612393
          0.612394
          0.612394
          0.612394
          0.612391
          0.612389
          0.612387
          0.612384
          0.612382
          0.612379
          0.612375
          0.612372
          0.612370
          0.612368
          0.612365
          0.612363
          0.612361
          0.612359
          0.612358
          0.612357
          0.612356
          0.612356
          0.612356
          0.612356
          0.612357
          0.612359
          0.612360
          0.612364
          0.612369
          0.612372
          0.612375
          0.612378
          0.612381
          0.612384
          0.612387
          0.612390
          0.612393
          0.612395
          0.612398
          0.612400
          0.612402
          0.612403
          0.612404
          0.612405
          0.612405
          0.612405
          0.612405
          0.612404
          0.612403
          0.612399
          0.612397
          0.612394
          0.612392
          0.612389
          0.612387
          0.612384
          0.612380
          0.612378
          0.612376
          0.612374
          0.612372
          0.612370
          0.612368
          0.612367
          0.612366
          0.612365
          0.612365
          0.612365
          0.612365
          0.612366
          0.612367
          0.612368
          0.612373
          0.612376
          0.612378
          0.612380
          0.612382
          0.612385
          0.612387
          0.612389
          0.612391
          0.612393
          0.612395
          0.612397
          0.612398
          0.612399
          0.612401
          0.612401
          0.612402
          0.612402
          0.612402
          0.612401
          0.612399
          0.612397
          0.612395
          0.612392
          0.612389
          0.612384
          0.612382
          0.612380
          0.612379
          0.612379
          0.612379
          0.612378
          0.612378
          0.612378
          0.612378
          0.612377
          0.612377
          0.612376
          0.612376
          0.612376
          0.612376
          0.612376
          0.612376
          0.612376
          0.612376
          0.612376
          0.612376
          0.612377
          0.612377
          0.612377
          0.612379
          0.612380
          0.612381
          0.612382
          0.612382
          0.612383
          0.612383
          0.612384
          0.612384
          0.612384
          0.612384
          0.612384
          0.612385
          0.612385
          0.612385
          0.612385
          0.612385
          0.612386
          0.612386
          0.612386
          0.612386
          0.612386
          0.612386
          0.612386
          0.612386
          0.612386
          0.612386
          0.612387
          0.612387
          0.612385
          0.612384
          0.612383
          0.612383
          0.612382
          0.612382
          0.612382
          0.612382
          0.612382
          0.612382
          0.612382
          0.612382
          0.612382
          0.612381
          0.612381
          0.612381
          0.612381
          0.612381
          0.612381
          0.612381
          0.612381
          0.612381
          0.612381
          0.612381
          0.612381
          0.612381
          0.612381
          0.612381
          0.612381
          0.612381
          0.612381
          0.612381
          0.612381
          0.612381
          0.612381
          0.612381
          0.612381
          0.612381
          0.612383
          0.612384
          0.612384
          0.612385
          0.612385
          0.612386
          0.612386
          0.612386
          0.612386
          0.612386
          0.612386
          0.612386
