          1.321998
          1.322913
          1.322923
          1.322865
          1.322789
          1.322710
          1.322637
          1.322572
          1.322514
          1.322465
          1.322421
          1.322383
          1.322350
          1.322320
          1.322294
          1.322271
          1.322250
          1.322232
          1.322215
          1.322200
          1.322186
          1.322173
          1.322161
          1.322149
          1.322138
          1.322128
          1.322118
          1.322109
          1.322100
          1.322091
          1.322082
          1.322074
          1.322066
          1.322058
          1.322051
          1.322044
          1.322037
          1.322031
          1.322025
          1.322019
          1.322014
          1.322010
          1.322006
          1.322003
          1.322000
          1.321997
          1.321996
          1.321994
          1.321994
          1.321993
          1.321994
          1.321994
          1.321995
          1.321997
          1.321998
          1.322000
          1.322002
          1.322004
          1.322006
          1.322009
          1.322011
          1.322013
          1.322014
          1.322016
          1.322017
          1.322018
          1.322019
          1.322019
          1.322019
          1.322019
          1.322019
          1.322018
          1.322016
          1.322015
          1.322013
          1.322011
          1.322009
          1.322006
          1.322004
          1.322001
          1.321999
          1.321996
          1.321994
          1.321992
          1.321990
          1.321988
          1.321986
          1.321985
          1.321984
          1.321983
          1.321983
          1.321982
          1.321983
          1.321983
          1.321984
          1.321985
          1.321986
          1.321988
          1.321990
          1.321992
          1.321994
          1.321996
          1.321998
          1.322000
          1.322002
          1.322004
          1.322006
          1.322007
          1.322009
          1.322010
          1.322011
          1.322012
          1.322012
          1.322012
          1.322012
          1.322012
          1.322011
          1.322010
          1.322009
          1.322008
          1.322006
          1.322005
          1.322003
          1.322001
          1.321999
          1.321997
          1.321995
          1.321994
          1.321992
          1.321991
          1.321989
          1.321988
          1.321987
          1.321986
          1.321986
          1.321986
          1.321986
          1.321986
          1.321986
          1.321987
          1.321988
          1.321989
          1.321990
          1.321992
          1.321993
          1.321995
          1.321996
          1.321998
          1.322000
          1.322002
          1.322003
          1.322005
          1.322006
          1.322007
          1.322008
          1.322008
          1.322007
          1.322007
          1.322006
          1.322005
          1.322005
          1.322004
          1.322004
          1.322003
          1.322003
          1.322002
          1.322002
          1.322002
          1.322001
          1.322001
          1.322000
          1.322000
          1.321999
          1.321999
          1.321999
          1.321998
          1.321998
          1.321998
          1.321997
          1.321997
          1.321997
          1.321997
          1.321997
          1.321996
          1.321996
          1.321996
          1.321996
          1.321996
          1.321996
          1.321996
          1.321996
          1.321996
          1.321996
          1.321996
          1.321996
          1.321996
          1.321997
          1.321997
          1.321997
          1.321997
          1.321997
          1.321997
          1.321997
          1.321997
          1.321997
          1.321997
          1.321997
          1.321998
          1.321998
          1.321998
          1.321998
          1.321998
          1.321998
          1.321998
          1.321998
          1.321998
          1.321998
          1.321999
          1.321999
          1.321999
          1.321999
          1.321999
          1.321999
          1.321999
          1.321999
          1.321999
          1.321999
          1.321999
          1.321999
          1.321999
          1.321999
          1.321999
          1.321999
          1.321998
          1.321998
          1.321998
          1.321998
          1.321998
          1.321998
          1.321998
          1.321998
          1.321998
          1.321998
          1.321998
          1.321998
          1.321998
          1.321998
          1.321998
          1.321998
          1.321998
          1.321998
          1.321998
          1.321998
