          0.008637
          0.008866
          0.008857
          0.008842
          0.008824
          0.008805
          0.008786
          0.008768
          0.008750
          0.008734
          0.008719
          0.008705
          0.008692
          0.008681
          0.008671
          0.008662
          0.008654
          0.008647
          0.008641
          0.008637
          0.008633
          0.008630
          0.008628
          0.008627
          0.008626
          0.008626
          0.008627
          0.008628
          0.008629
          0.008631
          0.008633
          0.008635
          0.008637
          0.008639
          0.008641
          0.008643
          0.008645
          0.008647
          0.008648
          0.008649
          0.008650
          0.008651
          0.008651
          0.008650
          0.008650
          0.008649
          0.008648
          0.008647
          0.008645
          0.008643
          0.008641
          0.008639
          0.008637
          0.008634
          0.008632
          0.008630
          0.008628
          0.008626
          0.008624
          0.008623
          0.008622
          0.008621
          0.008620
          0.008620
          0.008619
          0.008620
          0.008620
          0.008621
          0.008622
          0.008624
          0.008625
          0.008627
          0.008629
          0.008631
          0.008633
          0.008635
          0.008637
          0.008639
          0.008641
          0.008643
          0.008645
          0.008647
          0.008648
          0.008649
          0.008650
          0.008650
          0.008651
          0.008651
          0.008651
          0.008650
          0.008649
          0.008648
          0.008647
          0.008646
          0.008644
          0.008642
          0.008640
          0.008639
          0.008637
          0.008635
          0.008633
          0.008632
          0.008630
          0.008629
          0.008628
          0.008627
          0.008626
          0.008625
          0.008625
          0.008625
          0.008625
          0.008625
          0.008626
          0.008627
          0.008628
          0.008629
          0.008630
          0.008632
          0.008633
          0.008635
          0.008637
          0.008638
          0.008640
          0.008641
          0.008643
          0.008644
          0.008645
          0.008646
          0.008647
          0.008647
          0.008648
          0.008648
          0.008648
          0.008648
          0.008647
          0.008647
          0.008646
          0.008645
          0.008644
          0.008643
          0.008641
          0.008640
          0.008638
          0.008637
          0.008635
          0.008634
          0.008632
          0.008631
          0.008630
          0.008629
          0.008629
          0.008629
          0.008629
          0.008629
          0.008630
          0.008631
          0.008631
          0.008632
          0.008632
          0.008633
          0.008633
          0.008634
          0.008634
          0.008634
          0.008635
          0.008635
          0.008636
          0.008636
          0.008637
          0.008637
          0.008637
          0.008638
          0.008638
          0.008638
          0.008638
          0.008638
          0.008639
          0.008639
          0.008639
          0.008639
          0.008639
          0.008639
          0.008639
          0.008639
          0.008639
          0.008639
          0.008639
          0.008639
          0.008639
          0.008639
          0.008639
          0.008639
          0.008639
          0.008639
          0.008639
          0.008639
          0.008638
          0.008638
          0.008638
          0.008638
          0.008638
          0.008638
          0.008638
          0.008638
          0.008638
          0.008638
          0.008637
          0.008637
          0.008637
          0.008637
          0.008637
          0.008637
          0.008637
          0.008637
          0.008637
          0.008637
          0.008637
          0.008637
          0.008637
          0.008637
          0.008637
          0.008637
          0.008637
          0.008637
          0.008637
          0.008637
          0.008637
          0.008637
          0.008637
          0.008637
          0.008637
          0.008637
          0.008637
          0.008637
          0.008637
          0.008637
          0.008637
          0.008637
          0.008637
          0.008637
          0.008637
          0.008637
          0.008637
          0.008637
          0.008637
          0.008638
          0.008638
          0.008638
          0.008638
          0.008638
          0.008638
          0.008638
