          0.281428
          0.281463
          0.281494
          0.281529
          0.281562
          0.281589
          0.281613
          0.281637
          0.281658
          0.281676
          0.281690
          0.281702
          0.281712
          0.281720
          0.281727
          0.281730
          0.281734
          0.281736
          0.281736
          0.281739
          0.281736
          0.281735
          0.281732
          0.281732
          0.281730
          0.281727
          0.281725
          0.281724
          0.281722
          0.281722
          0.281720
          0.281720
          0.281721
          0.281718
          0.281719
          0.281720
          0.281721
          0.281724
          0.281723
          0.281729
          0.281730
          0.281735
          0.281736
          0.281741
          0.281744
          0.281746
          0.281747
          0.281751
          0.281753
          0.281753
          0.281756
          0.281755
          0.281755
          0.281756
          0.281754
          0.281755
          0.281754
          0.281754
          0.281752
          0.281749
          0.281744
          0.281743
          0.281741
          0.281735
          0.281733
          0.281729
          0.281727
          0.281721
          0.281718
          0.281716
          0.281716
          0.281713
          0.281709
          0.281709
          0.281708
          0.281708
          0.281708
          0.281709
          0.281708
          0.281708
          0.281705
          0.281709
          0.281710
          0.281714
          0.281717
          0.281717
          0.281721
          0.281725
          0.281728
          0.281731
          0.281733
          0.281734
          0.281738
          0.281739
          0.281737
          0.281739
          0.281741
          0.281743
          0.281741
          0.281739
          0.281741
          0.281742
          0.281740
          0.281740
          0.281738
          0.281736
          0.281732
          0.281733
          0.281729
          0.281726
          0.281722
          0.281723
          0.281720
          0.281718
          0.281714
          0.281714
          0.281711
          0.281712
          0.281709
          0.281709
          0.281709
          0.281710
          0.281712
          0.281708
          0.281710
          0.281710
          0.281712
          0.281712
          0.281715
          0.281717
          0.281719
          0.281722
          0.281720
          0.281724
          0.281727
          0.281730
          0.281728
          0.281733
          0.281736
          0.281736
          0.281735
          0.281736
          0.281740
          0.281744
          0.281748
          0.281750
          0.281749
          0.281743
          0.281733
          0.281724
          0.281714
          0.281709
          0.281703
          0.281703
          0.281708
          0.281711
          0.281714
          0.281719
          0.281718
          0.281718
          0.281717
          0.281717
          0.281715
          0.281715
          0.281716
          0.281715
          0.281717
          0.281717
          0.281718
          0.281719
          0.281719
          0.281719
          0.281719
          0.281721
          0.281717
          0.281718
          0.281717
          0.281718
          0.281719
          0.281717
          0.281720
          0.281722
          0.281720
          0.281721
          0.281722
          0.281720
          0.281723
          0.281722
          0.281720
          0.281724
          0.281722
          0.281724
          0.281723
          0.281723
          0.281721
          0.281725
          0.281722
          0.281721
          0.281721
          0.281723
          0.281724
          0.281721
          0.281723
          0.281726
          0.281728
          0.281727
          0.281724
          0.281724
          0.281724
          0.281725
          0.281724
          0.281724
          0.281724
          0.281722
          0.281723
          0.281724
          0.281723
          0.281721
          0.281723
          0.281722
          0.281722
          0.281720
          0.281720
          0.281721
          0.281720
          0.281720
          0.281722
          0.281721
          0.281721
          0.281722
          0.281720
          0.281720
          0.281719
          0.281721
          0.281722
          0.281721
          0.281720
          0.281723
          0.281719
          0.281721
          0.281720
          0.281716
          0.281717
          0.281715
          0.281717
          0.281718
          0.281717
          0.281718
          0.281716
          0.281719
          0.281718
          0.281719
