         11.988236
         11.987941
         11.987687
         11.987470
         11.987294
         11.987155
         11.987046
         11.986964
         11.986907
         11.986873
         11.986857
         11.986856
         11.986867
         11.986888
         11.986916
         11.986950
         11.986987
         11.987027
         11.987068
         11.987108
         11.987150
         11.987188
         11.987224
         11.987257
         11.987288
         11.987317
         11.987342
         11.987364
         11.987385
         11.987404
         11.987421
         11.987437
         11.987452
         11.987468
         11.987481
         11.987494
         11.987508
         11.987523
         11.987540
         11.987556
         11.987578
         11.987600
         11.987626
         11.987654
         11.987684
         11.987717
         11.987752
         11.987787
         11.987825
         11.987864
         11.987903
         11.987943
         11.987981
         11.988019
         11.988056
         11.988091
         11.988125
         11.988159
         11.988191
         11.988221
         11.988246
         11.988267
         11.988285
         11.988302
         11.988311
         11.988319
         11.988323
         11.988324
         11.988320
         11.988312
         11.988303
         11.988294
         11.988282
         11.988267
         11.988252
         11.988236
         11.988220
         11.988205
         11.988191
         11.988177
         11.988162
         11.988146
         11.988134
         11.988123
         11.988115
         11.988111
         11.988108
         11.988109
         11.988113
         11.988120
         11.988129
         11.988141
         11.988153
         11.988170
         11.988187
         11.988202
         11.988219
         11.988237
         11.988257
         11.988273
         11.988288
         11.988305
         11.988322
         11.988336
         11.988350
         11.988362
         11.988372
         11.988377
         11.988384
         11.988386
         11.988384
         11.988380
         11.988375
         11.988368
         11.988360
         11.988347
         11.988336
         11.988321
         11.988307
         11.988291
         11.988275
         11.988259
         11.988245
         11.988233
         11.988217
         11.988204
         11.988191
         11.988181
         11.988170
         11.988164
         11.988159
         11.988156
         11.988156
         11.988155
         11.988157
         11.988163
         11.988171
         11.988177
         11.988188
         11.988201
         11.988214
         11.988226
         11.988238
         11.988255
         11.988275
         11.988299
         11.988324
         11.988347
         11.988364
         11.988371
         11.988368
         11.988355
         11.988338
         11.988315
         11.988292
         11.988275
         11.988262
         11.988251
         11.988246
         11.988241
         11.988234
         11.988228
         11.988222
         11.988214
         11.988206
         11.988199
         11.988191
         11.988186
         11.988181
         11.988177
         11.988173
         11.988170
         11.988167
         11.988165
         11.988163
         11.988159
         11.988155
         11.988150
         11.988146
         11.988144
         11.988140
         11.988139
         11.988139
         11.988138
         11.988138
         11.988139
         11.988137
         11.988139
         11.988140
         11.988138
         11.988141
         11.988142
         11.988144
         11.988146
         11.988148
         11.988147
         11.988151
         11.988151
         11.988150
         11.988150
         11.988151
         11.988154
         11.988153
         11.988155
         11.988159
         11.988166
         11.988171
         11.988173
         11.988175
         11.988176
         11.988179
         11.988181
         11.988183
         11.988184
         11.988184
         11.988185
         11.988186
         11.988187
         11.988186
         11.988186
         11.988185
         11.988185
         11.988183
         11.988181
         11.988180
         11.988177
         11.988176
         11.988176
         11.988174
         11.988173
         11.988173
         11.988170
         11.988169
         11.988166
         11.988166
         11.988166
         11.988164
         11.988163
         11.988164
         11.988160
         11.988160
         11.988158
         11.988152
         11.988148
         11.988142
         11.988137
         11.988134
         11.988129
         11.988127
         11.988122
         11.988120
         11.988117
         11.988114
