          0.424732
          0.424799
          0.424776
          0.424760
          0.424746
          0.424733
          0.424721
          0.424711
          0.424702
          0.424693
          0.424684
          0.424675
          0.424666
          0.424658
          0.424649
          0.424640
          0.424633
          0.424625
          0.424616
          0.424608
          0.424600
          0.424594
          0.424587
          0.424583
          0.424579
          0.424575
          0.424572
          0.424571
          0.424569
          0.424569
          0.424569
          0.424570
          0.424572
          0.424573
          0.424576
          0.424580
          0.424583
          0.424588
          0.424591
          0.424597
          0.424600
          0.424604
          0.424607
          0.424611
          0.424614
          0.424616
          0.424617
          0.424620
          0.424621
          0.424620
          0.424621
          0.424619
          0.424618
          0.424616
          0.424613
          0.424610
          0.424607
          0.424604
          0.424600
          0.424596
          0.424590
          0.424586
          0.424582
          0.424577
          0.424574
          0.424570
          0.424568
          0.424564
          0.424561
          0.424560
          0.424560
          0.424559
          0.424557
          0.424558
          0.424559
          0.424560
          0.424562
          0.424565
          0.424567
          0.424571
          0.424572
          0.424577
          0.424580
          0.424585
          0.424589
          0.424591
          0.424595
          0.424599
          0.424602
          0.424604
          0.424606
          0.424607
          0.424610
          0.424610
          0.424609
          0.424609
          0.424609
          0.424609
          0.424606
          0.424603
          0.424602
          0.424600
          0.424597
          0.424594
          0.424591
          0.424588
          0.424584
          0.424581
          0.424577
          0.424574
          0.424571
          0.424570
          0.424568
          0.424566
          0.424564
          0.424564
          0.424562
          0.424563
          0.424563
          0.424563
          0.424565
          0.424566
          0.424569
          0.424570
          0.424574
          0.424576
          0.424579
          0.424581
          0.424585
          0.424587
          0.424590
          0.424593
          0.424594
          0.424597
          0.424599
          0.424601
          0.424601
          0.424604
          0.424605
          0.424605
          0.424604
          0.424603
          0.424605
          0.424605
          0.424604
          0.424603
          0.424599
          0.424593
          0.424584
          0.424578
          0.424571
          0.424569
          0.424567
          0.424568
          0.424573
          0.424575
          0.424578
          0.424581
          0.424581
          0.424581
          0.424580
          0.424580
          0.424579
          0.424579
          0.424580
          0.424580
          0.424581
          0.424582
          0.424582
          0.424583
          0.424583
          0.424583
          0.424583
          0.424585
          0.424583
          0.424584
          0.424584
          0.424585
          0.424586
          0.424585
          0.424587
          0.424588
          0.424587
          0.424587
          0.424588
          0.424587
          0.424588
          0.424588
          0.424587
          0.424589
          0.424588
          0.424589
          0.424588
          0.424588
          0.424587
          0.424589
          0.424587
          0.424587
          0.424587
          0.424588
          0.424588
          0.424587
          0.424588
          0.424588
          0.424589
          0.424588
          0.424586
          0.424585
          0.424585
          0.424586
          0.424585
          0.424585
          0.424585
          0.424584
          0.424584
          0.424584
          0.424584
          0.424583
          0.424584
          0.424583
          0.424583
          0.424582
          0.424582
          0.424583
          0.424582
          0.424583
          0.424584
          0.424583
          0.424583
          0.424583
          0.424582
          0.424583
          0.424582
          0.424584
          0.424584
          0.424583
          0.424583
          0.424584
          0.424582
          0.424584
          0.424584
          0.424582
          0.424584
          0.424583
          0.424584
          0.424585
          0.424585
          0.424586
          0.424585
          0.424586
          0.424586
          0.424586
