          0.679986
          0.680103
          0.680154
          0.680225
          0.680293
          0.680354
          0.680409
          0.680459
          0.680502
          0.680540
          0.680572
          0.680600
          0.680624
          0.680644
          0.680662
          0.680675
          0.680688
          0.680698
          0.680705
          0.680713
          0.680720
          0.680727
          0.680733
          0.680741
          0.680749
          0.680757
          0.680766
          0.680777
          0.680787
          0.680800
          0.680812
          0.680825
          0.680840
          0.680854
          0.680869
          0.680885
          0.680900
          0.680918
          0.680930
          0.680947
          0.680959
          0.680973
          0.680984
          0.680996
          0.681005
          0.681014
          0.681019
          0.681026
          0.681030
          0.681031
          0.681032
          0.681030
          0.681027
          0.681024
          0.681018
          0.681012
          0.681005
          0.680998
          0.680989
          0.680980
          0.680970
          0.680961
          0.680954
          0.680945
          0.680938
          0.680931
          0.680926
          0.680919
          0.680915
          0.680913
          0.680914
          0.680913
          0.680912
          0.680915
          0.680919
          0.680923
          0.680929
          0.680936
          0.680944
          0.680953
          0.680958
          0.680968
          0.680976
          0.680985
          0.680994
          0.681001
          0.681009
          0.681017
          0.681024
          0.681029
          0.681033
          0.681036
          0.681039
          0.681040
          0.681037
          0.681037
          0.681035
          0.681033
          0.681026
          0.681020
          0.681015
          0.681010
          0.681002
          0.680996
          0.680988
          0.680981
          0.680973
          0.680966
          0.680959
          0.680953
          0.680947
          0.680944
          0.680940
          0.680937
          0.680933
          0.680933
          0.680932
          0.680934
          0.680934
          0.680937
          0.680940
          0.680945
          0.680951
          0.680956
          0.680963
          0.680969
          0.680976
          0.680981
          0.680988
          0.680994
          0.681000
          0.681006
          0.681008
          0.681014
          0.681019
          0.681023
          0.681024
          0.681027
          0.681029
          0.681028
          0.681026
          0.681024
          0.681024
          0.681022
          0.681020
          0.681016
          0.681009
          0.680998
          0.680983
          0.680971
          0.680959
          0.680953
          0.680948
          0.680948
          0.680952
          0.680955
          0.680959
          0.680964
          0.680964
          0.680964
          0.680964
          0.680965
          0.680964
          0.680964
          0.680966
          0.680966
          0.680968
          0.680970
          0.680971
          0.680973
          0.680974
          0.680975
          0.680976
          0.680979
          0.680978
          0.680979
          0.680979
          0.680980
          0.680982
          0.680981
          0.680984
          0.680985
          0.680984
          0.680984
          0.680986
          0.680984
          0.680987
          0.680986
          0.680984
          0.680987
          0.680986
          0.680987
          0.680987
          0.680987
          0.680985
          0.680988
          0.680985
          0.680985
          0.680985
          0.680986
          0.680987
          0.680985
          0.680985
          0.680987
          0.680987
          0.680986
          0.680984
          0.680983
          0.680983
          0.680984
          0.680983
          0.680983
          0.680983
          0.680982
          0.680982
          0.680982
          0.680982
          0.680981
          0.680982
          0.680981
          0.680981
          0.680979
          0.680979
          0.680980
          0.680979
          0.680980
          0.680981
          0.680980
          0.680980
          0.680981
          0.680980
          0.680980
          0.680980
          0.680981
          0.680982
          0.680981
          0.680981
          0.680983
          0.680980
          0.680982
          0.680982
          0.680980
          0.680982
          0.680980
          0.680982
          0.680983
          0.680982
          0.680983
          0.680981
          0.680983
          0.680983
          0.680983
