          1.000151
          1.000145
          1.000135
          1.000123
          1.000111
          1.000098
          1.000086
          1.000075
          1.000064
          1.000054
          1.000044
          1.000036
          1.000029
          1.000022
          1.000016
          1.000011
          1.000006
          1.000003
          1.000000
          0.999997
          0.999995
          0.999994
          0.999993
          0.999993
          0.999993
          0.999993
          0.999994
          0.999995
          0.999996
          0.999997
          0.999998
          1.000000
          1.000001
          1.000003
          1.000004
          1.000005
          1.000006
          1.000007
          1.000008
          1.000008
          1.000009
          1.000009
          1.000009
          1.000008
          1.000008
          1.000007
          1.000006
          1.000005
          1.000004
          1.000002
          1.000001
          0.999999
          0.999998
          0.999997
          0.999995
          0.999994
          0.999992
          0.999991
          0.999990
          0.999989
          0.999989
          0.999988
          0.999988
          0.999988
          0.999988
          0.999989
          0.999989
          0.999990
          0.999991
          0.999992
          0.999993
          0.999994
          0.999996
          0.999997
          0.999998
          1.000000
          1.000001
          1.000003
          1.000004
          1.000005
          1.000006
          1.000007
          1.000008
          1.000008
          1.000009
          1.000009
          1.000009
          1.000009
          1.000008
          1.000008
          1.000007
          1.000006
          1.000005
          1.000004
          1.000003
          1.000002
          1.000001
          1.000000
          0.999998
          0.999997
          0.999996
          0.999995
          0.999994
          0.999993
          0.999993
          0.999992
          0.999992
          0.999992
          0.999992
          0.999992
          0.999992
          0.999992
          0.999993
          0.999994
          0.999994
          0.999995
          0.999996
          0.999997
          0.999998
          0.999999
          1.000001
          1.000002
          1.000003
          1.000004
          1.000004
          1.000005
          1.000006
          1.000006
          1.000007
          1.000007
          1.000007
          1.000007
          1.000007
          1.000006
          1.000006
          1.000006
          1.000005
          1.000004
          1.000003
          1.000002
          1.000001
          1.000001
          1.000000
          0.999999
          0.999998
          0.999997
          0.999996
          0.999995
          0.999994
          0.999994
          0.999994
          0.999994
          0.999995
          0.999995
          0.999996
          0.999996
          0.999996
          0.999997
          0.999997
          0.999997
          0.999997
          0.999998
          0.999998
          0.999998
          0.999999
          0.999999
          0.999999
          0.999999
          1.000000
          1.000000
          1.000000
          1.000000
          1.000000
          1.000001
          1.000001
          1.000001
          1.000001
          1.000001
          1.000001
          1.000001
          1.000001
          1.000001
          1.000001
          1.000001
          1.000001
          1.000001
          1.000001
          1.000001
          1.000001
          1.000001
          1.000001
          1.000001
          1.000001
          1.000001
          1.000001
          1.000001
          1.000001
          1.000001
          1.000000
          1.000000
          1.000000
          1.000000
          1.000000
          1.000000
          1.000000
          1.000000
          1.000000
          1.000000
          1.000000
          1.000000
          1.000000
          1.000000
          1.000000
          1.000000
          1.000000
          1.000000
          1.000000
          1.000000
          1.000000
          1.000000
          1.000000
          1.000000
          1.000000
          1.000000
          1.000000
          1.000000
          1.000000
          1.000000
          1.000000
          1.000000
          1.000000
          1.000000
          1.000000
          1.000000
          1.000000
          1.000000
          1.000000
          1.000000
          1.000000
          1.000000
          1.000000
          1.000000
          1.000000
          1.000000
          1.000000
          1.000000
          1.000000
          1.000000
          1.000000
          1.000000
          1.000000
          1.000000
