          0.999628
          0.999676
          0.999726
          0.999774
          0.999819
          0.999859
          0.999895
          0.999927
          0.999954
          0.999978
          0.999997
          1.000013
          1.000026
          1.000035
          1.000042
          1.000047
          1.000050
          1.000051
          1.000051
          1.000050
          1.000048
          1.000045
          1.000042
          1.000038
          1.000035
          1.000031
          1.000028
          1.000025
          1.000023
          1.000021
          1.000019
          1.000018
          1.000018
          1.000018
          1.000019
          1.000020
          1.000022
          1.000024
          1.000026
          1.000029
          1.000032
          1.000035
          1.000038
          1.000040
          1.000043
          1.000046
          1.000048
          1.000050
          1.000051
          1.000052
          1.000052
          1.000052
          1.000051
          1.000050
          1.000048
          1.000046
          1.000043
          1.000039
          1.000036
          1.000032
          1.000027
          1.000023
          1.000018
          1.000013
          1.000009
          1.000004
          1.000000
          0.999995
          0.999992
          0.999988
          0.999985
          0.999983
          0.999981
          0.999979
          0.999979
          0.999978
          0.999979
          0.999979
          0.999981
          0.999982
          0.999985
          0.999987
          0.999990
          0.999993
          0.999996
          1.000000
          1.000003
          1.000007
          1.000010
          1.000013
          1.000016
          1.000018
          1.000021
          1.000022
          1.000024
          1.000025
          1.000025
          1.000025
          1.000025
          1.000024
          1.000023
          1.000021
          1.000019
          1.000017
          1.000014
          1.000011
          1.000008
          1.000005
          1.000002
          0.999999
          0.999996
          0.999993
          0.999990
          0.999987
          0.999985
          0.999983
          0.999982
          0.999980
          0.999980
          0.999979
          0.999980
          0.999980
          0.999981
          0.999982
          0.999984
          0.999986
          0.999988
          0.999990
          0.999993
          0.999995
          0.999998
          1.000001
          1.000004
          1.000006
          1.000009
          1.000011
          1.000013
          1.000015
          1.000016
          1.000017
          1.000018
          1.000019
          1.000018
          1.000018
          1.000017
          1.000015
          1.000014
          1.000012
          1.000010
          1.000008
          1.000006
          1.000004
          1.000003
          1.000001
          1.000000
          0.999998
          0.999997
          0.999996
          0.999995
          0.999994
          0.999993
          0.999993
          0.999992
          0.999992
          0.999991
          0.999991
          0.999991
          0.999991
          0.999991
          0.999991
          0.999992
          0.999992
          0.999992
          0.999992
          0.999993
          0.999993
          0.999994
          0.999994
          0.999994
          0.999995
          0.999995
          0.999996
          0.999996
          0.999997
          0.999997
          0.999998
          0.999998
          0.999998
          0.999999
          0.999999
          1.000000
          1.000000
          1.000000
          1.000000
          1.000001
          1.000001
          1.000001
          1.000001
          1.000002
          1.000002
          1.000002
          1.000002
          1.000002
          1.000002
          1.000002
          1.000002
          1.000002
          1.000002
          1.000002
          1.000002
          1.000002
          1.000002
          1.000002
          1.000002
          1.000001
          1.000001
          1.000001
          1.000001
          1.000001
          1.000001
          1.000000
          1.000000
          1.000000
          1.000000
          1.000000
          1.000000
          1.000000
          1.000000
          1.000000
          0.999999
          0.999999
          0.999999
          0.999999
          0.999999
          0.999999
          0.999999
          0.999999
          0.999999
          0.999999
          0.999999
          0.999999
          1.000000
          1.000000
          1.000000
          1.000000
          1.000000
          1.000000
          1.000000
          1.000000
          1.000000
          1.000000
          1.000000
