          0.250905
          0.251994
          0.251944
          0.251851
          0.251749
          0.251648
          0.251553
          0.251466
          0.251387
          0.251315
          0.251251
          0.251193
          0.251140
          0.251094
          0.251052
          0.251014
          0.250980
          0.250950
          0.250923
          0.250899
          0.250878
          0.250859
          0.250842
          0.250827
          0.250814
          0.250803
          0.250792
          0.250784
          0.250776
          0.250769
          0.250763
          0.250758
          0.250754
          0.250750
          0.250746
          0.250743
          0.250741
          0.250738
          0.250736
          0.250734
          0.250732
          0.250730
          0.250728
          0.250726
          0.250724
          0.250722
          0.250720
          0.250718
          0.250717
          0.250715
          0.250713
          0.250711
          0.250709
          0.250707
          0.250706
          0.250704
          0.250703
          0.250701
          0.250700
          0.250699
          0.250698
          0.250697
          0.250696
          0.250696
          0.250696
          0.250696
          0.250696
          0.250696
          0.250696
          0.250697
          0.250698
          0.250699
          0.250699
          0.250700
          0.250701
          0.250702
          0.250703
          0.250704
          0.250705
          0.250706
          0.250707
          0.250708
          0.250709
          0.250709
          0.250710
          0.250710
          0.250710
          0.250710
          0.250710
          0.250710
          0.250709
          0.250708
          0.250708
          0.250707
          0.250706
          0.250705
          0.250704
          0.250703
          0.250703
          0.250701
          0.250701
          0.250700
          0.250699
          0.250699
          0.250698
          0.250697
          0.250697
          0.250697
          0.250697
          0.250696
          0.250696
          0.250697
          0.250697
          0.250697
          0.250698
          0.250698
          0.250699
          0.250700
          0.250701
          0.250701
          0.250702
          0.250703
          0.250704
          0.250705
          0.250705
          0.250706
          0.250706
          0.250707
          0.250707
          0.250708
          0.250708
          0.250708
          0.250708
          0.250708
          0.250708
          0.250708
          0.250707
          0.250706
          0.250706
          0.250705
          0.250705
          0.250704
          0.250703
          0.250703
          0.250702
          0.250701
          0.250699
          0.250698
          0.250697
          0.250695
          0.250695
          0.250695
          0.250697
          0.250698
          0.250700
          0.250702
          0.250703
          0.250704
          0.250704
          0.250704
          0.250704
          0.250705
          0.250705
          0.250705
          0.250705
          0.250705
          0.250705
          0.250706
          0.250706
          0.250706
          0.250706
          0.250706
          0.250706
          0.250706
          0.250705
          0.250705
          0.250705
          0.250705
          0.250705
          0.250705
          0.250705
          0.250705
          0.250705
          0.250705
          0.250705
          0.250705
          0.250705
          0.250705
          0.250704
          0.250704
          0.250704
          0.250704
          0.250704
          0.250704
          0.250704
          0.250704
          0.250704
          0.250703
          0.250703
          0.250703
          0.250703
          0.250703
          0.250703
          0.250703
          0.250703
          0.250703
          0.250703
          0.250703
          0.250703
          0.250702
          0.250703
          0.250702
          0.250702
          0.250702
          0.250702
          0.250702
          0.250702
          0.250702
          0.250702
          0.250702
          0.250702
          0.250702
          0.250702
          0.250702
          0.250702
          0.250702
          0.250702
          0.250702
          0.250702
          0.250702
          0.250702
          0.250702
          0.250702
          0.250703
          0.250703
          0.250703
          0.250703
          0.250703
          0.250703
          0.250702
          0.250703
          0.250703
          0.250703
          0.250703
          0.250703
          0.250703
          0.250703
          0.250703
          0.250703
          0.250703
          0.250703
          0.250703
