          0.039528
          0.040609
          0.040618
          0.040601
          0.040577
          0.040549
          0.040519
          0.040489
          0.040459
          0.040431
          0.040404
          0.040379
          0.040356
          0.040335
          0.040316
          0.040298
          0.040283
          0.040270
          0.040258
          0.040248
          0.040239
          0.040232
          0.040227
          0.040223
          0.040220
          0.040218
          0.040218
          0.040218
          0.040219
          0.040221
          0.040224
          0.040226
          0.040230
          0.040233
          0.040237
          0.040240
          0.040244
          0.040247
          0.040251
          0.040253
          0.040256
          0.040257
          0.040259
          0.040260
          0.040260
          0.040260
          0.040259
          0.040258
          0.040256
          0.040254
          0.040251
          0.040248
          0.040245
          0.040242
          0.040238
          0.040234
          0.040231
          0.040227
          0.040224
          0.040221
          0.040218
          0.040215
          0.040213
          0.040212
          0.040210
          0.040210
          0.040209
          0.040210
          0.040210
          0.040212
          0.040213
          0.040216
          0.040218
          0.040221
          0.040224
          0.040227
          0.040231
          0.040234
          0.040238
          0.040241
          0.040245
          0.040247
          0.040250
          0.040253
          0.040255
          0.040257
          0.040258
          0.040259
          0.040260
          0.040260
          0.040260
          0.040259
          0.040258
          0.040256
          0.040254
          0.040252
          0.040249
          0.040247
          0.040244
          0.040241
          0.040238
          0.040235
          0.040232
          0.040229
          0.040227
          0.040225
          0.040223
          0.040221
          0.040220
          0.040219
          0.040218
          0.040218
          0.040218
          0.040219
          0.040220
          0.040221
          0.040223
          0.040224
          0.040227
          0.040229
          0.040231
          0.040234
          0.040237
          0.040239
          0.040242
          0.040244
          0.040247
          0.040249
          0.040250
          0.040252
          0.040253
          0.040254
          0.040255
          0.040255
          0.040255
          0.040255
          0.040255
          0.040253
          0.040252
          0.040251
          0.040249
          0.040247
          0.040245
          0.040243
          0.040240
          0.040238
          0.040235
          0.040233
          0.040230
          0.040227
          0.040226
          0.040224
          0.040224
          0.040224
          0.040225
          0.040226
          0.040227
          0.040228
          0.040229
          0.040230
          0.040230
          0.040231
          0.040231
          0.040232
          0.040232
          0.040233
          0.040234
          0.040235
          0.040235
          0.040236
          0.040237
          0.040237
          0.040237
          0.040238
          0.040239
          0.040239
          0.040239
          0.040239
          0.040240
          0.040240
          0.040240
          0.040240
          0.040240
          0.040240
          0.040240
          0.040241
          0.040240
          0.040241
          0.040241
          0.040240
          0.040241
          0.040240
          0.040240
          0.040240
          0.040240
          0.040240
          0.040240
          0.040240
          0.040240
          0.040239
          0.040239
          0.040239
          0.040239
          0.040239
          0.040239
          0.040239
          0.040238
          0.040238
          0.040238
          0.040238
          0.040238
          0.040238
          0.040238
          0.040238
          0.040237
          0.040237
          0.040237
          0.040237
          0.040237
          0.040237
          0.040237
          0.040237
          0.040237
          0.040237
          0.040237
          0.040237
          0.040237
          0.040237
          0.040237
          0.040237
          0.040237
          0.040237
          0.040237
          0.040237
          0.040238
          0.040238
          0.040238
          0.040238
          0.040238
          0.040238
          0.040238
          0.040238
          0.040238
          0.040238
          0.040238
          0.040238
          0.040238
          0.040238
          0.040238
          0.040238
          0.040238
          0.040238
