          0.211377
          0.211385
          0.211327
          0.211250
          0.211172
          0.211099
          0.211034
          0.210977
          0.210928
          0.210885
          0.210847
          0.210814
          0.210785
          0.210759
          0.210736
          0.210715
          0.210697
          0.210680
          0.210665
          0.210651
          0.210638
          0.210626
          0.210615
          0.210604
          0.210594
          0.210584
          0.210575
          0.210566
          0.210557
          0.210548
          0.210540
          0.210532
          0.210524
          0.210517
          0.210509
          0.210503
          0.210497
          0.210491
          0.210485
          0.210481
          0.210476
          0.210473
          0.210469
          0.210466
          0.210464
          0.210462
          0.210461
          0.210461
          0.210460
          0.210461
          0.210461
          0.210462
          0.210464
          0.210465
          0.210467
          0.210470
          0.210472
          0.210474
          0.210476
          0.210478
          0.210480
          0.210482
          0.210483
          0.210484
          0.210485
          0.210486
          0.210486
          0.210486
          0.210486
          0.210485
          0.210484
          0.210483
          0.210481
          0.210480
          0.210477
          0.210475
          0.210473
          0.210470
          0.210468
          0.210465
          0.210462
          0.210460
          0.210458
          0.210456
          0.210454
          0.210453
          0.210452
          0.210450
          0.210450
          0.210449
          0.210449
          0.210449
          0.210450
          0.210451
          0.210452
          0.210453
          0.210455
          0.210457
          0.210459
          0.210461
          0.210463
          0.210465
          0.210467
          0.210469
          0.210471
          0.210473
          0.210474
          0.210476
          0.210477
          0.210478
          0.210478
          0.210479
          0.210479
          0.210479
          0.210478
          0.210478
          0.210477
          0.210476
          0.210474
          0.210473
          0.210471
          0.210469
          0.210467
          0.210465
          0.210463
          0.210462
          0.210460
          0.210458
          0.210457
          0.210456
          0.210455
          0.210454
          0.210453
          0.210453
          0.210452
          0.210452
          0.210453
          0.210453
          0.210454
          0.210455
          0.210456
          0.210457
          0.210458
          0.210460
          0.210461
          0.210463
          0.210464
          0.210465
          0.210467
          0.210468
          0.210470
          0.210471
          0.210473
          0.210474
          0.210475
          0.210476
          0.210476
          0.210476
          0.210475
          0.210475
          0.210474
          0.210474
          0.210473
          0.210473
          0.210473
          0.210472
          0.210472
          0.210471
          0.210470
          0.210470
          0.210469
          0.210469
          0.210468
          0.210468
          0.210467
          0.210467
          0.210466
          0.210466
          0.210466
          0.210465
          0.210465
          0.210465
          0.210465
          0.210464
          0.210464
          0.210464
          0.210464
          0.210464
          0.210464
          0.210464
          0.210464
          0.210464
          0.210464
          0.210463
          0.210463
          0.210464
          0.210464
          0.210464
          0.210464
          0.210464
          0.210464
          0.210464
          0.210464
          0.210464
          0.210464
          0.210464
          0.210464
          0.210464
          0.210465
          0.210464
          0.210465
          0.210465
          0.210465
          0.210465
          0.210465
          0.210465
          0.210465
          0.210465
          0.210465
          0.210465
          0.210465
          0.210465
          0.210465
          0.210465
          0.210465
          0.210465
          0.210465
          0.210465
          0.210465
          0.210465
          0.210465
          0.210465
          0.210465
          0.210465
          0.210465
          0.210465
          0.210465
          0.210465
          0.210465
          0.210465
          0.210465
          0.210465
          0.210465
          0.210465
          0.210465
          0.210465
          0.210465
          0.210465
          0.210465
          0.210465
          0.210465
          0.210465
