          1.761642
          1.761795
          1.761888
          1.761932
          1.761942
          1.761928
          1.761899
          1.761860
          1.761818
          1.761775
          1.761733
          1.761692
          1.761653
          1.761618
          1.761584
          1.761553
          1.761524
          1.761497
          1.761472
          1.761450
          1.761430
          1.761412
          1.761396
          1.761382
          1.761369
          1.761359
          1.761350
          1.761342
          1.761338
          1.761334
          1.761332
          1.761331
          1.761332
          1.761335
          1.761339
          1.761343
          1.761349
          1.761355
          1.761362
          1.761369
          1.761377
          1.761385
          1.761395
          1.761403
          1.761412
          1.761420
          1.761428
          1.761434
          1.761441
          1.761447
          1.761452
          1.761455
          1.761458
          1.761460
          1.761460
          1.761459
          1.761457
          1.761456
          1.761453
          1.761449
          1.761445
          1.761440
          1.761436
          1.761430
          1.761425
          1.761420
          1.761414
          1.761409
          1.761404
          1.761399
          1.761394
          1.761392
          1.761389
          1.761387
          1.761386
          1.761386
          1.761386
          1.761389
          1.761391
          1.761394
          1.761397
          1.761400
          1.761404
          1.761409
          1.761414
          1.761420
          1.761426
          1.761432
          1.761437
          1.761443
          1.761448
          1.761454
          1.761458
          1.761462
          1.761465
          1.761467
          1.761469
          1.761470
          1.761470
          1.761469
          1.761467
          1.761465
          1.761463
          1.761459
          1.761456
          1.761453
          1.761448
          1.761444
          1.761439
          1.761435
          1.761430
          1.761425
          1.761422
          1.761417
          1.761413
          1.761410
          1.761407
          1.761405
          1.761403
          1.761402
          1.761402
          1.761402
          1.761404
          1.761406
          1.761408
          1.761410
          1.761412
          1.761415
          1.761418
          1.761422
          1.761426
          1.761431
          1.761435
          1.761438
          1.761443
          1.761446
          1.761450
          1.761453
          1.761457
          1.761459
          1.761461
          1.761462
          1.761462
          1.761462
          1.761461
          1.761460
          1.761459
          1.761457
          1.761454
          1.761450
          1.761445
          1.761440
          1.761436
          1.761431
          1.761426
          1.761424
          1.761422
          1.761422
          1.761422
          1.761422
          1.761422
          1.761421
          1.761422
          1.761421
          1.761421
          1.761421
          1.761421
          1.761421
          1.761421
          1.761422
          1.761422
          1.761423
          1.761423
          1.761424
          1.761425
          1.761425
          1.761424
          1.761424
          1.761424
          1.761424
          1.761424
          1.761425
          1.761425
          1.761425
          1.761425
          1.761426
          1.761426
          1.761426
          1.761426
          1.761426
          1.761427
          1.761427
          1.761427
          1.761428
          1.761428
          1.761428
          1.761428
          1.761428
          1.761428
          1.761428
          1.761429
          1.761428
          1.761428
          1.761429
          1.761429
          1.761429
          1.761431
          1.761431
          1.761431
          1.761432
          1.761431
          1.761432
          1.761432
          1.761433
          1.761432
          1.761432
          1.761432
          1.761432
          1.761432
          1.761432
          1.761431
          1.761432
          1.761431
          1.761431
          1.761430
          1.761430
          1.761430
          1.761430
          1.761431
          1.761430
          1.761430
          1.761430
          1.761430
          1.761430
          1.761430
          1.761431
          1.761430
          1.761430
          1.761430
          1.761430
          1.761430
          1.761430
          1.761430
          1.761429
          1.761428
          1.761427
          1.761427
          1.761426
          1.761427
          1.761426
          1.761426
          1.761426
