          1.511138
          1.511446
          1.511338
          1.511182
          1.511004
          1.510833
          1.510681
          1.510554
          1.510445
          1.510354
          1.510272
          1.510204
          1.510142
          1.510086
          1.510036
          1.509987
          1.509946
          1.509905
          1.509864
          1.509830
          1.509796
          1.509767
          1.509738
          1.509718
          1.509698
          1.509679
          1.509665
          1.509656
          1.509646
          1.509643
          1.509639
          1.509640
          1.509644
          1.509648
          1.509657
          1.509668
          1.509681
          1.509698
          1.509706
          1.509727
          1.509740
          1.509759
          1.509773
          1.509791
          1.509807
          1.509822
          1.509833
          1.509850
          1.509860
          1.509865
          1.509874
          1.509876
          1.509878
          1.509880
          1.509877
          1.509872
          1.509868
          1.509862
          1.509852
          1.509841
          1.509828
          1.509816
          1.509805
          1.509791
          1.509780
          1.509766
          1.509755
          1.509740
          1.509728
          1.509722
          1.509718
          1.509708
          1.509700
          1.509700
          1.509698
          1.509699
          1.509702
          1.509707
          1.509713
          1.509722
          1.509725
          1.509738
          1.509746
          1.509759
          1.509772
          1.509780
          1.509796
          1.509809
          1.509822
          1.509833
          1.509843
          1.509851
          1.509862
          1.509868
          1.509868
          1.509874
          1.509878
          1.509880
          1.509874
          1.509870
          1.509869
          1.509864
          1.509856
          1.509850
          1.509842
          1.509833
          1.509821
          1.509812
          1.509800
          1.509790
          1.509779
          1.509773
          1.509763
          1.509754
          1.509744
          1.509740
          1.509732
          1.509732
          1.509727
          1.509726
          1.509726
          1.509730
          1.509735
          1.509738
          1.509746
          1.509751
          1.509758
          1.509763
          1.509774
          1.509782
          1.509792
          1.509800
          1.509804
          1.509817
          1.509827
          1.509836
          1.509840
          1.509850
          1.509856
          1.509859
          1.509859
          1.509861
          1.509868
          1.509870
          1.509871
          1.509868
          1.509856
          1.509837
          1.509811
          1.509790
          1.509772
          1.509764
          1.509760
          1.509765
          1.509779
          1.509787
          1.509794
          1.509803
          1.509801
          1.509800
          1.509797
          1.509797
          1.509792
          1.509791
          1.509793
          1.509792
          1.509794
          1.509796
          1.509797
          1.509797
          1.509798
          1.509797
          1.509798
          1.509802
          1.509797
          1.509798
          1.509797
          1.509798
          1.509799
          1.509796
          1.509800
          1.509800
          1.509797
          1.509798
          1.509799
          1.509795
          1.509800
          1.509798
          1.509795
          1.509801
          1.509798
          1.509800
          1.509799
          1.509799
          1.509795
          1.509802
          1.509797
          1.509797
          1.509797
          1.509800
          1.509801
          1.509798
          1.509800
          1.509802
          1.509804
          1.509802
          1.509797
          1.509797
          1.509799
          1.509801
          1.509800
          1.509800
          1.509800
          1.509798
          1.509799
          1.509800
          1.509799
          1.509797
          1.509800
          1.509798
          1.509798
          1.509795
          1.509795
          1.509797
          1.509796
          1.509797
          1.509799
          1.509797
          1.509796
          1.509798
          1.509795
          1.509797
          1.509795
          1.509799
          1.509800
          1.509797
          1.509797
          1.509801
          1.509795
          1.509798
          1.509799
          1.509795
          1.509798
          1.509796
          1.509799
          1.509800
          1.509798
          1.509800
          1.509796
          1.509800
          1.509799
          1.509800
