          0.008661
          0.008669
          0.008668
          0.008667
          0.008666
          0.008664
          0.008662
          0.008660
          0.008658
          0.008656
          0.008654
          0.008652
          0.008651
          0.008649
          0.008648
          0.008646
          0.008645
          0.008644
          0.008642
          0.008641
          0.008640
          0.008640
          0.008639
          0.008638
          0.008638
          0.008637
          0.008637
          0.008636
          0.008636
          0.008636
          0.008636
          0.008636
          0.008636
          0.008637
          0.008637
          0.008637
          0.008637
          0.008638
          0.008638
          0.008638
          0.008639
          0.008639
          0.008639
          0.008640
          0.008640
          0.008640
          0.008640
          0.008640
          0.008640
          0.008640
          0.008640
          0.008640
          0.008640
          0.008640
          0.008639
          0.008639
          0.008639
          0.008639
          0.008638
          0.008638
          0.008637
          0.008637
          0.008637
          0.008636
          0.008636
          0.008636
          0.008636
          0.008635
          0.008635
          0.008635
          0.008635
          0.008635
          0.008635
          0.008635
          0.008635
          0.008635
          0.008635
          0.008636
          0.008636
          0.008636
          0.008637
          0.008637
          0.008637
          0.008638
          0.008638
          0.008638
          0.008638
          0.008639
          0.008639
          0.008639
          0.008639
          0.008639
          0.008640
          0.008640
          0.008640
          0.008640
          0.008639
          0.008639
          0.008639
          0.008639
          0.008639
          0.008638
          0.008638
          0.008638
          0.008638
          0.008637
          0.008637
          0.008637
          0.008637
          0.008636
          0.008636
          0.008636
          0.008636
          0.008636
          0.008636
          0.008635
          0.008635
          0.008635
          0.008636
          0.008636
          0.008636
          0.008636
          0.008636
          0.008636
          0.008637
          0.008637
          0.008637
          0.008637
          0.008638
          0.008638
          0.008638
          0.008638
          0.008638
          0.008639
          0.008639
          0.008639
          0.008639
          0.008639
          0.008639
          0.008639
          0.008639
          0.008639
          0.008639
          0.008639
          0.008639
          0.008639
          0.008639
          0.008638
          0.008638
          0.008637
          0.008636
          0.008636
          0.008636
          0.008636
          0.008636
          0.008636
          0.008636
          0.008636
          0.008636
          0.008636
          0.008636
          0.008636
          0.008636
          0.008636
          0.008636
          0.008637
          0.008637
          0.008637
          0.008637
          0.008637
          0.008637
          0.008637
          0.008637
          0.008637
          0.008637
          0.008637
          0.008637
          0.008637
          0.008637
          0.008637
          0.008637
          0.008637
          0.008637
          0.008637
          0.008638
          0.008638
          0.008638
          0.008638
          0.008638
          0.008638
          0.008638
          0.008638
          0.008638
          0.008638
          0.008638
          0.008638
          0.008638
          0.008638
          0.008638
          0.008638
          0.008638
          0.008638
          0.008638
          0.008638
          0.008638
          0.008638
          0.008638
          0.008638
          0.008638
          0.008638
          0.008638
          0.008638
          0.008637
          0.008637
          0.008637
          0.008637
          0.008637
          0.008637
          0.008637
          0.008637
          0.008637
          0.008637
          0.008637
          0.008637
          0.008637
          0.008637
          0.008637
          0.008637
          0.008637
          0.008637
          0.008637
          0.008637
          0.008637
          0.008637
          0.008637
          0.008637
          0.008637
          0.008637
          0.008637
          0.008637
          0.008637
          0.008637
          0.008637
          0.008637
          0.008637
          0.008637
          0.008637
          0.008637
          0.008637
          0.008637
          0.008637
          0.008637
          1.000152
          1.000146
          1.000135
          1.000124
          1.000111
          1.000099
          1.000086
          1.000075
          1.000064
          1.000054
          1.000044
          1.000036
          1.000028
          1.000022
          1.000016
          1.000011
          1.000006
          1.000002
          0.999999
          0.999997
          0.999995
          0.999994
          0.999993
          0.999992
          0.999993
          0.999993
          0.999994
          0.999995
          0.999996
          0.999997
          0.999998
          1.000000
          1.000001
          1.000003
          1.000004
          1.000005
          1.000006
          1.000007
          1.000008
          1.000009
          1.000009
          1.000009
          1.000009
          1.000009
          1.000008
          1.000007
          1.000006
          1.000005
          1.000004
          1.000003
          1.000001
          1.000000
          0.999998
          0.999997
          0.999995
          0.999994
          0.999992
          0.999991
          0.999990
          0.999989
          0.999989
          0.999988
          0.999988
          0.999988
          0.999988
          0.999988
          0.999989
          0.999990
          0.999991
          0.999992
          0.999993
          0.999994
          0.999995
          0.999997
          0.999998
          1.000000
          1.000001
          1.000003
          1.000004
          1.000005
          1.000006
          1.000007
          1.000008
          1.000008
          1.000009
          1.000009
          1.000009
          1.000009
          1.000008
          1.000008
          1.000007
          1.000006
          1.000005
          1.000004
          1.000003
          1.000002
          1.000001
          1.000000
          0.999998
          0.999997
          0.999996
          0.999995
          0.999994
          0.999993
          0.999993
          0.999992
          0.999992
          0.999992
          0.999991
          0.999992
          0.999992
          0.999992
          0.999993
          0.999993
          0.999994
          0.999995
          0.999996
          0.999997
          0.999998
          0.999999
          1.000001
          1.000002
          1.000003
          1.000004
          1.000004
          1.000005
          1.000006
          1.000006
          1.000007
          1.000007
          1.000007
          1.000007
          1.000007
          1.000007
          1.000006
          1.000006
          1.000005
          1.000004
          1.000003
          1.000003
          1.000002
          1.000001
          1.000000
          0.999999
          0.999998
          0.999997
          0.999996
          0.999995
          0.999994
          0.999994
          0.999994
          0.999994
          0.999995
          0.999995
          0.999995
          0.999996
          0.999996
          0.999997
          0.999997
          0.999997
          0.999997
          0.999998
          0.999998
          0.999998
          0.999998
          0.999999
          0.999999
          0.999999
          1.000000
          1.000000
          1.000000
          1.000000
          1.000000
          1.000000
          1.000001
          1.000001
          1.000001
          1.000001
          1.000001
          1.000001
          1.000001
          1.000001
          1.000001
          1.000001
          1.000001
          1.000001
          1.000001
          1.000001
          1.000001
          1.000001
          1.000001
          1.000001
          1.000001
          1.000001
          1.000001
          1.000001
          1.000001
          1.000001
          1.000001
          1.000001
          1.000001
          1.000000
          1.000000
          1.000000
          1.000000
          1.000000
          1.000000
          1.000000
          1.000000
          1.000000
          1.000000
          1.000000
          1.000000
          1.000000
          1.000000
          1.000000
          1.000000
          1.000000
          1.000000
          1.000000
          1.000000
          1.000000
          1.000000
          1.000000
          1.000000
          1.000000
          1.000000
          1.000000
          1.000000
          1.000000
          1.000000
          1.000000
          1.000000
          1.000000
          1.000000
          1.000000
          1.000000
          1.000000
          1.000000
          1.000000
          1.000000
          1.000000
          1.000000
          1.000000
          1.000000
          1.000000
          1.000000
          1.000000
          1.000000
          1.000000
          1.000000
          1.000000
          1.511139
          1.511447
          1.511346
          1.511186
          1.511005
          1.510836
          1.510686
          1.510557
          1.510449
          1.510357
          1.510277
          1.510208
          1.510146
          1.510090
          1.510038
          1.509991
          1.509946
          1.509904
          1.509865
          1.509830
          1.509797
          1.509767
          1.509740
          1.509716
          1.509695
          1.509677
          1.509663
          1.509651
          1.509643
          1.509638
          1.509636
          1.509637
          1.509641
          1.509647
          1.509656
          1.509666
          1.509679
          1.509692
          1.509707
          1.509722
          1.509739
          1.509757
          1.509774
          1.509791
          1.509807
          1.509823
          1.509837
          1.509849
          1.509860
          1.509869
          1.509876
          1.509880
          1.509882
          1.509882
          1.509879
          1.509875
          1.509870
          1.509862
          1.509853
          1.509843
          1.509832
          1.509820
          1.509807
          1.509794
          1.509780
          1.509767
          1.509754
          1.509741
          1.509730
          1.509720
          1.509712
          1.509705
          1.509700
          1.509697
          1.509696
          1.509697
          1.509700
          1.509705
          1.509711
          1.509719
          1.509727
          1.509736
          1.509746
          1.509758
          1.509770
          1.509783
          1.509795
          1.509808
          1.509821
          1.509832
          1.509843
          1.509853
          1.509861
          1.509868
          1.509874
          1.509877
          1.509880
          1.509880
          1.509878
          1.509875
          1.509871
          1.509865
          1.509859
          1.509851
          1.509842
          1.509833
          1.509823
          1.509812
          1.509802
          1.509791
          1.509781
          1.509771
          1.509761
          1.509752
          1.509745
          1.509738
          1.509733
          1.509729
          1.509726
          1.509725
          1.509726
          1.509728
          1.509732
          1.509737
          1.509742
          1.509748
          1.509755
          1.509763
          1.509771
          1.509780
          1.509790
          1.509799
          1.509809
          1.509818
          1.509827
          1.509835
          1.509842
          1.509849
          1.509854
          1.509858
          1.509861
          1.509862
          1.509869
          1.509874
          1.509875
          1.509869
          1.509857
          1.509839
          1.509813
          1.509788
          1.509770
          1.509760
          1.509760
          1.509766
          1.509776
          1.509787
          1.509796
          1.509802
          1.509804
          1.509803
          1.509801
          1.509797
          1.509794
          1.509793
          1.509792
          1.509793
          1.509794
          1.509796
          1.509797
          1.509798
          1.509799
          1.509799
          1.509799
          1.509798
          1.509799
          1.509799
          1.509799
          1.509799
          1.509799
          1.509798
          1.509798
          1.509798
          1.509798
          1.509797
          1.509797
          1.509797
          1.509798
          1.509797
          1.509797
          1.509797
          1.509797
          1.509797
          1.509797
          1.509797
          1.509798
          1.509798
          1.509798
          1.509798
          1.509798
          1.509798
          1.509798
          1.509799
          1.509799
          1.509799
          1.509800
          1.509800
          1.509801
          1.509800
          1.509800
          1.509800
          1.509799
          1.509799
          1.509799
          1.509799
          1.509799
          1.509798
          1.509798
          1.509798
          1.509798
          1.509798
          1.509798
          1.509798
          1.509798
          1.509798
          1.509798
          1.509798
          1.509798
          1.509798
          1.509798
          1.509798
          1.509798
          1.509798
          1.509798
          1.509798
          1.509798
          1.509798
          1.509798
          1.509798
          1.509798
          1.509798
          1.509798
          1.509798
          1.509798
          1.509798
          1.509798
          1.509798
          1.509798
          1.509798
          1.509798
          1.509799
          1.509799
          1.509798
          0.679985
          0.680103
          0.680158
          0.680228
          0.680295
          0.680357
          0.680413
          0.680461
          0.680505
          0.680542
          0.680575
          0.680603
          0.680626
          0.680646
          0.680663
          0.680677
          0.680687
          0.680697
          0.680705
          0.680712
          0.680719
          0.680725
          0.680732
          0.680739
          0.680747
          0.680755
          0.680764
          0.680774
          0.680785
          0.680797
          0.680810
          0.680824
          0.680838
          0.680853
          0.680869
          0.680884
          0.680900
          0.680915
          0.680931
          0.680945
          0.680959
          0.680973
          0.680985
          0.680996
          0.681006
          0.681015
          0.681022
          0.681027
          0.681031
          0.681033
          0.681033
          0.681032
          0.681029
          0.681025
          0.681019
          0.681013
          0.681005
          0.680997
          0.680989
          0.680980
          0.680971
          0.680962
          0.680953
          0.680945
          0.680937
          0.680930
          0.680924
          0.680918
          0.680914
          0.680911
          0.680910
          0.680910
          0.680911
          0.680913
          0.680917
          0.680922
          0.680928
          0.680935
          0.680942
          0.680951
          0.680959
          0.680967
          0.680976
          0.680985
          0.680994
          0.681002
          0.681010
          0.681017
          0.681023
          0.681029
          0.681033
          0.681037
          0.681039
          0.681040
          0.681040
          0.681039
          0.681036
          0.681032
          0.681028
          0.681022
          0.681016
          0.681009
          0.681002
          0.680995
          0.680988
          0.680980
          0.680972
          0.680965
          0.680959
          0.680952
          0.680947
          0.680942
          0.680938
          0.680934
          0.680932
          0.680931
          0.680930
          0.680931
          0.680933
          0.680936
          0.680940
          0.680944
          0.680949
          0.680955
          0.680961
          0.680967
          0.680974
          0.680981
          0.680987
          0.680994
          0.681000
          0.681006
          0.681011
          0.681016
          0.681020
          0.681023
          0.681026
          0.681027
          0.681028
          0.681028
          0.681026
          0.681024
          0.681025
          0.681024
          0.681022
          0.681017
          0.681009
          0.680998
          0.680984
          0.680970
          0.680958
          0.680950
          0.680947
          0.680947
          0.680950
          0.680954
          0.680959
          0.680962
          0.680964
          0.680965
          0.680965
          0.680964
          0.680964
          0.680964
          0.680964
          0.680965
          0.680967
          0.680969
          0.680970
          0.680972
          0.680973
          0.680975
          0.680976
          0.680976
          0.680977
          0.680978
          0.680979
          0.680980
          0.680981
          0.680981
          0.680982
          0.680982
          0.680983
          0.680983
          0.680984
          0.680984
          0.680984
          0.680985
          0.680985
          0.680985
          0.680985
          0.680986
          0.680986
          0.680986
          0.680986
          0.680986
          0.680986
          0.680986
          0.680986
          0.680986
          0.680986
          0.680986
          0.680985
          0.680986
          0.680986
          0.680986
          0.680985
          0.680985
          0.680985
          0.680984
          0.680984
          0.680983
          0.680983
          0.680982
          0.680982
          0.680982
          0.680982
          0.680981
          0.680981
          0.680981
          0.680981
          0.680980
          0.680980
          0.680980
          0.680980
          0.680980
          0.680980
          0.680980
          0.680980
          0.680980
          0.680980
          0.680980
          0.680980
          0.680980
          0.680980
          0.680980
          0.680980
          0.680980
          0.680980
          0.680981
          0.680981
          0.680981
          0.680981
          0.680981
          0.680981
          0.680981
          0.680981
          0.680981
          0.680981
          0.680981
          0.680981
          0.680981
         -0.003133
         -0.000998
         -0.000961
         -0.000889
         -0.000800
         -0.000711
         -0.000628
         -0.000552
         -0.000484
         -0.000423
         -0.000368
         -0.000318
         -0.000273
         -0.000231
         -0.000192
         -0.000156
         -0.000122
         -0.000091
         -0.000062
         -0.000036
         -0.000013
          0.000008
          0.000027
          0.000042
          0.000055
          0.000066
          0.000074
          0.000080
          0.000083
          0.000084
          0.000083
          0.000080
          0.000075
          0.000069
          0.000061
          0.000052
          0.000043
          0.000033
          0.000023
          0.000012
          0.000001
         -0.000009
         -0.000020
         -0.000029
         -0.000038
         -0.000045
         -0.000051
         -0.000056
         -0.000060
         -0.000062
         -0.000063
         -0.000062
         -0.000059
         -0.000055
         -0.000050
         -0.000044
         -0.000037
         -0.000029
         -0.000020
         -0.000011
         -0.000002
          0.000007
          0.000017
          0.000026
          0.000035
          0.000043
          0.000050
          0.000057
          0.000062
          0.000067
          0.000070
          0.000072
          0.000072
          0.000071
          0.000069
          0.000065
          0.000060
          0.000054
          0.000048
          0.000040
          0.000033
          0.000025
          0.000016
          0.000008
         -0.000001
         -0.000010
         -0.000018
         -0.000026
         -0.000033
         -0.000039
         -0.000045
         -0.000049
         -0.000053
         -0.000055
         -0.000056
         -0.000056
         -0.000054
         -0.000052
         -0.000048
         -0.000044
         -0.000038
         -0.000032
         -0.000026
         -0.000019
         -0.000012
         -0.000004
          0.000003
          0.000011
          0.000017
          0.000024
          0.000031
          0.000036
          0.000041
          0.000046
          0.000049
          0.000051
          0.000053
          0.000053
          0.000052
          0.000051
          0.000048
          0.000044
          0.000040
          0.000035
          0.000029
          0.000024
          0.000018
          0.000011
          0.000005
         -0.000002
         -0.000008
         -0.000015
         -0.000021
         -0.000026
         -0.000031
         -0.000035
         -0.000038
         -0.000041
         -0.000043
         -0.000044
         -0.000043
         -0.000042
         -0.000044
         -0.000045
         -0.000043
         -0.000038
         -0.000029
         -0.000017
         -0.000001
          0.000014
          0.000026
          0.000033
          0.000034
          0.000031
          0.000026
          0.000020
          0.000014
          0.000010
          0.000008
          0.000008
          0.000009
          0.000010
          0.000011
          0.000011
          0.000011
          0.000010
          0.000008
          0.000007
          0.000006
          0.000004
          0.000003
          0.000003
          0.000002
          0.000002
          0.000001
          0.000001
          0.000000
         -0.000000
         -0.000000
         -0.000000
         -0.000001
         -0.000001
         -0.000001
         -0.000001
         -0.000001
         -0.000001
         -0.000001
         -0.000001
         -0.000001
         -0.000001
         -0.000001
         -0.000002
         -0.000002
         -0.000002
         -0.000002
         -0.000002
         -0.000002
         -0.000002
         -0.000002
         -0.000002
         -0.000002
         -0.000002
         -0.000002
         -0.000002
         -0.000002
         -0.000002
         -0.000002
         -0.000002
         -0.000001
         -0.000001
         -0.000001
         -0.000000
         -0.000000
          0.000000
          0.000000
          0.000001
          0.000001
          0.000001
          0.000001
          0.000001
          0.000001
          0.000001
          0.000001
          0.000001
          0.000001
          0.000001
          0.000001
          0.000001
          0.000001
          0.000001
          0.000001
          0.000001
          0.000001
          0.000001
          0.000001
          0.000001
          0.000001
          0.000001
          0.000001
          0.000001
          0.000001
          0.000001
          0.000001
          0.000001
          0.000001
          0.000001
          0.000001
          0.000001
          0.000001
          0.000001
          0.000001
          0.000001
