  8.661073675069967E-003  8.668611004688687E-003  8.668057825217622E-003
  8.667140631695290E-003  8.665679742454092E-003  8.663850891984496E-003
  8.661878471688101E-003  8.659909892133378E-003  8.657924404205956E-003
  8.656009951080665E-003  8.654156877857937E-003  8.652390695387759E-003
  8.650719043274234E-003  8.649134189335920E-003  8.647653167213262E-003
  8.646201759641521E-003  8.644917737281136E-003  8.643694223353258E-003
  8.642445455317872E-003  8.641433250177518E-003  8.640435178264972E-003
  8.639590318899947E-003  8.638787784613465E-003  8.638200359723468E-003
  8.637662212607517E-003  8.637148188272397E-003  8.636790341038314E-003
  8.636564316883467E-003  8.636387248443587E-003  8.636315394068263E-003
  8.636254995940567E-003  8.636334615258099E-003  8.636477003595903E-003
  8.636609604335734E-003  8.636865682951741E-003  8.637139115466116E-003
  8.637404656842426E-003  8.637824880610026E-003  8.638020712505334E-003
  8.638439168412899E-003  8.638685418335262E-003  8.639024797350008E-003
  8.639276969439523E-003  8.639584759392359E-003  8.639823976919064E-003
  8.640000798139300E-003  8.640035030612671E-003  8.640218383482730E-003
  8.640286375573430E-003  8.640220600069276E-003  8.640204630511626E-003
  8.640025544752098E-003  8.639886379690077E-003  8.639729370486708E-003
  8.639440487451354E-003  8.639129311902147E-003  8.638832584889407E-003
  8.638571136864620E-003  8.638196062861087E-003  8.637804414705973E-003
  8.637374599961799E-003  8.637047116162071E-003  8.636763512549592E-003
  8.636339844083204E-003  8.636109725233118E-003  8.635832050493109E-003
  8.635626637550475E-003  8.635332324367551E-003  8.635156402814566E-003
  8.635080322976330E-003  8.635093461804532E-003  8.635027217091284E-003
  8.634976481744203E-003  8.635071627668764E-003  8.635186704768070E-003
  8.635334629830460E-003  8.635556695964448E-003  8.635830257821919E-003
  8.636076983634946E-003  8.636396514631413E-003  8.636559227976393E-003
  8.636943996222331E-003  8.637202278377798E-003  8.637561841612997E-003
  8.637893644870300E-003  8.638111028805694E-003  8.638428969528331E-003
  8.638719983995768E-003  8.638948141195929E-003  8.639155899141146E-003
  8.639300681600065E-003  8.639382241523219E-003  8.639540275733128E-003
  8.639575889388450E-003  8.639420472142837E-003  8.639422338656378E-003
  8.639382455930040E-003  8.639325673169081E-003  8.639055233137627E-003
  8.638824798162532E-003  8.638633523569451E-003  8.638440516680345E-003
  8.638138303893372E-003  8.637899413049399E-003  8.637626355572406E-003
  8.637365277577858E-003  8.637028285639850E-003  8.636821530139189E-003
  8.636515278138648E-003  8.636270126812853E-003  8.636056348999130E-003
  8.635975168306439E-003  8.635830559443735E-003  8.635701081136772E-003
  8.635550589671552E-003  8.635572484123720E-003  8.635499998937158E-003
  8.635580743976481E-003  8.635572910585551E-003  8.635672202981056E-003
  8.635789711683065E-003  8.635979134232400E-003  8.636228866329216E-003
  8.636389912224615E-003  8.636686211289662E-003  8.636875317049845E-003
  8.637139381574547E-003  8.637293748217020E-003  8.637586956295904E-003
  8.637792807734173E-003  8.638019284749016E-003  8.638256631890580E-003
  8.638307666912964E-003  8.638530929913908E-003  8.638738291792432E-003
  8.638866247466511E-003  8.638844535498113E-003  8.639042299762759E-003
  8.639122462094619E-003  8.639080975776536E-003  8.638981782004214E-003
  8.638912345998137E-003  8.638995233038578E-003  8.638941338074366E-003
  8.638896653045241E-003  8.638776342903928E-003  8.638535350853259E-003
  8.638126521617155E-003  8.637495563207231E-003  8.636984232469908E-003
  8.636452592618499E-003  8.636181991337189E-003  8.635927587623054E-003
  8.635848751465513E-003  8.635997898380609E-003  8.636081102944164E-003
  8.636194091883830E-003  8.636422727288781E-003  8.636428826710962E-003
  8.636419632538672E-003  8.636421020762137E-003  8.636476416511199E-003
  8.636444820009751E-003  8.636459787210497E-003  8.636520840468407E-003
  8.636557085749464E-003  8.636649429614224E-003  8.636712042182660E-003
  8.636789729624740E-003  8.636857010508005E-003  8.636921611670487E-003
  8.636967347113224E-003  8.636998885835518E-003  8.637189146341418E-003
  8.637138909103139E-003  8.637189810002917E-003  8.637198284348132E-003
  8.637267397429713E-003  8.637351544355019E-003  8.637314681684027E-003
  8.637443675009042E-003  8.637518524139211E-003  8.637494950827586E-003
  8.637504251866327E-003  8.637575145275357E-003  8.637501970818322E-003
  8.637641111367824E-003  8.637595083486807E-003  8.637519445023971E-003
  8.637690879482934E-003  8.637614665436331E-003  8.637682509959586E-003
  8.637652418587398E-003  8.637664900191995E-003  8.637592375698574E-003
  8.637726857554833E-003  8.637587435813688E-003  8.637579774372397E-003
  8.637570722515640E-003  8.637646245923336E-003  8.637674240762061E-003
  8.637551058315499E-003  8.637552815963930E-003  8.637656151334529E-003
  8.637671750896306E-003  8.637596696295503E-003  8.637502897792184E-003
  8.637485464483622E-003  8.637470920240706E-003  8.637540054499983E-003
  8.637467907998549E-003  8.637488520918385E-003  8.637483971687850E-003
  8.637416247859686E-003  8.637442201538104E-003  8.637457558289575E-003
  8.637426105697517E-003  8.637353693714853E-003  8.637404357799605E-003
  8.637362815847750E-003  8.637374571471618E-003  8.637319347773115E-003
  8.637301657385141E-003  8.637324024910201E-003  8.637278793619229E-003
  8.637312292045512E-003  8.637380910127149E-003  8.637342728403699E-003
  8.637343332844421E-003  8.637376366558452E-003  8.637303995019819E-003
  8.637323484986749E-003  8.637302158995688E-003  8.637386413100846E-003
  8.637414022686616E-003  8.637372643177184E-003  8.637337086737813E-003
  8.637451291894464E-003  8.637287149250451E-003  8.637398676110962E-003
  8.637434978326711E-003  8.637314229071590E-003  8.637396655939739E-003
  8.637314665572193E-003  8.637398119778563E-003  8.637425219275919E-003
  8.637388967884151E-003  8.637436080626665E-003  8.637373833323997E-003
  8.637466534778919E-003  8.637439687846939E-003  8.637497737955245E-003
   1.00015121456144        1.00014534671242        1.00013493837609     
   1.00012319131705        1.00011077149446        1.00009827021160     
   1.00008610531827        1.00007452843773        1.00006367248288     
   1.00005362834105        1.00004442478527        1.00003607227461     
   1.00002855786593        1.00002185796589        1.00001594636879     
   1.00001078744085        1.00000636729875        1.00000262645409     
  0.999999539207776       0.999997105406286       0.999995239964177     
  0.999993926658243       0.999993103089465       0.999992740517793     
  0.999992753562466       0.999993109325840       0.999993781457007     
  0.999994700541033       0.999995804008535       0.999997056028415     
  0.999998401373303       0.999999815075995        1.00000123115362     
   1.00000260822302        1.00000392886420        1.00000513371397     
   1.00000619853058        1.00000710898769        1.00000780186524     
   1.00000833648849        1.00000863067982        1.00000873108498     
   1.00000860171387        1.00000826711637        1.00000770790611     
   1.00000694702005        1.00000600800613        1.00000494198502     
   1.00000370988425        1.00000235991457        1.00000094759373     
  0.999999470506402       0.999997995532653       0.999996525666123     
  0.999995082366802       0.999993723478347       0.999992471774177     
  0.999991337887911       0.999990326117295       0.999989487160501     
  0.999988839322206       0.999988405987097       0.999988163574564     
  0.999988105391333       0.999988280911077       0.999988632442517     
  0.999989177008086       0.999989891127600       0.999990800771851     
  0.999991862689110       0.999993037012115       0.999994286989416     
  0.999995629336836       0.999997047749905       0.999998482389900     
  0.999999913467567        1.00000131634639        1.00000265327629     
   1.00000389410959        1.00000503349770        1.00000603619037     
   1.00000694054297        1.00000766423526        1.00000823701344     
   1.00000861769214        1.00000880790614        1.00000883842108     
   1.00000867231884        1.00000831615935        1.00000778989862     
   1.00000710287396        1.00000627974265        1.00000534655841     
   1.00000428637036        1.00000314794062        1.00000200187057     
   1.00000080798688       0.999999590658551       0.999998368053302     
  0.999997221307231       0.999996149395986       0.999995150606171     
  0.999994237200266       0.999993454856756       0.999992793285007     
  0.999992273105775       0.999991899276069       0.999991702875138     
  0.999991648017180       0.999991770067494       0.999992051321451     
  0.999992482098719       0.999993019285532       0.999993681528662     
  0.999994460391712       0.999995357236000       0.999996310441113     
  0.999997341831406       0.999998392967268       0.999999482286924     
   1.00000056483096        1.00000162310235        1.00000262274121     
   1.00000353400335        1.00000437525201        1.00000509435001     
   1.00000571674255        1.00000621085682        1.00000660423463     
   1.00000684586487        1.00000695842401        1.00000693115884     
   1.00000675862553        1.00000649789777        1.00000609235786     
   1.00000554816001        1.00000489338450        1.00000418016675     
   1.00000334440239        1.00000243084350        1.00000148674950     
   1.00000053958747       0.999999588456325       0.999998595314878     
  0.999997616789642       0.999996665928668       0.999995784534884     
  0.999995029308574       0.999994468454763       0.999994180432709     
  0.999994126174189       0.999994303325654       0.999994614659738     
  0.999995038066314       0.999995501064926       0.999995918320974     
  0.999996304586520       0.999996648931479       0.999996916758442     
  0.999997183368189       0.999997457409334       0.999997738682671     
  0.999998011352304       0.999998303800949       0.999998599787320     
  0.999998882556979       0.999999158777987       0.999999408884571     
  0.999999641294633       0.999999851045833        1.00000004139769     
   1.00000021328985        1.00000037273732        1.00000052355530     
   1.00000061593675        1.00000072709241        1.00000082417662     
   1.00000092000324        1.00000099461879        1.00000104301303     
   1.00000110340233        1.00000112249648        1.00000111816004     
   1.00000112204400        1.00000112286014        1.00000110085695     
   1.00000110159010        1.00000105662021        1.00000102493499     
   1.00000101548115        1.00000094906723        1.00000090474279     
   1.00000083721963        1.00000077807173        1.00000071419671     
   1.00000067206533        1.00000058461889        1.00000053931045     
   1.00000049375019        1.00000044729237        1.00000037271503     
   1.00000028519394        1.00000023297370        1.00000017608818     
   1.00000008315211       0.999999982935849       0.999999906253897     
  0.999999860412428       0.999999819991396       0.999999782995966     
  0.999999723243742       0.999999685712061       0.999999642059464     
  0.999999600723017       0.999999582172495       0.999999556352990     
  0.999999526916978       0.999999509192268       0.999999516260570     
  0.999999508928565       0.999999517196519       0.999999524544031     
  0.999999552352885       0.999999587440271       0.999999616184349     
  0.999999659944606       0.999999693604111       0.999999706095357     
  0.999999731794714       0.999999758493639       0.999999775634917     
  0.999999816437011       0.999999850853279       0.999999891442633     
  0.999999903766406       0.999999906437348       0.999999922204144     
  0.999999948684549       0.999999938879766       0.999999981550523     
  0.999999989006215       0.999999985231276        1.00000002009430     
   1.00000002817694        1.00000006113327        1.00000006599047     
   1.00000006081497        1.00000006645965        1.00000005641246     
   1.00000006603626        1.00000004509215        1.00000003197078     
   1.51113772877548        1.51144603966602        1.51133822853255     
   1.51118187929238        1.51100421450862        1.51083287912459     
   1.51068052016156        1.51055440120754        1.51044481633639     
   1.51035360560344        1.51027237584800        1.51020370542065     
   1.51014234086163        1.51008558021490        1.51003569872853     
   1.50998707126328        1.50994596524301        1.50990530860244     
   1.50986410989128        1.50982989612142        1.50979550523806     
   1.50976657303747        1.50973813420326        1.50971791379023     
   1.50969755622337        1.50967889461951        1.50966477478057     
   1.50965609867156        1.50964607091233        1.50964267959492     
   1.50963889731576        1.50963963776405        1.50964401948770     
   1.50964783553438        1.50965721237510        1.50966841986328     
   1.50968064992902        1.50969783631244        1.50970636320357     
   1.50972690496677        1.50973991604516        1.50975903478842     
   1.50977293865299        1.50979094185309        1.50980704133480     
   1.50982208559276        1.50983330422791        1.50984962064020     
   1.50985999277266        1.50986521459175        1.50987407928998     
   1.50987625817949        1.50987834233486        1.50987958628247     
   1.50987654079650        1.50987219002028        1.50986795700945     
   1.50986221522923        1.50985213583254        1.50984133051517     
   1.50982766233145        1.50981628577829        1.50980492153338     
   1.50979060377046        1.50977988725811        1.50976598777064     
   1.50975547132261        1.50973997902444        1.50972847574425     
   1.50972167283223        1.50971775411614        1.50970820325436     
   1.50970043978429        1.50969961582640        1.50969816161486     
   1.50969887064248        1.50970218549894        1.50970669522124     
   1.50971342814511        1.50972220020464        1.50972506703457     
   1.50973757576356        1.50974628993531        1.50975914192915     
   1.50977184160685        1.50978041813361        1.50979555275284     
   1.50980869664018        1.50982184030944        1.50983346120617     
   1.50984320010099        1.50985086625977        1.50986239243771     
   1.50986788088230        1.50986788562147        1.50987382656092     
   1.50987779441265        1.50988038240454        1.50987439183637     
   1.50987018190853        1.50986867240600        1.50986429679999     
   1.50985585669962        1.50985045993862        1.50984189822619     
   1.50983262595840        1.50982076485632        1.50981207660847     
   1.50979950753589        1.50978952404005        1.50977905322751     
   1.50977303932114        1.50976264409316        1.50975400290365     
   1.50974445913194        1.50974011263794        1.50973207685182     
   1.50973157678056        1.50972654023119        1.50972559488022     
   1.50972628777959        1.50972980339211        1.50973535580645     
   1.50973821088527        1.50974569324492        1.50975061250974     
   1.50975843051235        1.50976298517358        1.50977412326213     
   1.50978152663800        1.50979177754711        1.50980033580020     
   1.50980425470975        1.50981696227164        1.50982703132024     
   1.50983623338935        1.50983969298621        1.50984999994656     
   1.50985607057377        1.50985892412906        1.50985872392040     
   1.50986114480835        1.50986811774709        1.50987013305643     
   1.50987089191313        1.50986754648568        1.50985604178565     
   1.50983716090281        1.50981078560410        1.50979049552550     
   1.50977183318943        1.50976419693018        1.50976011261788     
   1.50976465238272        1.50977852953049        1.50978703715812     
   1.50979401470679        1.50980278243472        1.50980107485881     
   1.50980010560011        1.50979695062155        1.50979710911874     
   1.50979245741579        1.50979122773532        1.50979322454746     
   1.50979213424932        1.50979440414226        1.50979586986719     
   1.50979676042647        1.50979731942222        1.50979767072996     
   1.50979679208809        1.50979750470609        1.50980158288908     
   1.50979655205540        1.50979753882500        1.50979658048874     
   1.50979773525523        1.50979910645430        1.50979615150271     
   1.50980007448304        1.50980037959776        1.50979731652564     
   1.50979782229984        1.50979949497984        1.50979526394036     
   1.50980044885410        1.50979826760865        1.50979528458366     
   1.50980135082252        1.50979845084943        1.50980039022529     
   1.50979912868302        1.50979855899361        1.50979489062165     
   1.50980166145127        1.50979672467346        1.50979670130506     
   1.50979733346567        1.50979964668649        1.50980117028859     
   1.50979801747135        1.50979993849098        1.50980218127582     
   1.50980420482816        1.50980219209677        1.50979701763016     
   1.50979743338822        1.50979896802491        1.50980063970036     
   1.50980019780654        1.50980003364084        1.50980020025682     
   1.50979754880091        1.50979915561874        1.50979973661971     
   1.50979884881904        1.50979685670329        1.50979966280054     
   1.50979784188992        1.50979808469906        1.50979490527992     
   1.50979517788451        1.50979723290889        1.50979599240194     
   1.50979672113275        1.50979874123398        1.50979706887333     
   1.50979649353489        1.50979763278902        1.50979495929944     
   1.50979666803041        1.50979492129188        1.50979893616826     
   1.50979972132159        1.50979703890393        1.50979738966907     
   1.50980076854109        1.50979523496424        1.50979844773978     
   1.50979926071314        1.50979473754714        1.50979821056581     
   1.50979580769727        1.50979874459044        1.50980002531007     
   1.50979772998869        1.50980026449181        1.50979566563133     
   1.50980026225379        1.50979861861142        1.50979979857983     
  0.679986435860985       0.680102843804101       0.680154000869329     
  0.680224695048597       0.680292673412043       0.680353868624682     
  0.680408503621524       0.680458562508894       0.680501583192889     
  0.680539795197139       0.680571991277092       0.680600349615255     
  0.680624427269403       0.680644355732466       0.680661856312871     
  0.680675318590738       0.680688262169167       0.680698457274647     
  0.680705390371710       0.680713477162688       0.680719588503651     
  0.680726620888703       0.680732541003520       0.680741146630259     
  0.680749064584062       0.680756688425454       0.680765890306074     
  0.680776958366823       0.680787335022952       0.680799834375508     
  0.680811727619240       0.680825328068194       0.680839948064747     
  0.680853712973285       0.680869422106757       0.680885156541813     
  0.680900476517477       0.680917628652396       0.680929968675101     
  0.680946501135815       0.680958898542553       0.680972891063975     
  0.680983870235019       0.680995606373283       0.681005491379416     
  0.681013801939838       0.681019119723292       0.681026130326754     
  0.681029998069897       0.681030644625139       0.681032042593036     
  0.681029792975391       0.681027195504167       0.681023928017933     
  0.681018162380416       0.681011535949607       0.681004882964419     
  0.680998038599217       0.680989189092452       0.680980071239597     
  0.680969940740471       0.680961478541617       0.680953783388587     
  0.680944656463924       0.680938238784409       0.680931183473656     
  0.680926088994885       0.680919380831600       0.680915089006189     
  0.680913466562784       0.680913897136353       0.680912616874158     
  0.680912275607721       0.680915344359630       0.680918776919886     
  0.680923368135031       0.680929460402398       0.680936439447970     
  0.680944022429908       0.680952639864270       0.680958327290115     
  0.680968163204252       0.680975935061118       0.680985346372900     
  0.680994255608492       0.681000747584677       0.681009442734916     
  0.681016949571812       0.681023578930871       0.681029118987149     
  0.681033166337893       0.681035637577175       0.681039311863173     
  0.681039971667963       0.681037170035764       0.681036703391684     
  0.681035206602491       0.681032977883690       0.681026481034547     
  0.681020480768647       0.681015444807397       0.681009601496630     
  0.681001882274886       0.680995546995904       0.680988199447498     
  0.680980919580721       0.680972586639251       0.680966360083862     
  0.680958731832068       0.680952594487899       0.680946905702110     
  0.680943926341888       0.680939734854157       0.680936504338467     
  0.680933206678419       0.680933007674046       0.680931509682447     
  0.680933579424771       0.680934055036179       0.680936707842142     
  0.680940205644703       0.680945248375961       0.680951466574117     
  0.680956348384932       0.680963450312563       0.680969064895633     
  0.680975849648166       0.680980711829006       0.680988274280662     
  0.680993956018271       0.681000283338717       0.681005873524886     
  0.681008485474106       0.681014461850676       0.681019309041991     
  0.681023038940374       0.681023555002095       0.681027214012497     
  0.681028682841325       0.681027970361226       0.681025501048985     
  0.681023738552407       0.681024235372394       0.681022331869584     
  0.681020009944796       0.681015944813592       0.681008533105610     
  0.680997696548477       0.680982846683529       0.680970566783009     
  0.680958857014275       0.680952524211740       0.680947907672891     
  0.680947572137645       0.680952207753424       0.680955421674721     
  0.680958686126244       0.680963514651758       0.680963893329620     
  0.680964267489460       0.680963891474148       0.680964891484644     
  0.680963883677969       0.680964118225391       0.680965703034812     
  0.680966248628251       0.680968217764233       0.680969835322922     
  0.680971340919131       0.680972721422966       0.680973977193176     
  0.680974682968567       0.680975740072914       0.680978882821927     
  0.680977707577668       0.680978882565565       0.680979115190726     
  0.680980373481222       0.680981840491047       0.680981108326118     
  0.680983522819456       0.680984556053205       0.680983864445100     
  0.680984319797215       0.680985507381758       0.680983937151656     
  0.680986558938818       0.680985800849733       0.680984450667000     
  0.680987463655267       0.680986270829536       0.680987329803956     
  0.680986803555526       0.680986692379525       0.680985039735290     
  0.680987886399917       0.680985439835950       0.680985167938936     
  0.680985105448954       0.680986201781582       0.680986835470300     
  0.680984940538892       0.680985304779191       0.680986521324761     
  0.680987206417319       0.680985943807238       0.680983510617245     
  0.680983213302790       0.680983335344557       0.680984085276513     
  0.680983350364932       0.680983258039333       0.680983148579519     
  0.680981777068352       0.680982251695070       0.680982419509354     
  0.680981835543950       0.680980591337165       0.680981623515126     
  0.680980729493244       0.680980801768192       0.680979360918014     
  0.680979259572580       0.680980001820700       0.680979320331545     
  0.680979747911253       0.680980929289639       0.680980295163907     
  0.680980180257925       0.680980771450113       0.680979533449986     
  0.680980183452464       0.680979518908018       0.680981332703807     
  0.680981920072469       0.680980933818774       0.680980841552106     
  0.680982661454159       0.680979971425581       0.680981634847988     
  0.680982250473759       0.680980138800735       0.680981709210604     
  0.680980487821399       0.680981944720053       0.680982603271531     
  0.680981776451167       0.680982912343857       0.680981132417240     
  0.680983186178801       0.680982562267629       0.680983350598790     
 -3.133890511226101E-003 -9.951753244015293E-004 -9.543182378361475E-004
 -8.840958417543868E-004 -7.970184583826798E-004 -7.073313395763161E-004
 -6.228508559658264E-004 -5.483577480735111E-004 -4.802391613443663E-004
 -4.201803034641579E-004 -3.648761002390010E-004 -3.157719863478594E-004
 -2.707919795160328E-004 -2.288152596792188E-004 -1.909732226660887E-004
 -1.545498633668358E-004 -1.229282172218003E-004 -9.255553696075808E-005
 -6.263370974329772E-005 -3.771148934938312E-005 -1.359554293950544E-005
  6.631261901202039E-006  2.563656507672715E-005  3.933346091531040E-005
  5.214576671970724E-005  6.343212313512021E-005  7.135848852935838E-005
  7.575089104583370E-005  7.999256108848039E-005  8.044773381499152E-005
  8.060439746747830E-005  7.780598824245817E-005  7.287426392612173E-005
  6.806658008094497E-005  6.018382837290427E-005  5.140339624766615E-005
  4.227366115193026E-005  3.038280450890649E-005  2.348041816151204E-005
  1.055057725507038E-005  1.965982719663810E-006 -9.385662709352966E-006
 -1.775377512808282E-005 -2.777340015430896E-005 -3.622579066427805E-005
 -4.352448747367061E-005 -4.808136459206652E-005 -5.517638404041659E-005
 -5.876830163073209E-005 -5.910723944559888E-005 -6.091829105101723E-005
 -5.877628284281550E-005 -5.655588623322170E-005 -5.368461173437477E-005
 -4.817742743710061E-005 -4.192836960958616E-005 -3.577658235926791E-005
 -2.917738106071303E-005 -2.023392210641398E-005 -1.102684226967054E-005
 -5.993061151041037E-007  8.102175288343285E-006  1.631301891789117E-005
  2.620274108862296E-005  3.326567891760092E-005  4.157133892845238E-005
  4.773141590345019E-005  5.606893562439426E-005  6.171960751340239E-005
  6.447527330624658E-005  6.520888839413602E-005  6.844830722900426E-005
  7.053136888061076E-005  6.860605283417109E-005  6.658310917725973E-005
  6.329764543887971E-005  5.837418132167733E-005  5.261217317326157E-005
  4.597877912561868E-005  3.815316075536242E-005  3.366063455068030E-005
  2.399872523966993E-005  1.671528142786985E-005  7.336445912301362E-006
 -1.602230446103373E-006 -7.962749124634030E-006 -1.734666350141566E-005
 -2.543867492827116E-005 -3.290345502778391E-005 -3.924865529534362E-005
 -4.413447860390825E-005 -4.751484268844670E-005 -5.257658915130834E-005
 -5.412510026134372E-005 -5.210464887358183E-005 -5.318322380688195E-005
 -5.299661349544117E-005 -5.192120963621010E-005 -4.595089270692938E-005
 -4.087826394787647E-005 -3.712447177140720E-005 -3.210499377649839E-005
 -2.483305693396945E-005 -1.925300119616695E-005 -1.225395823747879E-005
 -5.122514444501990E-006  3.336519530343227E-006  9.576317194383396E-006
  1.774106240810235E-005  2.422345513458684E-005  3.047540427447205E-005
  3.388942570255365E-005  3.926971261656991E-005  4.356016709702377E-005
  4.803269744570131E-005  4.916100614529320E-005  5.207019391819886E-005
  5.075573507566924E-005  5.160672373425374E-005  4.998006872663806E-005
  4.739799983220010E-005  4.317557338394873E-005  3.771614002707269E-005
  3.382735433485753E-005  2.730975126635985E-005  2.246142737984735E-005
  1.607095742492292E-005  1.170797648219730E-005  3.947031299113284E-006
 -1.626049607333086E-006 -8.353179505222804E-006 -1.420497442143779E-005
 -1.696225206202500E-005 -2.411220826255974E-005 -2.981606703972001E-005
 -3.451180312761162E-005 -3.577266154697398E-005 -4.080431315551129E-005
 -4.317620548551107E-005 -4.330220147632597E-005 -4.165055256425249E-005
 -4.112261468040546E-005 -4.311610867743222E-005 -4.212906837059992E-005
 -4.047189787362676E-005 -3.647515317787141E-005 -2.827722020839502E-005
 -1.610162678993189E-005  1.777803667866476E-007  1.290835699107796E-005
  2.456388024361194E-005  2.971597163818507E-005  3.279813458321643E-005
  3.091004239035997E-005  2.365765417857595E-005  1.889899179975896E-005
  1.461546828732986E-005  9.068491680605942E-006  9.235234530468704E-006
  9.232480743200076E-006  1.016483628841351E-005  9.453482026062571E-006
  1.122234834823767E-005  1.128290266340167E-005  9.701264650436219E-006
  9.521371982012242E-006  7.664846009034259E-006  6.318770544433173E-006
  5.184329355594108E-006  4.276186384369347E-006  3.494646595976857E-006
  3.358572597596971E-006  2.642520371507013E-006 -2.592136003908425E-007
  1.976347829046146E-006  1.178733295557100E-006  1.408951012258311E-006
  4.365963338857113E-007 -6.888759790999781E-007  6.552182884888745E-007
 -1.742400252889603E-006 -2.286783401416101E-006 -8.587686568046847E-007
 -1.109196846116008E-006 -2.173084093884268E-006  1.158818620738446E-008
 -2.880449839747966E-006 -1.676914596207771E-006  2.270719016948439E-008
 -3.396263602437217E-006 -1.728340466380396E-006 -2.810152219031365E-006
 -2.015943442182866E-006 -1.721376137005050E-006  2.983055829844442E-007
 -3.173441799643871E-006 -2.899591127240721E-007 -1.933974069904315E-007
 -4.236884384567366E-007 -1.770179151845269E-006 -2.518306229273441E-006
 -5.172457621388248E-007 -1.311857406006060E-006 -2.743656490210153E-006
 -3.599021215886939E-006 -2.242612429626830E-006  5.346797030735513E-007
  4.972077171166167E-007 -5.735605580208990E-008 -1.103129487757025E-006
 -5.246411972718812E-007 -5.037832617479601E-007 -4.883063018612625E-007
  1.039057544998323E-006  2.550310601480942E-007 -3.715666996341491E-008
  5.249391686664269E-007  1.733523489840999E-006  2.826301876166792E-007
  1.257037457745908E-006  1.072741546264333E-006  2.678112699636247E-006
  2.617774927754762E-006  1.577039089556123E-006  2.281821882344024E-006
  1.758407102929915E-006  4.964621034516379E-007  1.354192166329815E-006
  1.576493569608360E-006  9.200490565243432E-007  2.389237786496875E-006
  1.513240597291392E-006  2.312673724894770E-006  1.228043581379339E-007
 -3.924105730735782E-007  9.251206577307981E-007  9.315460463912280E-007
 -1.076592763024403E-006  2.110337832535297E-006  1.582101405220480E-007
 -3.765962959956222E-007  2.149650290237130E-006  2.480931526484105E-007
  1.684761742998002E-006  1.138614312077427E-008 -6.616027934663218E-007
  5.384675000089503E-007 -7.244147381787984E-007  1.561807634634749E-006
 -8.545621730951533E-007  1.730004815046324E-009 -7.712525798302815E-007
