          1.322309
          1.322436
          1.322378
          1.322338
          1.322302
          1.322270
          1.322241
          1.322218
          1.322196
          1.322177
          1.322157
          1.322139
          1.322122
          1.322105
          1.322089
          1.322071
          1.322057
          1.322042
          1.322025
          1.322012
          1.321997
          1.321985
          1.321973
          1.321966
          1.321958
          1.321950
          1.321945
          1.321944
          1.321941
          1.321942
          1.321942
          1.321945
          1.321949
          1.321953
          1.321960
          1.321967
          1.321975
          1.321986
          1.321992
          1.322004
          1.322011
          1.322022
          1.322029
          1.322038
          1.322045
          1.322051
          1.322055
          1.322062
          1.322065
          1.322065
          1.322067
          1.322065
          1.322064
          1.322062
          1.322058
          1.322053
          1.322048
          1.322043
          1.322035
          1.322027
          1.322017
          1.322010
          1.322003
          1.321993
          1.321987
          1.321979
          1.321974
          1.321966
          1.321960
          1.321958
          1.321958
          1.321954
          1.321951
          1.321952
          1.321953
          1.321955
          1.321959
          1.321963
          1.321968
          1.321975
          1.321977
          1.321986
          1.321993
          1.322001
          1.322009
          1.322014
          1.322022
          1.322029
          1.322036
          1.322042
          1.322046
          1.322048
          1.322054
          1.322055
          1.322053
          1.322055
          1.322055
          1.322055
          1.322050
          1.322045
          1.322043
          1.322040
          1.322033
          1.322029
          1.322023
          1.322017
          1.322009
          1.322004
          1.321996
          1.321989
          1.321983
          1.321981
          1.321976
          1.321972
          1.321967
          1.321967
          1.321963
          1.321965
          1.321963
          1.321964
          1.321966
          1.321969
          1.321974
          1.321976
          1.321982
          1.321986
          1.321993
          1.321996
          1.322003
          1.322008
          1.322014
          1.322019
          1.322021
          1.322028
          1.322033
          1.322037
          1.322037
          1.322043
          1.322045
          1.322046
          1.322044
          1.322044
          1.322047
          1.322047
          1.322048
          1.322045
          1.322038
          1.322027
          1.322010
          1.321996
          1.321983
          1.321977
          1.321973
          1.321974
          1.321983
          1.321988
          1.321992
          1.321998
          1.321997
          1.321997
          1.321996
          1.321996
          1.321994
          1.321993
          1.321995
          1.321995
          1.321996
          1.321997
          1.321998
          1.321999
          1.322000
          1.321999
          1.322000
          1.322003
          1.322000
          1.322001
          1.322001
          1.322003
          1.322005
          1.322003
          1.322007
          1.322008
          1.322006
          1.322007
          1.322008
          1.322006
          1.322010
          1.322008
          1.322006
          1.322010
          1.322008
          1.322010
          1.322009
          1.322009
          1.322006
          1.322011
          1.322007
          1.322007
          1.322007
          1.322009
          1.322010
          1.322007
          1.322008
          1.322010
          1.322011
          1.322009
          1.322005
          1.322004
          1.322005
          1.322005
          1.322004
          1.322004
          1.322004
          1.322001
          1.322002
          1.322003
          1.322002
          1.322000
          1.322002
          1.322001
          1.322001
          1.321999
          1.321999
          1.322000
          1.321999
          1.321999
          1.322001
          1.322000
          1.321999
          1.322000
          1.321998
          1.321999
          1.321998
          1.322001
          1.322001
          1.322000
          1.322000
          1.322002
          1.321998
          1.322000
          1.322001
          1.321998
          1.322000
          1.321999
          1.322001
          1.322003
          1.322002
          1.322004
          1.322001
          1.322005
          1.322004
          1.322005
