         13.861634
         13.856049
         13.856224
         13.856349
         13.856456
         13.856560
         13.856666
         13.856775
         13.856885
         13.856996
         13.857105
         13.857212
         13.857316
         13.857417
         13.857514
         13.857606
         13.857695
         13.857780
         13.857861
         13.857938
         13.858011
         13.858082
         13.858149
         13.858214
         13.858276
         13.858336
         13.858393
         13.858449
         13.858503
         13.858556
         13.858607
         13.858656
         13.858705
         13.858752
         13.858798
         13.858843
         13.858887
         13.858929
         13.858971
         13.859012
         13.859052
         13.859090
         13.859128
         13.859164
         13.859199
         13.859234
         13.859267
         13.859299
         13.859330
         13.859359
         13.859388
         13.859416
         13.859443
         13.859470
         13.859496
         13.859521
         13.859546
         13.859571
         13.859595
         13.859619
         13.859642
         13.859665
         13.859688
         13.859711
         13.859733
         13.859755
         13.859777
         13.859799
         13.859821
         13.859842
         13.859863
         13.859884
         13.859905
         13.859927
         13.859948
         13.859968
         13.859989
         13.860009
         13.860029
         13.860048
         13.860068
         13.860087
         13.860106
         13.860125
         13.860144
         13.860162
         13.860181
         13.860199
         13.860217
         13.860235
         13.860252
         13.860270
         13.860287
         13.860304
         13.860321
         13.860337
         13.860353
         13.860369
         13.860384
         13.860400
         13.860415
         13.860430
         13.860444
         13.860459
         13.860473
         13.860487
         13.860500
         13.860514
         13.860527
         13.860541
         13.860554
         13.860567
         13.860579
         13.860592
         13.860605
         13.860617
         13.860630
         13.860642
         13.860654
         13.860665
         13.860677
         13.860689
         13.860701
         13.860713
         13.860725
         13.860737
         13.860748
         13.860760
         13.860771
         13.860782
         13.860793
         13.860804
         13.860815
         13.860826
         13.860836
         13.860847
         13.860858
         13.860869
         13.860879
         13.860889
         13.860899
         13.860910
         13.860919
         13.860929
         13.860938
         13.860948
         13.860957
         13.860966
         13.860975
         13.860984
         13.860992
         13.861000
         13.861008
         13.861016
         13.861023
         13.861030
         13.861037
         13.861044
         13.861050
         13.861057
         13.861063
         13.861070
         13.861076
         13.861082
         13.861088
         13.861093
         13.861098
         13.861104
         13.861110
         13.861116
         13.861122
         13.861127
         13.861133
         13.861139
         13.861145
         13.861151
         13.861157
         13.861163
         13.861169
         13.861176
         13.861182
         13.861188
         13.861195
         13.861202
         13.861208
         13.861215
         13.861221
         13.861228
         13.861234
         13.861240
         13.861247
         13.861253
         13.861259
         13.861265
         13.861270
         13.861275
         13.861280
         13.861285
         13.861289
         13.861293
         13.861297
         13.861300
         13.861304
         13.861306
         13.861309
         13.861311
         13.861313
         13.861314
         13.861315
         13.861316
         13.861317
         13.861318
         13.861318
         13.861319
         13.861319
         13.861320
         13.861319
         13.861319
         13.861320
         13.861320
         13.861320
         13.861320
         13.861321
         13.861322
         13.861323
         13.861324
         13.861325
         13.861327
         13.861329
         13.861331
         13.861333
         13.861335
         13.861338
         13.861341
         13.861343
         13.861346
         13.861349
         13.861352
         13.861354
         13.861357
         13.861359
         13.861361
         13.861363
         13.861363
         13.861364
         13.861364
         13.861363
         13.861362
         13.861359
         13.861357
         13.861353
         13.861348
         13.861343
