          1.376775
          1.377703
          1.377740
          1.377701
          1.377631
          1.377552
          1.377474
          1.377401
          1.377334
          1.377274
          1.377221
          1.377173
          1.377131
          1.377093
          1.377059
          1.377029
          1.377003
          1.376979
          1.376957
          1.376938
          1.376921
          1.376906
          1.376892
          1.376880
          1.376868
          1.376858
          1.376849
          1.376841
          1.376834
          1.376828
          1.376822
          1.376816
          1.376812
          1.376807
          1.376804
          1.376800
          1.376797
          1.376794
          1.376792
          1.376790
          1.376788
          1.376786
          1.376785
          1.376783
          1.376782
          1.376781
          1.376780
          1.376779
          1.376779
          1.376778
          1.376778
          1.376777
          1.376777
          1.376777
          1.376776
          1.376776
          1.376775
          1.376775
          1.376775
          1.376775
          1.376774
          1.376774
          1.376774
          1.376774
          1.376774
          1.376774
          1.376773
          1.376773
          1.376773
          1.376773
          1.376773
          1.376773
          1.376773
          1.376773
          1.376773
          1.376773
          1.376773
          1.376773
          1.376773
          1.376773
          1.376773
          1.376773
          1.376773
          1.376773
          1.376773
          1.376773
          1.376773
          1.376773
          1.376773
          1.376773
          1.376773
          1.376773
          1.376773
          1.376773
          1.376773
          1.376773
          1.376773
          1.376773
          1.376773
          1.376773
          1.376773
          1.376773
          1.376773
          1.376773
          1.376773
          1.376773
          1.376773
          1.376773
          1.376773
          1.376773
          1.376773
          1.376773
          1.376773
          1.376773
          1.376773
          1.376773
          1.376774
          1.376774
          1.376774
          1.376774
          1.376774
          1.376774
          1.376774
          1.376774
          1.376774
          1.376774
          1.376774
          1.376774
          1.376774
          1.376774
          1.376774
          1.376774
          1.376774
          1.376774
          1.376774
          1.376774
          1.376774
          1.376774
          1.376774
          1.376774
          1.376774
          1.376774
          1.376774
          1.376774
          1.376774
          1.376774
          1.376774
          1.376774
          1.376774
          1.376774
          1.376774
          1.376774
          1.376774
          1.376774
          1.376774
          1.376774
          1.376774
          1.376774
          1.376774
          1.376774
          1.376774
          1.376774
          1.376775
          1.376775
          1.376775
          1.376775
          1.376775
          1.376775
          1.376775
          1.376775
          1.376775
          1.376774
          1.376774
          1.376774
          1.376774
          1.376774
          1.376774
          1.376774
          1.376774
          1.376774
          1.376774
          1.376774
          1.376774
          1.376774
          1.376774
          1.376774
          1.376774
          1.376774
          1.376774
          1.376774
          1.376774
          1.376774
          1.376774
          1.376774
          1.376774
          1.376774
          1.376774
          1.376774
          1.376775
          1.376775
          1.376775
          1.376775
          1.376775
          1.376775
          1.376775
          1.376775
          1.376775
          1.376775
          1.376775
          1.376775
          1.376775
          1.376775
          1.376775
          1.376775
          1.376775
          1.376775
          1.376775
          1.376775
          1.376775
          1.376775
          1.376775
          1.376775
          1.376775
          1.376775
          1.376775
          1.376775
          1.376775
          1.376775
          1.376775
          1.376775
          1.376774
          1.376774
          1.376774
          1.376774
          1.376774
          1.376774
          1.376774
          1.376774
          1.376774
          1.376774
          1.376774
          1.376774
          1.376774
          1.376774
          1.376774
          1.376774
          1.376775
          1.376775
          1.376775
          1.376775
          1.376775
          1.376775
          1.376775
