          0.292993
          0.293017
          0.293042
          0.293065
          0.293088
          0.293109
          0.293130
          0.293149
          0.293167
          0.293184
          0.293199
          0.293213
          0.293226
          0.293238
          0.293249
          0.293258
          0.293268
          0.293276
          0.293283
          0.293290
          0.293297
          0.293302
          0.293306
          0.293312
          0.293316
          0.293320
          0.293324
          0.293327
          0.293330
          0.293333
          0.293336
          0.293338
          0.293341
          0.293343
          0.293344
          0.293347
          0.293348
          0.293350
          0.293351
          0.293353
          0.293354
          0.293355
          0.293357
          0.293357
          0.293358
          0.293359
          0.293360
          0.293360
          0.293361
          0.293361
          0.293362
          0.293362
          0.293363
          0.293364
          0.293364
          0.293364
          0.293365
          0.293365
          0.293365
          0.293366
          0.293365
          0.293366
          0.293366
          0.293366
          0.293367
          0.293367
          0.293368
          0.293368
          0.293368
          0.293368
          0.293369
          0.293369
          0.293370
          0.293370
          0.293370
          0.293371
          0.293371
          0.293371
          0.293371
          0.293372
          0.293372
          0.293373
          0.293373
          0.293373
          0.293373
          0.293374
          0.293374
          0.293374
          0.293375
          0.293375
          0.293375
          0.293375
          0.293376
          0.293376
          0.293376
          0.293376
          0.293377
          0.293377
          0.293377
          0.293378
          0.293377
          0.293377
          0.293378
          0.293378
          0.293378
          0.293378
          0.293378
          0.293379
          0.293379
          0.293379
          0.293379
          0.293379
          0.293380
          0.293380
          0.293380
          0.293381
          0.293380
          0.293380
          0.293380
          0.293381
          0.293381
          0.293381
          0.293381
          0.293382
          0.293382
          0.293382
          0.293382
          0.293382
          0.293382
          0.293382
          0.293383
          0.293383
          0.293383
          0.293383
          0.293383
          0.293384
          0.293384
          0.293384
          0.293384
          0.293384
          0.293385
          0.293384
          0.293385
          0.293384
          0.293385
          0.293385
          0.293385
          0.293386
          0.293386
          0.293386
          0.293386
          0.293386
          0.293386
          0.293386
          0.293386
          0.293386
          0.293386
          0.293386
          0.293386
          0.293387
          0.293387
          0.293387
          0.293386
          0.293386
          0.293386
          0.293386
          0.293387
          0.293387
          0.293387
          0.293387
          0.293387
          0.293387
          0.293387
          0.293387
          0.293388
          0.293387
          0.293387
          0.293387
          0.293388
          0.293387
          0.293388
          0.293388
          0.293388
          0.293388
          0.293389
          0.293389
          0.293389
          0.293389
          0.293389
          0.293389
          0.293390
          0.293390
          0.293389
          0.293390
          0.293390
          0.293390
          0.293389
          0.293390
          0.293390
          0.293390
          0.293390
          0.293390
          0.293389
          0.293390
          0.293390
          0.293389
          0.293389
          0.293389
          0.293389
          0.293389
          0.293389
          0.293389
          0.293389
          0.293389
          0.293389
          0.293388
          0.293388
          0.293389
          0.293388
          0.293388
          0.293388
          0.293389
          0.293389
          0.293388
          0.293388
          0.293388
          0.293388
          0.293388
          0.293388
          0.293388
          0.293389
          0.293388
          0.293389
          0.293388
          0.293389
          0.293389
          0.293389
          0.293389
          0.293389
          0.293389
          0.293389
          0.293389
          0.293389
          0.293389
          0.293389
          0.293389
          0.293388
          0.293388
          0.293388
          0.293387
          0.293388
          0.293388
