          0.004769
          0.004706
          0.004628
          0.004533
          0.004428
          0.004315
          0.004207
          0.004099
          0.004099
          0.004099
          0.004057
          0.004001
          0.003936
          0.003830
          0.003830
          0.003775
          0.003718
          0.003649
          0.003573
          0.003499
          0.003436
          0.003380
          0.003322
          0.003256
          0.003186
          0.003124
          0.003077
          0.003044
          0.002998
          0.002933
          0.002851
          0.002756
          0.002669
          0.002596
          0.002531
          0.002464
          0.002464
          0.002464
          0.002415
          0.002369
          0.002321
          0.002275
          0.002228
          0.002183
          0.002138
          0.002095
          0.002052
          0.002010
          0.001968
          0.001930
          0.001892
          0.001855
          0.001818
          0.001782
          0.001746
          0.001710
          0.001676
          0.001642
          0.001609
          0.001576
          0.001544
          0.001513
          0.001484
          0.001464
          0.001443
          0.001418
          0.001392
          0.001365
          0.001339
          0.001313
          0.001287
          0.001262
          0.001240
          0.001219
          0.001197
          0.001173
          0.001151
          0.001129
          0.001108
          0.001087
          0.001065
          0.001044
          0.001023
          0.001003
          0.000984
          0.000965
          0.000947
          0.000928
          0.000909
          0.000891
          0.000874
          0.000858
          0.000841
          0.000825
          0.000809
          0.000792
          0.000776
          0.000761
          0.000747
          0.000733
          0.000718
          0.000704
          0.000689
          0.000674
          0.000660
          0.000647
          0.000635
          0.000622
          0.000610
          0.000598
          0.000586
          0.000574
          0.000562
          0.000551
          0.000540
          0.000529
          0.000518
          0.000508
          0.000498
          0.000488
          0.000478
          0.000469
          0.000459
          0.000450
          0.000442
          0.000433
          0.000424
          0.000416
          0.000408
          0.000400
          0.000392
          0.000384
          0.000375
          0.000366
          0.000358
          0.000350
          0.000343
          0.000336
          0.000330
          0.000324
          0.000317
          0.000311
          0.000304
          0.000298
          0.000292
          0.000286
          0.000280
          0.000274
          0.000269
          0.000263
          0.000258
          0.000253
          0.000248
          0.000243
          0.000238
          0.000233
          0.000228
          0.000224
          0.000219
          0.000215
          0.000210
          0.000206
          0.000202
          0.000198
          0.000194
          0.000190
          0.000186
          0.000183
          0.000179
          0.000175
          0.000172
          0.000168
          0.000165
          0.000162
          0.000158
          0.000156
          0.000154
          0.000152
          0.000150
          0.000147
          0.000144
          0.000142
          0.000139
          0.000136
          0.000134
          0.000131
          0.000128
          0.000126
          0.000123
          0.000121
          0.000118
          0.000116
          0.000114
          0.000112
          0.000109
          0.000107
          0.000105
          0.000103
          0.000101
          0.000099
          0.000098
          0.000098
          0.000097
          0.000097
          0.000096
          0.000096
          0.000095
          0.000095
          0.000095
          0.000094
          0.000094
          0.000093
          0.000093
          0.000092
          0.000092
          0.000091
          0.000091
          0.000090
          0.000090
          0.000089
          0.000089
          0.000089
          0.000088
          0.000088
          0.000087
          0.000087
          0.000086
          0.000086
          0.000085
          0.000085
          0.000085
          0.000084
          0.000084
          0.000083
          0.000083
          0.000083
          0.000082
          0.000082
          0.000081
          0.000081
          0.000080
          0.000080
          0.000080
          0.000079
          0.000079
          0.000079
          0.000078
          0.000078
          0.000077
          0.000077
          0.000077
          0.000076
          0.000076
          0.000075
          0.000075
          0.000075
          0.000074
          0.000074
          0.000074
          0.000073
          0.000073
          0.000072
          0.000072
          0.000072
          0.000071
          0.000071
          0.000071
          0.000070
          0.000070
          0.000070
          0.000069
          0.000069
          0.000069
          0.000068
          0.000068
          0.000068
          0.000067
          0.000067
          0.000067
          0.000066
          0.000066
          0.000066
          0.000065
          0.000065
          0.000065
          0.000064
          0.000064
          0.000064
          0.000063
          0.000063
          0.000063
          0.000062
          0.000062
          0.000062
          0.000061
          0.000061
          0.000061
          0.000060
          0.000060
          0.000060
          0.000060
          0.000059
          0.000059
          0.000059
          0.000058
          0.000058
          0.000058
          0.000058
          0.000057
          0.000057
          0.000057
          0.000056
          0.000056
          0.000056
          0.000056
          0.000055
          0.000055
          0.000055
          0.000054
          0.000054
          0.000054
          0.000054
          0.000053
          0.000053
          0.000053
          0.000053
          0.000052
          0.000052
          0.000052
          0.000052
          0.000051
          0.000051
          0.000051
          0.000051
          0.000050
          0.000050
          0.000050
          0.000050
          0.000050
          0.000050
          0.000050
          0.000050
          0.000050
          0.000050
          0.000050
          0.000050
          0.000049
          0.000049
          0.000049
          0.000049
          0.000049
          0.000049
          0.000049
          0.000049
          0.000049
          0.000049
          0.000049
          0.000049
          0.000049
          0.000049
          0.000049
          0.000049
          0.000049
          0.000049
          0.000049
          0.000049
          0.000048
          0.000048
          0.000048
          0.000048
          0.000048
          0.000048
          0.000048
          0.000048
          0.000048
          0.000048
          0.000048
          0.000048
          0.000048
          0.000048
          0.000048
          0.000048
          0.000048
          0.000048
          0.000048
          0.000048
          0.000047
          0.000047
          0.000047
          0.000047
          0.000047
          0.000047
          0.000047
          0.000047
          0.000047
          0.000047
          0.000047
          0.000047
          0.000047
          0.000047
          0.000047
          0.000047
          0.000047
          0.000047
          0.000047
          0.000047
          0.000047
          0.000047
          0.000046
          0.000046
          0.000046
          0.000046
          0.000046
          0.000046
          0.000046
          0.000046
          0.000046
          0.000046
          0.000046
          0.000046
          0.000046
          0.000046
          0.000046
          0.000046
          0.000046
          0.000046
          0.000046
          0.000046
          0.000046
          0.000045
          0.000045
          0.000045
          0.000045
          0.000045
          0.000045
          0.000045
          0.000045
          0.000045
          0.000045
          0.000045
          0.000045
          0.000045
          0.000045
          0.000045
          0.000045
          0.000045
          0.000045
          0.000045
          0.000045
          0.000045
          0.000045
          0.000044
          0.000044
          0.000044
          0.000044
          0.000044
          0.000044
          0.000044
          0.000044
          0.000044
          0.000044
          0.000044
          0.000044
          0.000044
          0.000044
          0.000044
          0.000044
          0.000044
          0.000044
          0.000044
          0.000044
          0.000044
          0.000044
          0.000044
          0.000043
          0.000043
          0.000043
          0.000043
          0.000043
          0.000043
          0.000043
          0.000043
          0.000043
          0.000043
          0.000043
          0.000043
          0.000043
          0.000043
          0.000043
          0.000043
          0.000043
          0.000043
          0.000043
          0.000043
          0.000043
          0.000043
          0.000043
          0.000042
          0.000042
          0.000042
          0.000042
          0.000042
          0.000042
          0.000042
          0.000042
          0.000042
          0.000042
          0.000042
          0.000042
          0.000042
          0.000042
          0.000042
          0.000042
          0.000042
          0.000042
          0.000042
          0.000042
          0.000042
          0.000042
          0.000042
          0.000042
          0.000041
          0.000041
          0.000041
          0.000041
          0.000041
          0.000041
          0.000041
          0.000041
          0.000041
          0.000041
          0.000041
          0.000041
          0.000041
          0.000041
          0.000041
          0.000041
          0.000041
          0.000041
          0.000041
          0.000041
          0.000041
          0.000041
          0.000041
          0.000041
          0.000040
          0.000040
          0.000040
          0.000040
          0.000040
          0.000040
          0.000040
          0.000040
          0.000040
          0.000040
          0.000040
          0.000040
          0.000040
          0.000040
          0.000040
          0.000040
          0.000040
          0.000040
          0.000040
          0.000040
          0.000040
          0.000040
          0.000040
          0.000040
          0.000040
          0.000039
          0.000039
          0.000039
          0.000039
          0.000039
          0.000039
          0.000039
          0.000039
          0.000039
          0.000039
          0.000039
          0.000039
          0.000039
          0.000039
          0.000039
          0.000039
          0.000039
          0.000039
          0.000039
          0.000039
          0.000039
          0.000039
          0.000039
          0.000039
          0.000039
          0.000039
          0.000038
          0.000038
          0.000038
          0.000038
          0.000038
          0.000038
          0.000038
          0.000038
          0.000038
          0.000038
          0.000038
          0.000038
          0.000038
          0.000038
          0.000038
          0.000038
          0.000038
          0.000038
          0.000038
          0.000038
          0.000038
          0.000038
          0.000038
          0.000038
          0.000038
          0.000038
          0.000037
          0.000037
          0.000037
          0.000037
          0.000037
          0.000037
          0.000037
          0.000037
          0.000037
          0.000037
          0.000037
          0.000037
          0.000037
          0.000037
          0.000037
          0.000037
          0.000037
          0.000037
          0.000037
          0.000037
          0.000037
          0.000037
          0.000037
          0.000037
          0.000037
          0.000037
          0.000037
          0.000036
          0.000036
          0.000036
          0.000036
          0.000036
          0.000036
          0.000036
          0.000036
          0.000036
          0.000036
          0.000036
          0.000036
          0.000036
          0.000036
          0.000036
          0.000036
          0.000036
          0.000036
          0.000036
          0.000036
          0.000036
          0.000036
          0.000036
          0.000036
          0.000036
          0.000036
          0.000036
          0.000035
          0.000035
          0.000035
          0.000035
          0.000035
          0.000035
          0.000035
          0.000035
          0.000035
          0.000035
          0.000035
          0.000035
          0.000035
          0.000035
          0.000035
          0.000035
          0.000035
          0.000035
          0.000035
          0.000035
          0.000035
          0.000035
          0.000035
          0.000035
          0.000035
          0.000035
          0.000035
          0.000035
          0.000035
          0.000034
          0.000034
          0.000034
          0.000034
          0.000034
          0.000034
          0.000034
          0.000034
          0.000034
          0.000034
          0.000034
          0.000034
          0.000034
          0.000034
          0.000034
          0.000034
          0.000034
          0.000034
          0.000034
          0.000034
          0.000034
          0.000034
          0.000034
          0.000034
          0.000034
          0.000034
          0.000034
          0.000034
          0.000034
          0.000033
          0.000033
          0.000033
          0.000033
          0.000033
          0.000033
          0.000033
          0.000033
          0.000033
          0.000033
          0.000033
          0.000033
          0.000033
          0.000033
          0.000033
          0.000033
          0.000033
          0.000033
          0.000033
          0.000033
          0.000033
          0.000033
          0.000033
          0.000033
          0.000033
          0.000033
          0.000033
          0.000033
          0.000033
          0.000033
          0.000032
          0.000032
          0.000032
          0.000032
          0.000032
          0.000032
          0.000032
          0.000032
          0.000032
          0.000032
          0.000032
          0.000032
          0.000032
          0.000032
          0.000032
          0.000032
          0.000032
          0.000032
          0.000032
          0.000032
          0.000032
          0.000032
          0.000032
          0.000032
          0.000032
          0.000032
          0.000032
          0.000032
          0.000032
          0.000032
          0.000032
          0.000031
          0.000031
          0.000031
          0.000031
          0.000031
          0.000031
          0.000031
          0.000031
          0.000031
          0.000031
          0.000031
          0.000031
          0.000031
          0.000031
          0.000031
          0.000031
          0.000031
          0.000031
          0.000031
          0.000031
          0.000031
          0.000031
          0.000031
          0.000031
          0.000031
          0.000031
          0.000031
          0.000031
          0.000031
          0.000031
          0.000031
          0.000031
          0.000030
          0.000030
          0.000030
          0.000030
          0.000030
          0.000030
          0.000030
          0.000030
          0.000030
          0.000030
          0.000030
          0.000030
          0.000030
          0.000030
          0.000030
          0.000030
          0.000030
          0.000030
          0.000030
          0.000030
          0.000030
          0.000030
          0.000030
          0.000030
          0.000030
          0.000030
          0.000030
          0.000030
          0.000030
          0.000030
          0.000030
          0.000030
          0.000030
          0.000030
          0.000029
          0.000029
          0.000029
          0.000029
          0.000029
          0.000029
          0.000029
          0.000029
          0.000029
          0.000029
          0.000029
          0.000029
          0.000029
          0.000029
          0.000029
          0.000029
          0.000029
          0.000029
          0.000029
          0.000029
          0.000029
          0.000029
          0.000029
          0.000029
          0.000029
          0.000029
          0.000029
          0.000029
          0.000029
          0.000029
          0.000029
          0.000029
          0.000029
          0.000028
          0.000028
          0.000028
          0.000028
          0.000028
          0.000028
          0.000028
          0.000028
          0.000028
          0.000028
          0.000028
          0.000028
          0.000028
          0.000028
          0.000028
          0.000028
          0.000028
          0.000028
          0.000028
          0.000028
          0.000028
          0.000028
          0.000028
          0.000028
          0.000028
          0.000028
          0.000028
          0.000028
          0.000028
          0.000028
          0.000028
          0.000028
          0.000028
          0.000028
          0.000028
          0.000028
          0.000027
          0.000027
          0.000027
          0.000027
          0.000027
          0.000027
          0.000027
          0.000027
          0.000027
          0.000027
          0.000027
          0.000027
          0.000027
          0.000027
          0.000027
          0.000027
          0.000027
          0.000027
          0.000027
          0.000027
          0.000027
          0.000027
          0.000027
          0.000027
          0.000027
          0.000027
          0.000027
          0.000027
          0.000027
          0.000027
          0.000027
          0.000027
          0.000027
          0.000027
          0.000027
          0.000027
          0.000027
          0.000026
          0.000026
          0.000026
          0.000026
          0.000026
          0.000026
          0.000026
          0.000026
          0.000026
          0.000026
          0.000026
          0.000026
          0.000026
          0.000026
          0.000026
          0.000026
          0.000026
          0.000026
          0.000026
          0.000026
          0.000026
          0.000026
          0.000026
          0.000026
          0.000026
          0.000026
          0.000026
          0.000026
          0.000026
          0.000026
          0.000026
          0.000026
          0.000026
          0.000026
          0.000026
          0.000026
          0.000026
          0.000026
          0.000025
          0.000025
          0.000025
          0.000025
          0.000025
          0.000025
          0.000025
          0.000025
          0.000025
          0.000025
          0.000025
          0.000025
          0.000025
          0.000025
          0.000025
          0.000025
          0.000025
          0.000025
          0.000025
          0.000025
          0.000025
          0.000025
          0.000025
          0.000025
          0.000025
          0.000025
          0.000025
          0.000025
          0.000025
          0.000025
          0.000025
          0.000025
          0.000025
          0.000025
          0.000025
          0.000025
          0.000025
          0.000025
          0.000025
          0.000025
          0.000024
          0.000024
          0.000024
          0.000024
          0.000024
          0.000024
          0.000024
          0.000024
          0.000024
          0.000024
          0.000024
          0.000024
          0.000024
          0.000024
          0.000024
          0.000024
          0.000024
          0.000024
          0.000024
          0.000024
          0.000024
          0.000024
          0.000024
          0.000024
          0.000024
          0.000024
          0.000024
          0.000024
          0.000024
          0.000024
          0.000024
          0.000024
          0.000024
          0.000024
          0.000024
          0.000024
          0.000024
          0.000024
          0.000024
          0.000024
          0.000024
          0.000023
          0.000023
          0.000023
          0.000023
          0.000023
          0.000023
          0.000023
          0.000023
          0.000023
          0.000023
          0.000023
          0.000023
          0.000023
          0.000023
          0.000023
          0.000023
          0.000023
          0.000023
          0.000023
          0.000023
          0.000023
          0.000023
          0.000023
          0.000023
          0.000023
          0.000023
          0.000023
          0.000023
          0.000023
          0.000023
          0.000023
          0.000023
          0.000023
          0.000023
          0.000023
          0.000023
          0.000023
          0.000023
          0.000023
          0.000023
          0.000023
          0.000023
          0.000022
          0.000022
          0.000022
          0.000022
          0.000022
          0.000022
          0.000022
          0.000022
          0.000022
          0.000022
          0.000022
          0.000022
          0.000022
          0.000022
          0.000022
          0.000022
          0.000022
          0.000022
          0.000022
          0.000022
          0.000022
          0.000022
          0.000022
          0.000022
          0.000022
          0.000022
          0.000022
          0.000022
          0.000022
          0.000022
          0.000022
          0.000022
          0.000022
          0.000022
          0.000022
          0.000022
          0.000022
          0.000022
          0.000022
          0.000022
          0.000022
          0.000022
          0.000022
          0.000022
          0.000022
          0.000021
          0.000021
          0.000021
          0.000021
          0.000021
          0.000021
          0.000021
          0.000021
          0.000021
          0.000021
          0.000021
          0.000021
          0.000021
          0.000021
          0.000021
          0.000021
          0.000021
          0.000021
          0.000021
          0.000021
          0.000021
          0.000021
          0.000021
          0.000021
          0.000021
          0.000021
          0.000021
          0.000021
          0.000021
          0.000021
          0.000021
          0.000021
          0.000021
          0.000021
          0.000021
          0.000021
          0.000021
          0.000021
          0.000021
          0.000021
          0.000021
          0.000021
          0.000021
          0.000021
          0.000021
          0.000021
          0.000021
          0.000020
          0.000020
          0.000020
          0.000020
          0.000020
          0.000020
          0.000020
          0.000020
          0.000020
          0.000020
          0.000020
          0.000020
          0.000020
          0.000020
          0.000020
          0.000020
          0.000020
          0.000020
          0.000020
          0.000020
          0.000020
          0.000020
          0.000020
          0.000020
          0.000020
          0.000020
          0.000020
          0.000020
          0.000020
          0.000020
          0.000020
          0.000020
          0.000020
          0.000020
          0.000020
          0.000020
          0.000020
          0.000020
          0.000020
          0.000020
          0.000020
          0.000020
          0.000020
          0.000020
          0.000020
          0.000020
          0.000020
          0.000020
          0.000020
          0.000020
          0.000019
          0.000019
          0.000019
          0.000019
          0.000019
          0.000019
          0.000019
          0.000019
          0.000019
          0.000019
          0.000019
          0.000019
          0.000019
          0.000019
          0.000019
          0.000019
          0.000019
          0.000019
          0.000019
          0.000019
          0.000019
          0.000019
          0.000019
          0.000019
          0.000019
          0.000019
          0.000019
          0.000019
          0.000019
          0.000019
          0.000019
          0.000019
          0.000019
          0.000019
          0.000019
          0.000019
          0.000019
          0.000019
          0.000019
          0.000019
          0.000019
          0.000019
          0.000019
          0.000019
          0.000019
          0.000019
          0.000019
          0.000019
          0.000019
          0.000019
          0.000019
          0.000019
          0.000018
          0.000018
          0.000018
          0.000018
          0.000018
          0.000018
          0.000018
          0.000018
          0.000018
          0.000018
          0.000018
          0.000018
          0.000018
          0.000018
          0.000018
          0.000018
          0.000018
          0.000018
          0.000018
          0.000018
          0.000018
          0.000018
          0.000018
          0.000018
          0.000018
          0.000018
          0.000018
          0.000018
          0.000018
          0.000018
          0.000018
          0.000018
          0.000018
          0.000018
          0.000018
          0.000018
          0.000018
          0.000018
          0.000018
          0.000018
          0.000018
          0.000018
          0.000018
          0.000018
          0.000018
          0.000018
          0.000018
          0.000018
          0.000018
          0.000018
          0.000018
          0.000018
          0.000018
          0.000018
          0.000017
          0.000017
          0.000017
          0.000017
          0.000017
          0.000017
          0.000017
          0.000017
          0.000017
          0.000017
          0.000017
          0.000017
          0.000017
          0.000017
          0.000017
          0.000017
          0.000017
          0.000017
          0.000017
          0.000017
          0.000017
          0.000017
          0.000017
          0.000017
          0.000017
          0.000017
          0.000017
          0.000017
          0.000017
          0.000017
          0.000017
          0.000017
          0.000017
          0.000017
          0.000017
          0.000017
          0.000017
          0.000017
          0.000017
          0.000017
          0.000017
          0.000017
          0.000017
          0.000017
          0.000017
          0.000017
          0.000017
          0.000017
          0.000017
          0.000017
          0.000017
          0.000017
          0.000017
          0.000017
          0.000017
          0.000017
          0.000017
          0.000017
          0.000016
          0.000016
          0.000016
          0.000016
          0.000016
          0.000016
          0.000016
          0.000016
          0.000016
          0.000016
          0.000016
          0.000016
          0.000016
          0.000016
          0.000016
          0.000016
          0.000016
          0.000016
          0.000016
          0.000016
          0.000016
          0.000016
          0.000016
          0.000016
          0.000016
          0.000016
          0.000016
          0.000016
          0.000016
          0.000016
          0.000016
          0.000016
          0.000016
          0.000016
          0.000016
          0.000016
          0.000016
          0.000016
          0.000016
          0.000016
          0.000016
          0.000016
          0.000016
          0.000016
          0.000016
          0.000016
          0.000016
          0.000016
          0.000016
          0.000016
          0.000016
          0.000016
          0.000016
          0.000016
          0.000016
          0.000016
          0.000016
          0.000016
          0.000016
          0.000016
          0.000016
          0.000016
          0.000015
          0.000015
          0.000015
          0.000015
          0.000015
          0.000015
          0.000015
          0.000015
          0.000015
          0.000015
          0.000015
          0.000015
          0.000015
          0.000015
          0.000015
          0.000015
          0.000015
          0.000015
          0.000015
          0.000015
          0.000015
          0.000015
          0.000015
          0.000015
          0.000015
          0.000015
          0.000015
          0.000015
          0.000015
          0.000015
          0.000015
          0.000015
          0.000015
          0.000015
          0.000015
          0.000015
          0.000015
          0.000015
          0.000015
          0.000015
          0.000015
          0.000015
          0.000015
          0.000015
          0.000015
          0.000015
          0.000015
          0.000015
          0.000015
          0.000015
          0.000015
          0.000015
          0.000015
          0.000015
          0.000015
          0.000015
          0.000015
          0.000015
          0.000015
          0.000015
          0.000015
          0.000015
          0.000015
          0.000015
          0.000015
          0.000015
          0.000014
          0.000014
          0.000014
          0.000014
          0.000014
          0.000014
          0.000014
          0.000014
          0.000014
          0.000014
          0.000014
          0.000014
          0.000014
          0.000014
          0.000014
          0.000014
          0.000014
          0.000014
          0.000014
          0.000014
          0.000014
          0.000014
          0.000014
          0.000014
          0.000014
          0.000014
          0.000014
          0.000014
          0.000014
          0.000014
          0.000014
          0.000014
          0.000014
          0.000014
          0.000014
          0.000014
          0.000014
          0.000014
          0.000014
          0.000014
          0.000014
          0.000014
          0.000014
          0.000014
          0.000014
          0.000014
          0.000014
          0.000014
          0.000014
          0.000014
          0.000014
          0.000014
          0.000014
          0.000014
          0.000014
          0.000014
          0.000014
          0.000014
          0.000014
          0.000014
          0.000014
          0.000014
          0.000014
          0.000014
          0.000014
          0.000014
          0.000014
          0.000014
          0.000014
          0.000014
          0.000013
          0.000013
          0.000013
          0.000013
          0.000013
          0.000013
          0.000013
          0.000013
          0.000013
          0.000013
          0.000013
          0.000013
          0.000013
          0.000013
          0.000013
          0.000013
          0.000013
          0.000013
          0.000013
          0.000013
          0.000013
          0.000013
          0.000013
          0.000013
          0.000013
          0.000013
          0.000013
          0.000013
          0.000013
          0.000013
          0.000013
          0.000013
          0.000013
          0.000013
          0.000013
          0.000013
          0.000013
          0.000013
          0.000013
          0.000013
          0.000013
          0.000013
          0.000013
          0.000013
          0.000013
          0.000013
          0.000013
          0.000013
          0.000013
          0.000013
          0.000013
          0.000013
          0.000013
          0.000013
          0.000013
          0.000013
          0.000013
          0.000013
          0.000013
          0.000013
          0.000013
          0.000013
          0.000013
          0.000013
          0.000013
          0.000013
          0.000013
          0.000013
          0.000013
          0.000013
          0.000013
          0.000013
          0.000013
          0.000013
          0.000013
          0.000013
          0.000012
          0.000012
          0.000012
          0.000012
          0.000012
          0.000012
          0.000012
          0.000012
          0.000012
          0.000012
          0.000012
          0.000012
          0.000012
          0.000012
          0.000012
          0.000012
          0.000012
          0.000012
          0.000012
          0.000012
          0.000012
          0.000012
          0.000012
          0.000012
          0.000012
          0.000012
          0.000012
          0.000012
          0.000012
          0.000012
          0.000012
          0.000012
          0.000012
          0.000012
          0.000012
          0.000012
          0.000012
          0.000012
          0.000012
          0.000012
          0.000012
          0.000012
          0.000012
          0.000012
          0.000012
          0.000012
          0.000012
          0.000012
          0.000012
          0.000012
          0.000012
          0.000012
          0.000012
          0.000012
          0.000012
          0.000012
          0.000012
          0.000012
          0.000012
          0.000012
          0.000012
          0.000012
          0.000012
          0.000012
          0.000012
          0.000012
          0.000012
          0.000012
          0.000012
          0.000012
          0.000012
          0.000012
          0.000012
          0.000012
          0.000012
          0.000012
          0.000012
          0.000012
          0.000012
          0.000012
          0.000012
          0.000012
          0.000011
          0.000011
          0.000011
          0.000011
          0.000011
          0.000011
          0.000011
          0.000011
          0.000011
          0.000011
          0.000011
          0.000011
          0.000011
          0.000011
          0.000011
          0.000011
          0.000011
          0.000011
          0.000011
          0.000011
          0.000011
          0.000011
          0.000011
          0.000011
          0.000011
          0.000011
          0.000011
          0.000011
          0.000011
          0.000011
          0.000011
          0.000011
          0.000011
          0.000011
          0.000011
          0.000011
          0.000011
          0.000011
          0.000011
          0.000011
          0.000011
          0.000011
          0.000011
          0.000011
          0.000011
          0.000011
          0.000011
          0.000011
          0.000011
          0.000011
          0.000011
          0.000011
          0.000011
          0.000011
          0.000011
          0.000011
          0.000011
          0.000011
          0.000011
          0.000011
          0.000011
          0.000011
          0.000011
          0.000011
          0.000011
          0.000011
          0.000011
          0.000011
          0.000011
          0.000011
          0.000011
          0.000011
          0.000011
          0.000011
          0.000011
          0.000011
          0.000011
          0.000011
          0.000011
          0.000011
          0.000011
          0.000011
          0.000011
          0.000011
          0.000011
          0.000011
          0.000011
          0.000011
          0.000011
          0.000010
          0.000010
          0.000010
          0.000010
          0.000010
          0.000010
          0.000010
          0.000010
          0.000010
          0.000010
          0.000010
          0.000010
          0.000010
          0.000010
          0.000010
          0.000010
          0.000010
          0.000010
          0.000010
          0.000010
          0.000010
          0.000010
          0.000010
          0.000010
          0.000010
          0.000010
          0.000010
          0.000010
          0.000010
          0.000010
          0.000010
          0.000010
          0.000010
          0.000010
          0.000010
          0.000010
          0.000010
          0.000010
          0.000010
          0.000010
          0.000010
          0.000010
          0.000010
          0.000010
          0.000010
          0.000010
          0.000010
          0.000010
          0.000010
          0.000010
          0.000010
          0.000010
          0.000010
          0.000010
          0.000010
          0.000010
          0.000010
          0.000010
          0.000010
          0.000010
          0.000010
          0.000010
          0.000010
          0.000010
          0.000010
          0.000010
          0.000010
          0.000010
          0.000010
          0.000010
          0.000010
          0.000010
          0.000010
          0.000010
          0.000010
          0.000010
          0.000010
          0.000010
          0.000010
          0.000010
          0.000010
          0.000010
          0.000010
          0.000010
          0.000010
          0.000010
          0.000010
          0.000010
          0.000010
          0.000010
          0.000010
          0.000010
          0.000010
          0.000010
          0.000010
          0.000010
          0.000010
          0.000010
          0.000009
          0.000009
          0.000009
          0.000009
          0.000009
          0.000009
          0.000009
          0.000009
          0.000009
          0.000009
          0.000009
          0.000009
          0.000009
          0.000009
          0.000009
          0.000009
          0.000009
          0.000009
          0.000009
          0.000009
          0.000009
          0.000009
          0.000009
          0.000009
          0.000009
          0.000009
          0.000009
          0.000009
          0.000009
          0.000009
          0.000009
          0.000009
          0.000009
          0.000009
          0.000009
          0.000009
          0.000009
          0.000009
          0.000009
          0.000009
          0.000009
          0.000009
          0.000009
          0.000009
          0.000009
          0.000009
          0.000009
          0.000009
          0.000009
          0.000009
          0.000009
          0.000009
          0.000009
          0.000009
          0.000009
          0.000009
          0.000009
          0.000009
          0.000009
          0.000009
          0.000009
          0.000009
          0.000009
          0.000009
          0.000009
          0.000009
          0.000009
          0.000009
          0.000009
          0.000009
          0.000009
          0.000009
          0.000009
          0.000009
          0.000009
          0.000009
          0.000009
          0.000009
          0.000009
          0.000009
          0.000009
          0.000009
          0.000009
          0.000009
          0.000009
          0.000009
          0.000009
          0.000009
          0.000009
          0.000009
          0.000009
          0.000009
          0.000009
          0.000009
          0.000009
          0.000009
          0.000009
          0.000009
          0.000009
          0.000009
          0.000009
          0.000009
          0.000009
          0.000009
          0.000009
          0.000009
          0.000009
          0.000009
          0.000008
          0.000008
          0.000008
          0.000008
          0.000008
          0.000008
          0.000008
          0.000008
          0.000008
          0.000008
          0.000008
          0.000008
          0.000008
          0.000008
          0.000008
          0.000008
          0.000008
          0.000008
          0.000008
          0.000008
          0.000008
          0.000008
          0.000008
          0.000008
          0.000008
          0.000008
          0.000008
          0.000008
          0.000008
          0.000008
          0.000008
          0.000008
          0.000008
          0.000008
          0.000008
          0.000008
          0.000008
          0.000008
          0.000008
          0.000008
          0.000008
          0.000008
          0.000008
          0.000008
          0.000008
          0.000008
          0.000008
          0.000008
          0.000008
          0.000008
          0.000008
          0.000008
          0.000008
          0.000008
          0.000008
          0.000008
          0.000008
          0.000008
          0.000008
          0.000008
          0.000008
          0.000008
          0.000008
          0.000008
          0.000008
          0.000008
          0.000008
          0.000008
          0.000008
          0.000008
          0.000008
          0.000008
          0.000008
          0.000008
          0.000008
          0.000008
          0.000008
          0.000008
          0.000008
          0.000008
          0.000008
          0.000008
          0.000008
          0.000008
          0.000008
          0.000008
          0.000008
          0.000008
          0.000008
          0.000008
          0.000008
          0.000008
          0.000008
          0.000008
          0.000008
          0.000008
          0.000008
          0.000008
          0.000008
          0.000008
          0.000008
          0.000008
          0.000008
          0.000008
          0.000008
          0.000008
          0.000008
          0.000008
          0.000008
          0.000008
          0.000008
          0.000008
          0.000008
          0.000008
          0.000008
          0.000008
          0.000008
          0.000008
          0.000008
          0.000008
          0.000008
          0.000007
          0.000007
          0.000007
          0.000007
          0.000007
          0.000007
          0.000007
          0.000007
          0.000007
          0.000007
          0.000007
          0.000007
          0.000007
          0.000007
          0.000007
          0.000007
          0.000007
          0.000007
          0.000007
          0.000007
          0.000007
          0.000007
          0.000007
          0.000007
          0.000007
          0.000007
          0.000007
          0.000007
          0.000007
          0.000007
          0.000007
          0.000007
          0.000007
          0.000007
          0.000007
          0.000007
          0.000007
          0.000007
          0.000007
          0.000007
          0.000007
          0.000007
          0.000007
          0.000007
          0.000007
          0.000007
          0.000007
          0.000007
          0.000007
          0.000007
          0.000007
          0.000007
          0.000007
          0.000007
          0.000007
          0.000007
          0.000007
          0.000007
          0.000007
          0.000007
          0.000007
          0.000007
          0.000007
          0.000007
          0.000007
          0.000007
          0.000007
          0.000007
          0.000007
          0.000007
          0.000007
          0.000007
          0.000007
          0.000007
          0.000007
          0.000007
          0.000007
          0.000007
          0.000007
          0.000007
          0.000007
          0.000007
          0.000007
          0.000007
          0.000007
          0.000007
          0.000007
          0.000007
          0.000007
          0.000007
          0.000007
          0.000007
          0.000007
          0.000007
          0.000007
          0.000007
          0.000007
          0.000007
          0.000007
          0.000007
          0.000007
          0.000007
          0.000007
          0.000007
          0.000007
          0.000007
          0.000007
          0.000007
          0.000007
          0.000007
          0.000007
          0.000007
          0.000007
          0.000007
          0.000007
          0.000007
          0.000007
          0.000007
          0.000007
          0.000007
          0.000007
          0.000007
          0.000007
          0.000007
          0.000007
          0.000007
          0.000007
          0.000007
          0.000007
          0.000007
          0.000007
          0.000007
          0.000007
          0.000007
          0.000007
          0.000007
          0.000007
          0.000007
          0.000007
          0.000007
          0.000006
          0.000006
          0.000006
          0.000006
          0.000006
          0.000006
          0.000006
          0.000006
          0.000006
          0.000006
          0.000006
          0.000006
          0.000006
          0.000006
          0.000006
          0.000006
          0.000006
          0.000006
          0.000006
          0.000006
          0.000006
          0.000006
          0.000006
          0.000006
          0.000006
          0.000006
          0.000006
          0.000006
          0.000006
          0.000006
          0.000006
          0.000006
          0.000006
          0.000006
          0.000006
          0.000006
          0.000006
          0.000006
          0.000006
          0.000006
          0.000006
          0.000006
          0.000006
          0.000006
          0.000006
          0.000006
          0.000006
          0.000006
          0.000006
          0.000006
          0.000006
          0.000006
          0.000006
          0.000006
          0.000006
          0.000006
          0.000006
          0.000006
          0.000006
          0.000006
          0.000006
          0.000006
          0.000006
          0.000006
          0.000006
          0.000006
          0.000006
          0.000006
          0.000006
          0.000006
          0.000006
          0.000006
          0.000006
          0.000006
          0.000006
          0.000006
          0.000006
          0.000006
          0.000006
          0.000006
          0.000006
          0.000006
          0.000006
          0.000006
          0.000006
          0.000006
          0.000006
          0.000006
          0.000006
          0.000006
          0.000006
          0.000006
          0.000006
          0.000006
          0.000006
          0.000006
          0.000006
          0.000006
          0.000006
          0.000006
          0.000006
          0.000006
          0.000006
          0.000006
          0.000006
          0.000006
          0.000006
          0.000006
          0.000006
          0.000006
          0.000006
          0.000006
          0.000006
          0.000006
          0.000006
          0.000006
          0.000006
          0.000006
          0.000006
          0.000006
          0.000006
          0.000006
          0.000006
          0.000006
          0.000006
          0.000006
          0.000006
          0.000006
          0.000006
          0.000006
          0.000006
          0.000006
          0.000006
          0.000006
          0.000006
          0.000006
          0.000006
          0.000006
          0.000006
          0.000006
          0.000006
          0.000006
          0.000006
          0.000006
          0.000006
          0.000006
          0.000006
          0.000006
          0.000006
          0.000005
          0.000005
          0.000005
          0.000005
          0.000005
          0.000005
          0.000005
          0.000005
          0.000005
          0.000005
          0.000005
          0.000005
          0.000005
          0.000005
          0.000005
          0.000005
          0.000005
          0.000005
          0.000005
          0.000005
          0.000005
          0.000005
          0.000005
          0.000005
          0.000005
          0.000005
          0.000005
          0.000005
          0.000005
          0.000005
          0.000005
          0.000005
          0.000005
          0.000005
          0.000005
          0.000005
          0.000005
          0.000005
          0.000005
          0.000005
          0.000005
          0.000005
          0.000005
          0.000005
          0.000005
          0.000005
          0.000005
          0.000005
          0.000005
          0.000005
          0.000005
          0.000005
          0.000005
          0.000005
          0.000005
          0.000005
          0.000005
          0.000005
          0.000005
          0.000005
          0.000005
          0.000005
          0.000005
          0.000005
          0.000005
          0.000005
          0.000005
          0.000005
          0.000005
          0.000005
          0.000005
          0.000005
          0.000005
          0.000005
          0.000005
          0.000005
          0.000005
          0.000005
          0.000005
          0.000005
          0.000005
          0.000005
          0.000005
          0.000005
          0.000005
          0.000005
          0.000005
          0.000005
          0.000005
          0.000005
          0.000005
          0.000005
          0.000005
          0.000005
          0.000005
          0.000005
          0.000005
          0.000005
          0.000005
          0.000005
          0.000005
          0.000005
          0.000005
          0.000005
          0.000005
          0.000005
          0.000005
          0.000005
          0.000005
          0.000005
          0.000005
          0.000005
          0.000005
          0.000005
          0.000005
          0.000005
          0.000005
          0.000005
          0.000005
          0.000005
          0.000005
          0.000005
          0.000005
          0.000005
          0.000005
          0.000005
          0.000005
          0.000005
          0.000005
          0.000005
          0.000005
          0.000005
          0.000005
          0.000005
          0.000005
          0.000005
          0.000005
          0.000005
          0.000005
          0.000005
          0.000005
          0.000005
          0.000005
          0.000005
          0.000005
          0.000005
          0.000005
          0.000005
          0.000005
          0.000005
          0.000005
          0.000005
          0.000005
          0.000005
          0.000005
          0.000005
          0.000005
          0.000005
          0.000005
          0.000005
          0.000005
          0.000005
          0.000005
          0.000005
          0.000005
          0.000005
          0.000005
          0.000005
          0.000005
          0.000005
          0.000005
          0.000005
          0.000005
          0.000005
          0.000005
          0.000005
          0.000005
          0.000005
          0.000005
          0.000005
          0.000005
          0.000005
          0.000005
          0.000005
          0.000005
          0.000005
          0.000005
          0.000005
          0.000005
          0.000005
          0.000005
          0.000005
          0.000005
          0.000005
          0.000005
          0.000005
          0.000005
          0.000005
          0.000005
          0.000005
          0.000005
          0.000005
          0.000005
          0.000005
          0.000005
          0.000005
          0.000005
          0.000005
          0.000005
          0.000005
          0.000005
          0.000005
          0.000005
          0.000005
          0.000004
          0.000004
          0.000004
          0.000004
          0.000004
          0.000004
          0.000004
          0.000004
          0.000004
          0.000004
          0.000004
          0.000004
          0.000004
          0.000004
          0.000004
          0.000004
          0.000004
          0.000004
          0.000004
          0.000004
          0.000004
          0.000004
          0.000004
          0.000004
          0.000004
          0.000004
          0.000004
          0.000004
          0.000004
          0.000004
          0.000004
          0.000004
          0.000004
          0.000004
          0.000004
          0.000004
          0.000004
          0.000004
          0.000004
          0.000004
          0.000004
          0.000004
          0.000004
          0.000004
          0.000004
          0.000004
          0.000004
          0.000004
          0.000004
          0.000004
          0.000004
          0.000004
          0.000004
          0.000004
          0.000004
          0.000004
          0.000004
          0.000004
          0.000004
          0.000004
          0.000004
          0.000004
          0.000004
          0.000004
          0.000004
          0.000004
          0.000004
          0.000004
          0.000004
          0.000004
          0.000004
          0.000004
          0.000004
          0.000004
          0.000004
          0.000004
          0.000004
          0.000004
          0.000004
          0.000004
          0.000004
          0.000004
          0.000004
          0.000004
          0.000004
          0.000004
          0.000004
          0.000004
          0.000004
          0.000004
          0.000004
          0.000004
          0.000004
          0.000004
          0.000004
          0.000004
          0.000004
          0.000004
          0.000004
          0.000004
          0.000004
          0.000004
          0.000004
          0.000004
          0.000004
          0.000004
          0.000004
          0.000004
          0.000004
          0.000004
          0.000004
          0.000004
          0.000004
          0.000004
          0.000004
          0.000004
          0.000004
          0.000004
          0.000004
          0.000004
          0.000004
          0.000004
          0.000004
          0.000004
          0.000004
          0.000004
          0.000004
          0.000004
          0.000004
          0.000004
          0.000004
          0.000004
          0.000004
          0.000004
          0.000004
          0.000004
          0.000004
          0.000004
          0.000004
          0.000004
          0.000004
          0.000004
          0.000004
          0.000004
          0.000004
          0.000004
          0.000004
          0.000004
          0.000004
          0.000004
          0.000004
          0.000004
          0.000004
          0.000004
          0.000004
          0.000004
          0.000004
          0.000004
          0.000004
          0.000004
          0.000004
          0.000004
          0.000004
          0.000004
          0.000004
          0.000004
          0.000004
          0.000004
          0.000004
          0.000004
          0.000004
          0.000004
          0.000004
          0.000004
          0.000004
          0.000004
          0.000004
          0.000004
          0.000004
          0.000004
          0.000004
          0.000004
          0.000004
          0.000004
          0.000004
          0.000004
          0.000004
          0.000004
          0.000004
          0.000004
          0.000004
          0.000004
          0.000004
          0.000004
          0.000004
          0.000004
          0.000004
          0.000004
          0.000004
          0.000004
          0.000004
          0.000004
          0.000004
          0.000004
          0.000004
          0.000004
          0.000004
          0.000004
          0.000004
          0.000004
          0.000004
          0.000004
          0.000004
          0.000004
          0.000004
          0.000004
          0.000004
          0.000004
          0.000004
          0.000004
          0.000004
          0.000004
          0.000004
          0.000004
          0.000004
          0.000004
          0.000004
          0.000004
          0.000004
          0.000004
          0.000004
          0.000004
          0.000004
          0.000004
          0.000004
          0.000004
          0.000004
          0.000004
          0.000004
          0.000004
          0.000004
          0.000004
          0.000004
          0.000004
          0.000004
          0.000004
          0.000004
          0.000004
          0.000004
          0.000004
          0.000004
          0.000004
