          0.008637
          0.008844
          0.008834
          0.008823
          0.008812
          0.008800
          0.008788
          0.008777
          0.008767
          0.008757
          0.008747
          0.008739
          0.008730
          0.008723
          0.008716
          0.008710
          0.008704
          0.008699
          0.008694
          0.008690
          0.008686
          0.008682
          0.008679
          0.008676
          0.008674
          0.008671
          0.008669
          0.008667
          0.008665
          0.008664
          0.008662
          0.008661
          0.008660
          0.008659
          0.008658
          0.008657
          0.008656
          0.008655
          0.008654
          0.008653
          0.008653
          0.008652
          0.008651
          0.008651
          0.008650
          0.008650
          0.008649
          0.008649
          0.008648
          0.008648
          0.008647
          0.008647
          0.008647
          0.008647
          0.008646
          0.008646
          0.008646
          0.008646
          0.008646
          0.008646
          0.008646
          0.008645
          0.008645
          0.008645
          0.008645
          0.008645
          0.008645
          0.008645
          0.008645
          0.008645
          0.008645
          0.008645
          0.008645
          0.008644
          0.008644
          0.008644
          0.008644
          0.008644
          0.008644
          0.008644
          0.008644
          0.008644
          0.008644
          0.008644
          0.008644
          0.008643
          0.008643
          0.008643
          0.008643
          0.008643
          0.008643
          0.008643
          0.008643
          0.008643
          0.008643
          0.008643
          0.008643
          0.008642
          0.008642
          0.008642
          0.008642
          0.008642
          0.008642
          0.008642
          0.008642
          0.008642
          0.008642
          0.008642
          0.008642
          0.008642
          0.008642
          0.008642
          0.008642
          0.008642
          0.008642
          0.008641
          0.008641
          0.008641
          0.008641
          0.008641
          0.008641
          0.008641
          0.008641
          0.008641
          0.008641
          0.008641
          0.008641
          0.008641
          0.008641
          0.008641
          0.008641
          0.008641
          0.008641
          0.008641
          0.008641
          0.008641
          0.008641
          0.008641
          0.008641
          0.008641
          0.008640
          0.008640
          0.008640
          0.008640
          0.008640
          0.008640
          0.008640
          0.008640
          0.008640
          0.008640
          0.008640
          0.008640
          0.008640
          0.008640
          0.008640
          0.008640
          0.008640
          0.008640
          0.008640
          0.008639
          0.008639
          0.008639
          0.008639
          0.008639
          0.008639
          0.008639
          0.008639
          0.008639
          0.008639
          0.008639
          0.008639
          0.008639
          0.008639
          0.008639
          0.008639
          0.008639
          0.008639
          0.008640
          0.008640
          0.008640
          0.008640
          0.008640
          0.008639
          0.008639
          0.008639
          0.008639
          0.008639
          0.008639
          0.008639
          0.008639
          0.008639
          0.008639
          0.008639
          0.008639
          0.008639
          0.008639
          0.008639
          0.008639
          0.008639
          0.008639
          0.008639
          0.008638
          0.008638
          0.008638
          0.008638
          0.008638
          0.008638
          0.008638
          0.008638
          0.008638
          0.008638
          0.008638
          0.008638
          0.008638
          0.008638
          0.008638
          0.008638
          0.008638
          0.008638
          0.008638
          0.008638
          0.008639
          0.008639
          0.008639
          0.008639
          0.008639
          0.008639
          0.008639
          0.008639
          0.008639
          0.008639
          0.008639
          0.008639
          0.008639
          0.008639
          0.008639
          0.008639
          0.008639
          0.008639
          0.008639
          0.008639
          0.008639
          0.008639
          0.008639
          0.008638
          0.008638
          0.008638
          0.008638
          0.008638
          0.008638
          0.008638
          0.008638
