         12.484859
         12.484458
         12.484090
         12.483755
         12.483452
         12.483179
         12.482934
         12.482715
         12.482521
         12.482349
         12.482197
         12.482065
         12.481949
         12.481850
         12.481764
         12.481692
         12.481630
         12.481579
         12.481538
         12.481505
         12.481480
         12.481462
         12.481449
         12.481442
         12.481440
         12.481443
         12.481449
         12.481458
         12.481471
         12.481487
         12.481505
         12.481526
         12.481549
         12.481573
         12.481599
         12.481626
         12.481654
         12.481684
         12.481714
         12.481745
         12.481777
         12.481809
         12.481842
         12.481875
         12.481908
         12.481942
         12.481976
         12.482009
         12.482042
         12.482075
         12.482107
         12.482139
         12.482171
         12.482204
         12.482235
         12.482267
         12.482298
         12.482328
         12.482358
         12.482388
         12.482418
         12.482446
         12.482475
         12.482503
         12.482531
         12.482558
         12.482586
         12.482612
         12.482639
         12.482665
         12.482691
         12.482717
         12.482742
         12.482768
         12.482794
         12.482818
         12.482843
         12.482867
         12.482891
         12.482914
         12.482938
         12.482961
         12.482984
         12.483006
         12.483028
         12.483051
         12.483072
         12.483094
         12.483116
         12.483137
         12.483158
         12.483180
         12.483200
         12.483221
         12.483241
         12.483260
         12.483280
         12.483300
         12.483319
         12.483337
         12.483357
         12.483375
         12.483393
         12.483411
         12.483428
         12.483446
         12.483463
         12.483480
         12.483497
         12.483514
         12.483530
         12.483546
         12.483562
         12.483578
         12.483594
         12.483609
         12.483625
         12.483640
         12.483654
         12.483668
         12.483683
         12.483698
         12.483712
         12.483726
         12.483741
         12.483754
         12.483768
         12.483782
         12.483795
         12.483808
         12.483821
         12.483834
         12.483846
         12.483859
         12.483871
         12.483884
         12.483896
         12.483909
         12.483920
         12.483932
         12.483944
         12.483956
         12.483968
         12.483979
         12.483990
         12.484002
         12.484013
         12.484024
         12.484035
         12.484046
         12.484057
         12.484067
         12.484077
         12.484087
         12.484097
         12.484107
         12.484117
         12.484126
         12.484135
         12.484144
         12.484153
         12.484163
         12.484171
         12.484180
         12.484188
         12.484195
         12.484203
         12.484211
         12.484219
         12.484226
         12.484234
         12.484241
         12.484248
         12.484256
         12.484263
         12.484270
         12.484277
         12.484284
         12.484291
         12.484298
         12.484304
         12.484311
         12.484318
         12.484325
         12.484331
         12.484338
         12.484345
         12.484351
         12.484358
         12.484365
         12.484371
         12.484378
         12.484385
         12.484391
         12.484397
         12.484404
         12.484410
         12.484416
         12.484422
         12.484428
         12.484433
         12.484439
         12.484445
         12.484450
         12.484455
         12.484460
         12.484464
         12.484468
         12.484473
         12.484477
         12.484481
         12.484485
         12.484488
         12.484492
         12.484496
         12.484499
         12.484501
         12.484503
         12.484506
         12.484508
         12.484511
         12.484513
         12.484516
         12.484518
         12.484520
         12.484521
         12.484523
         12.484525
         12.484527
         12.484529
         12.484531
         12.484533
         12.484535
         12.484537
         12.484539
         12.484541
         12.484543
         12.484545
         12.484548
         12.484550
         12.484552
         12.484554
         12.484557
         12.484558
         12.484560
         12.484562
         12.484564
         12.484565
         12.484566
         12.484567
         12.484567
         12.484567
         12.484568
