          0.442419
          0.442390
          0.442362
          0.442337
          0.442316
          0.442298
          0.442283
          0.442270
          0.442259
          0.442250
          0.442242
          0.442235
          0.442229
          0.442223
          0.442218
          0.442214
          0.442210
          0.442207
          0.442204
          0.442201
          0.442199
          0.442197
          0.442195
          0.442193
          0.442192
          0.442191
          0.442190
          0.442189
          0.442188
          0.442187
          0.442187
          0.442186
          0.442185
          0.442185
          0.442184
          0.442184
          0.442184
          0.442184
          0.442183
          0.442183
          0.442183
          0.442183
          0.442182
          0.442182
          0.442182
          0.442182
          0.442181
          0.442181
          0.442181
          0.442181
          0.442180
          0.442180
          0.442180
          0.442180
          0.442179
          0.442179
          0.442179
          0.442179
          0.442179
          0.442179
          0.442178
          0.442178
          0.442178
          0.442178
          0.442178
          0.442178
          0.442177
          0.442177
          0.442177
          0.442177
          0.442177
          0.442177
          0.442177
          0.442177
          0.442177
          0.442177
          0.442177
          0.442177
          0.442177
          0.442177
          0.442177
          0.442177
          0.442177
          0.442177
          0.442177
          0.442177
          0.442177
          0.442177
          0.442177
          0.442177
          0.442177
          0.442177
          0.442177
          0.442177
          0.442177
          0.442177
          0.442177
          0.442177
          0.442177
          0.442177
          0.442176
          0.442177
          0.442177
          0.442176
          0.442176
          0.442176
          0.442176
          0.442177
          0.442176
          0.442176
          0.442176
          0.442176
          0.442176
          0.442176
          0.442176
          0.442176
          0.442176
          0.442176
          0.442176
          0.442176
          0.442177
          0.442176
          0.442176
          0.442176
          0.442176
          0.442176
          0.442176
          0.442176
          0.442176
          0.442176
          0.442176
          0.442176
          0.442176
          0.442176
          0.442176
          0.442177
          0.442176
          0.442176
          0.442176
          0.442176
          0.442177
          0.442176
          0.442177
          0.442176
          0.442177
          0.442177
          0.442176
          0.442176
          0.442177
          0.442176
          0.442176
          0.442176
          0.442176
          0.442176
          0.442176
          0.442176
          0.442176
          0.442176
          0.442176
          0.442176
          0.442176
          0.442176
          0.442176
          0.442176
          0.442176
          0.442176
          0.442176
          0.442176
          0.442176
          0.442176
          0.442176
          0.442176
          0.442176
          0.442176
          0.442176
          0.442176
          0.442176
          0.442176
          0.442176
          0.442176
          0.442176
          0.442176
          0.442176
          0.442176
          0.442176
          0.442176
          0.442176
          0.442176
          0.442176
          0.442176
          0.442177
          0.442177
          0.442176
          0.442177
          0.442176
          0.442176
          0.442176
          0.442176
          0.442176
          0.442176
          0.442176
          0.442176
          0.442176
          0.442176
          0.442176
          0.442176
          0.442176
          0.442176
          0.442176
          0.442175
          0.442176
          0.442175
          0.442175
          0.442176
          0.442175
          0.442175
          0.442175
          0.442175
          0.442175
          0.442175
          0.442175
          0.442175
          0.442175
          0.442175
          0.442175
          0.442175
          0.442175
          0.442175
          0.442175
          0.442175
          0.442176
          0.442175
          0.442176
          0.442176
          0.442176
          0.442176
          0.442176
          0.442176
          0.442176
          0.442176
          0.442176
          0.442177
          0.442176
          0.442176
          0.442177
          0.442176
          0.442176
          0.442176
          0.442176
          0.442176
          0.442176
          0.442176
