          0.687407
          0.685819
          0.684984
          0.684437
          0.684055
          0.683764
          0.683535
          0.683340
          0.683173
          0.683028
          0.682899
          0.682783
          0.682681
          0.682588
          0.682504
          0.682424
          0.682359
          0.682299
          0.682238
          0.682189
          0.682147
          0.682107
          0.682069
          0.682043
          0.682018
          0.681992
          0.681971
          0.681953
          0.681937
          0.681923
          0.681912
          0.681898
          0.681889
          0.681880
          0.681871
          0.681867
          0.681860
          0.681855
          0.681850
          0.681848
          0.681841
          0.681839
          0.681836
          0.681831
          0.681830
          0.681828
          0.681824
          0.681821
          0.681820
          0.681817
          0.681805
          0.681806
          0.681808
          0.681808
          0.681809
          0.681810
          0.681810
          0.681810
          0.681811
          0.681811
          0.681811
          0.681812
          0.681812
          0.681812
          0.681813
          0.681813
          0.681813
          0.681814
          0.681814
          0.681814
          0.681815
          0.681815
          0.681816
          0.681816
          0.681816
          0.681816
          0.681816
          0.681816
          0.681816
          0.681817
          0.681817
          0.681818
          0.681817
          0.681817
          0.681818
          0.681818
          0.681819
          0.681818
          0.681819
          0.681819
          0.681820
          0.681819
          0.681819
          0.681819
          0.681819
          0.681820
          0.681820
          0.681820
          0.681819
          0.681820
          0.681819
          0.681820
          0.681820
          0.681820
          0.681820
          0.681820
          0.681820
          0.681821
          0.681820
          0.681820
          0.681820
          0.681820
          0.681821
          0.681820
          0.681821
          0.681821
          0.681820
          0.681820
          0.681820
          0.681821
          0.681822
          0.681822
          0.681822
          0.681822
          0.681822
          0.681822
          0.681823
          0.681822
          0.681822
          0.681822
          0.681823
          0.681823
          0.681823
          0.681823
          0.681823
          0.681824
          0.681824
          0.681824
          0.681824
          0.681824
          0.681825
          0.681824
          0.681825
          0.681824
          0.681825
          0.681825
          0.681825
          0.681825
          0.681825
          0.681825
          0.681824
          0.681825
          0.681825
          0.681824
          0.681825
          0.681824
          0.681824
          0.681824
          0.681824
          0.681825
          0.681824
          0.681824
          0.681824
          0.681824
          0.681823
          0.681823
          0.681824
          0.681824
          0.681823
          0.681824
          0.681824
          0.681824
          0.681824
          0.681825
          0.681825
          0.681824
          0.681825
          0.681825
          0.681826
          0.681825
          0.681826
          0.681826
          0.681826
          0.681826
          0.681827
          0.681827
          0.681827
          0.681827
          0.681828
          0.681827
          0.681829
          0.681829
          0.681827
          0.681828
          0.681828
          0.681828
          0.681828
          0.681828
          0.681828
          0.681828
          0.681828
          0.681828
          0.681827
          0.681827
          0.681827
          0.681826
          0.681826
          0.681826
          0.681826
          0.681825
          0.681826
          0.681825
          0.681825
          0.681825
          0.681824
          0.681824
          0.681823
          0.681825
          0.681823
          0.681824
          0.681824
          0.681825
          0.681825
          0.681824
          0.681824
          0.681825
          0.681825
          0.681826
          0.681826
          0.681826
          0.681827
          0.681827
          0.681828
          0.681828
          0.681829
          0.681829
          0.681829
          0.681830
          0.681830
          0.681831
          0.681831
          0.681831
          0.681831
          0.681831
          0.681832
          0.681831
          0.681830
          0.681830
          0.681830
          0.681829
          0.681830
          0.681829
