          0.261349
          0.262402
          0.262352
          0.262266
          0.262169
          0.262071
          0.261979
          0.261893
          0.261814
          0.261743
          0.261678
          0.261620
          0.261567
          0.261520
          0.261477
          0.261439
          0.261405
          0.261374
          0.261345
          0.261320
          0.261298
          0.261277
          0.261259
          0.261242
          0.261228
          0.261214
          0.261202
          0.261191
          0.261182
          0.261173
          0.261165
          0.261158
          0.261151
          0.261145
          0.261140
          0.261135
          0.261131
          0.261127
          0.261124
          0.261121
          0.261118
          0.261115
          0.261113
          0.261111
          0.261109
          0.261107
          0.261105
          0.261104
          0.261103
          0.261102
          0.261101
          0.261100
          0.261099
          0.261098
          0.261097
          0.261097
          0.261096
          0.261096
          0.261095
          0.261095
          0.261095
          0.261094
          0.261094
          0.261094
          0.261094
          0.261093
          0.261093
          0.261093
          0.261093
          0.261093
          0.261092
          0.261092
          0.261092
          0.261092
          0.261092
          0.261092
          0.261092
          0.261092
          0.261092
          0.261091
          0.261091
          0.261091
          0.261091
          0.261091
          0.261091
          0.261091
          0.261091
          0.261091
          0.261091
          0.261091
          0.261091
          0.261091
          0.261091
          0.261091
          0.261091
          0.261091
          0.261091
          0.261090
          0.261090
          0.261090
          0.261090
          0.261090
          0.261090
          0.261090
          0.261090
          0.261090
          0.261090
          0.261090
          0.261090
          0.261090
          0.261090
          0.261090
          0.261090
          0.261090
          0.261090
          0.261090
          0.261090
          0.261090
          0.261090
          0.261090
          0.261090
          0.261090
          0.261090
          0.261090
          0.261090
          0.261090
          0.261090
          0.261090
          0.261090
          0.261090
          0.261090
          0.261090
          0.261090
          0.261090
          0.261090
          0.261090
          0.261090
          0.261090
          0.261090
          0.261090
          0.261090
          0.261090
          0.261089
          0.261089
          0.261089
          0.261089
          0.261089
          0.261089
          0.261089
          0.261089
          0.261089
          0.261089
          0.261089
          0.261089
          0.261089
          0.261089
          0.261089
          0.261089
          0.261089
          0.261089
          0.261089
          0.261089
          0.261089
          0.261089
          0.261089
          0.261089
          0.261089
          0.261089
          0.261089
          0.261089
          0.261089
          0.261089
          0.261089
          0.261089
          0.261089
          0.261089
          0.261089
          0.261089
          0.261089
          0.261089
          0.261089
          0.261089
          0.261089
          0.261089
          0.261089
          0.261089
          0.261089
          0.261089
          0.261089
          0.261089
          0.261089
          0.261089
          0.261089
          0.261089
          0.261089
          0.261089
          0.261089
          0.261089
          0.261089
          0.261089
          0.261089
          0.261089
          0.261089
          0.261089
          0.261088
          0.261088
          0.261088
          0.261088
          0.261088
          0.261088
          0.261088
          0.261088
          0.261088
          0.261088
          0.261088
          0.261088
          0.261088
          0.261088
          0.261089
          0.261089
          0.261089
          0.261089
          0.261089
          0.261089
          0.261089
          0.261089
          0.261089
          0.261089
          0.261089
          0.261089
          0.261089
          0.261089
          0.261089
          0.261089
          0.261089
          0.261089
          0.261089
          0.261089
          0.261089
          0.261089
          0.261089
          0.261089
          0.261089
          0.261089
          0.261089
          0.261089
          0.261088
          0.261088
          0.261088
          0.261088
          0.261088
          0.261088
