          0.041237
          0.042253
          0.042243
          0.042227
          0.042209
          0.042190
          0.042170
          0.042151
          0.042132
          0.042114
          0.042097
          0.042081
          0.042067
          0.042053
          0.042040
          0.042029
          0.042018
          0.042008
          0.042000
          0.041992
          0.041984
          0.041978
          0.041972
          0.041966
          0.041961
          0.041957
          0.041953
          0.041949
          0.041946
          0.041943
          0.041941
          0.041938
          0.041936
          0.041934
          0.041932
          0.041931
          0.041929
          0.041928
          0.041926
          0.041925
          0.041924
          0.041923
          0.041922
          0.041921
          0.041920
          0.041919
          0.041918
          0.041918
          0.041917
          0.041916
          0.041916
          0.041915
          0.041915
          0.041914
          0.041914
          0.041914
          0.041913
          0.041913
          0.041913
          0.041913
          0.041913
          0.041913
          0.041912
          0.041912
          0.041912
          0.041912
          0.041912
          0.041912
          0.041912
          0.041912
          0.041912
          0.041912
          0.041912
          0.041912
          0.041912
          0.041911
          0.041911
          0.041911
          0.041911
          0.041911
          0.041911
          0.041911
          0.041911
          0.041911
          0.041911
          0.041911
          0.041911
          0.041911
          0.041911
          0.041910
          0.041910
          0.041910
          0.041910
          0.041910
          0.041910
          0.041910
          0.041910
          0.041910
          0.041910
          0.041910
          0.041910
          0.041909
          0.041909
          0.041909
          0.041909
          0.041909
          0.041909
          0.041909
          0.041909
          0.041909
          0.041909
          0.041909
          0.041909
          0.041909
          0.041909
          0.041909
          0.041909
          0.041909
          0.041909
          0.041909
          0.041909
          0.041909
          0.041909
          0.041909
          0.041909
          0.041909
          0.041909
          0.041909
          0.041908
          0.041908
          0.041908
          0.041908
          0.041908
          0.041908
          0.041908
          0.041908
          0.041908
          0.041908
          0.041908
          0.041908
          0.041908
          0.041908
          0.041908
          0.041908
          0.041908
          0.041908
          0.041908
          0.041908
          0.041908
          0.041907
          0.041907
          0.041907
          0.041907
          0.041907
          0.041907
          0.041907
          0.041907
          0.041907
          0.041907
          0.041907
          0.041907
          0.041907
          0.041907
          0.041907
          0.041907
          0.041907
          0.041907
          0.041907
          0.041907
          0.041907
          0.041907
          0.041907
          0.041907
          0.041907
          0.041907
          0.041907
          0.041907
          0.041907
          0.041907
          0.041907
          0.041907
          0.041907
          0.041907
          0.041907
          0.041907
          0.041907
          0.041907
          0.041907
          0.041907
          0.041907
          0.041907
          0.041907
          0.041907
          0.041907
          0.041907
          0.041907
          0.041907
          0.041906
          0.041906
          0.041906
          0.041906
          0.041906
          0.041906
          0.041906
          0.041906
          0.041906
          0.041906
          0.041905
          0.041905
          0.041905
          0.041905
          0.041905
          0.041905
          0.041905
          0.041905
          0.041905
          0.041905
          0.041905
          0.041906
          0.041906
          0.041906
          0.041906
          0.041906
          0.041906
          0.041906
          0.041906
          0.041906
          0.041906
          0.041907
          0.041907
          0.041907
          0.041907
          0.041907
          0.041907
          0.041907
          0.041907
          0.041907
          0.041907
          0.041907
          0.041907
          0.041907
          0.041907
          0.041907
          0.041907
          0.041906
          0.041906
          0.041906
          0.041906
          0.041906
          0.041905
          0.041905
          0.041905
