          0.220111
          0.220149
          0.220109
          0.220039
          0.219960
          0.219882
          0.219808
          0.219742
          0.219682
          0.219629
          0.219581
          0.219539
          0.219501
          0.219467
          0.219437
          0.219410
          0.219386
          0.219365
          0.219346
          0.219329
          0.219313
          0.219300
          0.219287
          0.219276
          0.219266
          0.219257
          0.219249
          0.219242
          0.219235
          0.219230
          0.219224
          0.219219
          0.219215
          0.219211
          0.219208
          0.219205
          0.219202
          0.219200
          0.219198
          0.219196
          0.219194
          0.219192
          0.219191
          0.219190
          0.219189
          0.219188
          0.219187
          0.219187
          0.219186
          0.219186
          0.219185
          0.219185
          0.219184
          0.219184
          0.219184
          0.219183
          0.219183
          0.219183
          0.219182
          0.219182
          0.219182
          0.219182
          0.219182
          0.219181
          0.219181
          0.219181
          0.219181
          0.219181
          0.219181
          0.219181
          0.219181
          0.219181
          0.219180
          0.219180
          0.219180
          0.219180
          0.219180
          0.219180
          0.219180
          0.219180
          0.219180
          0.219180
          0.219180
          0.219180
          0.219180
          0.219180
          0.219180
          0.219180
          0.219180
          0.219180
          0.219180
          0.219180
          0.219181
          0.219181
          0.219181
          0.219181
          0.219181
          0.219181
          0.219181
          0.219181
          0.219181
          0.219181
          0.219181
          0.219181
          0.219181
          0.219181
          0.219181
          0.219181
          0.219181
          0.219181
          0.219181
          0.219181
          0.219181
          0.219181
          0.219181
          0.219181
          0.219181
          0.219181
          0.219181
          0.219181
          0.219181
          0.219181
          0.219181
          0.219181
          0.219181
          0.219181
          0.219181
          0.219181
          0.219181
          0.219181
          0.219181
          0.219181
          0.219181
          0.219181
          0.219181
          0.219181
          0.219181
          0.219181
          0.219181
          0.219181
          0.219181
          0.219181
          0.219182
          0.219182
          0.219182
          0.219182
          0.219182
          0.219182
          0.219182
          0.219182
          0.219182
          0.219182
          0.219182
          0.219182
          0.219182
          0.219182
          0.219182
          0.219182
          0.219182
          0.219182
          0.219182
          0.219182
          0.219182
          0.219182
          0.219182
          0.219182
          0.219182
          0.219182
          0.219182
          0.219182
          0.219182
          0.219182
          0.219182
          0.219182
          0.219182
          0.219182
          0.219182
          0.219182
          0.219182
          0.219182
          0.219182
          0.219182
          0.219182
          0.219182
          0.219182
          0.219182
          0.219182
          0.219182
          0.219182
          0.219182
          0.219182
          0.219182
          0.219182
          0.219182
          0.219182
          0.219182
          0.219182
          0.219182
          0.219182
          0.219182
          0.219182
          0.219183
          0.219183
          0.219183
          0.219183
          0.219183
          0.219183
          0.219183
          0.219183
          0.219183
          0.219183
          0.219183
          0.219183
          0.219183
          0.219183
          0.219183
          0.219183
          0.219183
          0.219183
          0.219183
          0.219183
          0.219183
          0.219183
          0.219183
          0.219183
          0.219183
          0.219182
          0.219182
          0.219182
          0.219182
          0.219182
          0.219182
          0.219182
          0.219182
          0.219182
          0.219182
          0.219182
          0.219182
          0.219182
          0.219182
          0.219182
          0.219182
          0.219182
          0.219182
          0.219182
          0.219182
          0.219182
          0.219183
          0.219183
          0.219183
          0.219183
          0.219183
