          0.008669
          0.008668
          0.008667
          0.008665
          0.008664
          0.008662
          0.008660
          0.008659
          0.008658
          0.008656
          0.008655
          0.008654
          0.008653
          0.008652
          0.008651
          0.008650
          0.008650
          0.008649
          0.008648
          0.008648
          0.008647
          0.008647
          0.008646
          0.008646
          0.008646
          0.008645
          0.008645
          0.008645
          0.008645
          0.008644
          0.008644
          0.008644
          0.008644
          0.008644
          0.008643
          0.008643
          0.008643
          0.008643
          0.008643
          0.008643
          0.008643
          0.008643
          0.008642
          0.008642
          0.008642
          0.008642
          0.008642
          0.008642
          0.008642
          0.008642
          0.008642
          0.008642
          0.008642
          0.008641
          0.008641
          0.008641
          0.008641
          0.008641
          0.008641
          0.008641
          0.008641
          0.008641
          0.008641
          0.008641
          0.008641
          0.008641
          0.008641
          0.008641
          0.008641
          0.008641
          0.008641
          0.008641
          0.008641
          0.008640
          0.008640
          0.008640
          0.008640
          0.008640
          0.008640
          0.008640
          0.008640
          0.008640
          0.008640
          0.008640
          0.008640
          0.008640
          0.008640
          0.008640
          0.008640
          0.008640
          0.008640
          0.008640
          0.008640
          0.008640
          0.008640
          0.008640
          0.008640
          0.008640
          0.008640
          0.008640
          0.008640
          0.008640
          0.008640
          0.008639
          0.008639
          0.008639
          0.008639
          0.008639
          0.008639
          0.008639
          0.008639
          0.008639
          0.008639
          0.008639
          0.008639
          0.008639
          0.008639
          0.008639
          0.008639
          0.008639
          0.008639
          0.008639
          0.008639
          0.008639
          0.008639
          0.008639
          0.008639
          0.008639
          0.008639
          0.008639
          0.008639
          0.008639
          0.008639
          0.008639
          0.008639
          0.008639
          0.008639
          0.008639
          0.008639
          0.008639
          0.008639
          0.008639
          0.008639
          0.008639
          0.008639
          0.008639
          0.008639
          0.008639
          0.008639
          0.008639
          0.008639
          0.008639
          0.008639
          0.008639
          0.008639
          0.008639
          0.008638
          0.008638
          0.008638
          0.008638
          0.008638
          0.008638
          0.008638
          0.008638
          0.008638
          0.008638
          0.008638
          0.008638
          0.008638
          0.008638
          0.008638
          0.008638
          0.008638
          0.008638
          0.008638
          0.008638
          0.008638
          0.008638
          0.008638
          0.008638
          0.008638
          0.008638
          0.008638
          0.008638
          0.008638
          0.008638
          0.008638
          0.008638
          0.008638
          0.008638
          0.008638
          0.008638
          0.008638
          0.008638
          0.008638
          0.008638
          0.008638
          0.008638
          0.008638
          0.008638
          0.008638
          0.008638
          0.008638
          0.008638
          0.008638
          0.008638
          0.008638
          0.008638
          0.008638
          0.008638
          0.008638
          0.008638
          0.008638
          0.008638
          0.008638
          0.008638
          0.008638
          0.008638
          0.008638
          0.008638
          0.008638
          0.008638
          0.008638
          0.008638
          0.008638
          0.008638
          0.008638
          0.008638
          0.008638
          0.008638
          0.008638
          0.008638
          0.008638
          0.008638
          0.008638
          0.008638
          0.008638
          0.008638
          0.008638
          0.008638
          0.008638
          0.008638
          0.008638
          0.008638
          0.008638
          0.008638
          0.008638
          0.008638
          0.008638
          0.008638
          0.008638
          0.008638
          1.000136
          1.000130
          1.000123
          1.000115
          1.000107
          1.000100
          1.000092
          1.000085
          1.000079
          1.000073
          1.000067
          1.000061
          1.000057
          1.000052
          1.000048
          1.000044
          1.000041
          1.000038
          1.000035
          1.000032
          1.000030
          1.000028
          1.000026
          1.000024
          1.000022
          1.000021
          1.000020
          1.000018
          1.000017
          1.000016
          1.000016
          1.000015
          1.000014
          1.000013
          1.000013
          1.000012
          1.000011
          1.000011
          1.000010
          1.000010
          1.000010
          1.000009
          1.000009
          1.000008
          1.000008
          1.000008
          1.000007
          1.000007
          1.000007
          1.000007
          1.000006
          1.000006
          1.000006
          1.000006
          1.000006
          1.000006
          1.000006
          1.000006
          1.000005
          1.000005
          1.000005
          1.000005
          1.000005
          1.000005
          1.000005
          1.000005
          1.000005
          1.000005
          1.000005
          1.000005
          1.000005
          1.000005
          1.000005
          1.000005
          1.000005
          1.000004
          1.000004
          1.000004
          1.000004
          1.000004
          1.000004
          1.000004
          1.000004
          1.000004
          1.000004
          1.000004
          1.000004
          1.000004
          1.000004
          1.000004
          1.000004
          1.000004
          1.000004
          1.000003
          1.000003
          1.000003
          1.000003
          1.000003
          1.000003
          1.000003
          1.000003
          1.000003
          1.000003
          1.000003
          1.000003
          1.000003
          1.000003
          1.000003
          1.000003
          1.000003
          1.000003
          1.000003
          1.000003
          1.000003
          1.000003
          1.000003
          1.000003
          1.000003
          1.000003
          1.000003
          1.000003
          1.000003
          1.000002
          1.000002
          1.000002
          1.000002
          1.000002
          1.000002
          1.000002
          1.000002
          1.000002
          1.000002
          1.000002
          1.000002
          1.000002
          1.000002
          1.000002
          1.000002
          1.000002
          1.000002
          1.000002
          1.000002
          1.000002
          1.000002
          1.000002
          1.000002
          1.000002
          1.000002
          1.000002
          1.000002
          1.000002
          1.000002
          1.000002
          1.000001
          1.000001
          1.000001
          1.000001
          1.000001
          1.000001
          1.000001
          1.000001
          1.000001
          1.000001
          1.000001
          1.000001
          1.000001
          1.000001
          1.000001
          1.000001
          1.000001
          1.000001
          1.000001
          1.000001
          1.000001
          1.000001
          1.000001
          1.000001
          1.000001
          1.000001
          1.000001
          1.000001
          1.000001
          1.000001
          1.000001
          1.000001
          1.000001
          1.000001
          1.000001
          1.000001
          1.000001
          1.000001
          1.000001
          1.000001
          1.000001
          1.000001
          1.000001
          1.000001
          1.000001
          1.000001
          1.000001
          1.000001
          1.000001
          1.000001
          1.000001
          1.000001
          1.000001
          1.000000
          1.000000
          1.000000
          1.000000
          1.000000
          1.000000
          1.000000
          1.000000
          1.000001
          1.000001
          1.000001
          1.000001
          1.000001
          1.000001
          1.000001
          1.000001
          1.000001
          1.000001
          1.000001
          1.000001
          1.000001
          1.000001
          1.000001
          1.000001
          1.000001
          1.000001
          1.000001
          1.000001
          1.000001
          1.000001
          1.000001
          1.000001
          1.000001
          1.000001
          1.000001
          1.000001
          1.000001
          1.000001
          1.000001
          1.000001
          1.000000
          1.000000
          1.000000
          1.000000
          1.000000
          1.000000
          1.512558
          1.512167
          1.511806
          1.511500
          1.511246
          1.511034
          1.510859
          1.510709
          1.510581
          1.510473
          1.510380
          1.510298
          1.510229
          1.510167
          1.510111
          1.510060
          1.510019
          1.509983
          1.509944
          1.509915
          1.509891
          1.509865
          1.509838
          1.509825
          1.509809
          1.509793
          1.509781
          1.509770
          1.509762
          1.509755
          1.509751
          1.509741
          1.509738
          1.509735
          1.509730
          1.509731
          1.509728
          1.509727
          1.509726
          1.509728
          1.509723
          1.509726
          1.509725
          1.509723
          1.509724
          1.509725
          1.509720
          1.509717
          1.509719
          1.509714
          1.509689
          1.509692
          1.509699
          1.509700
          1.509702
          1.509704
          1.509706
          1.509706
          1.509708
          1.509710
          1.509709
          1.509711
          1.509712
          1.509712
          1.509714
          1.509715
          1.509716
          1.509717
          1.509718
          1.509718
          1.509721
          1.509721
          1.509725
          1.509725
          1.509724
          1.509725
          1.509726
          1.509727
          1.509726
          1.509731
          1.509729
          1.509732
          1.509731
          1.509731
          1.509734
          1.509734
          1.509737
          1.509736
          1.509738
          1.509738
          1.509741
          1.509739
          1.509741
          1.509741
          1.509741
          1.509743
          1.509743
          1.509743
          1.509743
          1.509746
          1.509744
          1.509745
          1.509747
          1.509745
          1.509747
          1.509747
          1.509748
          1.509750
          1.509748
          1.509749
          1.509750
          1.509749
          1.509751
          1.509751
          1.509751
          1.509754
          1.509751
          1.509751
          1.509751
          1.509753
          1.509757
          1.509756
          1.509756
          1.509757
          1.509757
          1.509758
          1.509759
          1.509758
          1.509759
          1.509759
          1.509760
          1.509761
          1.509760
          1.509762
          1.509763
          1.509765
          1.509764
          1.509764
          1.509765
          1.509766
          1.509769
          1.509766
          1.509769
          1.509767
          1.509770
          1.509770
          1.509769
          1.509771
          1.509772
          1.509770
          1.509770
          1.509771
          1.509771
          1.509771
          1.509772
          1.509771
          1.509770
          1.509771
          1.509770
          1.509773
          1.509772
          1.509772
          1.509770
          1.509771
          1.509769
          1.509769
          1.509772
          1.509772
          1.509770
          1.509773
          1.509771
          1.509771
          1.509773
          1.509774
          1.509774
          1.509772
          1.509773
          1.509774
          1.509776
          1.509774
          1.509778
          1.509777
          1.509778
          1.509778
          1.509780
          1.509780
          1.509781
          1.509782
          1.509783
          1.509782
          1.509787
          1.509786
          1.509782
          1.509786
          1.509786
          1.509786
          1.509785
          1.509787
          1.509787
          1.509786
          1.509787
          1.509787
          1.509785
          1.509786
          1.509786
          1.509783
          1.509782
          1.509784
          1.509783
          1.509782
          1.509784
          1.509781
          1.509782
          1.509783
          1.509779
          1.509777
          1.509777
          1.509780
          1.509776
          1.509778
          1.509779
          1.509779
          1.509779
          1.509776
          1.509776
          1.509779
          1.509778
          1.509781
          1.509781
          1.509781
          1.509784
          1.509782
          1.509786
          1.509785
          1.509787
          1.509789
          1.509789
          1.509792
          1.509792
          1.509793
          1.509794
          1.509795
          1.509795
          1.509796
          1.509798
          1.509797
          1.509795
          1.509797
          1.509797
          1.509795
          1.509796
          1.509796
          0.687407
          0.685819
          0.684984
          0.684437
          0.684055
          0.683764
          0.683535
          0.683340
          0.683173
          0.683028
          0.682899
          0.682783
          0.682681
          0.682588
          0.682504
          0.682424
          0.682359
          0.682299
          0.682238
          0.682189
          0.682147
          0.682107
          0.682069
          0.682043
          0.682018
          0.681992
          0.681971
          0.681953
          0.681937
          0.681923
          0.681912
          0.681898
          0.681889
          0.681880
          0.681871
          0.681867
          0.681860
          0.681855
          0.681850
          0.681848
          0.681841
          0.681839
          0.681836
          0.681831
          0.681830
          0.681828
          0.681824
          0.681821
          0.681820
          0.681817
          0.681805
          0.681806
          0.681808
          0.681808
          0.681809
          0.681810
          0.681810
          0.681810
          0.681811
          0.681811
          0.681811
          0.681812
          0.681812
          0.681812
          0.681813
          0.681813
          0.681813
          0.681814
          0.681814
          0.681814
          0.681815
          0.681815
          0.681816
          0.681816
          0.681816
          0.681816
          0.681816
          0.681816
          0.681816
          0.681817
          0.681817
          0.681818
          0.681817
          0.681817
          0.681818
          0.681818
          0.681819
          0.681818
          0.681819
          0.681819
          0.681820
          0.681819
          0.681819
          0.681819
          0.681819
          0.681820
          0.681820
          0.681820
          0.681819
          0.681820
          0.681819
          0.681820
          0.681820
          0.681820
          0.681820
          0.681820
          0.681820
          0.681821
          0.681820
          0.681820
          0.681820
          0.681820
          0.681821
          0.681820
          0.681821
          0.681821
          0.681820
          0.681820
          0.681820
          0.681821
          0.681822
          0.681822
          0.681822
          0.681822
          0.681822
          0.681822
          0.681823
          0.681822
          0.681822
          0.681822
          0.681823
          0.681823
          0.681823
          0.681823
          0.681823
          0.681824
          0.681824
          0.681824
          0.681824
          0.681824
          0.681825
          0.681824
          0.681825
          0.681824
          0.681825
          0.681825
          0.681825
          0.681825
          0.681825
          0.681825
          0.681824
          0.681825
          0.681825
          0.681824
          0.681825
          0.681824
          0.681824
          0.681824
          0.681824
          0.681825
          0.681824
          0.681824
          0.681824
          0.681824
          0.681823
          0.681823
          0.681824
          0.681824
          0.681823
          0.681824
          0.681824
          0.681824
          0.681824
          0.681825
          0.681825
          0.681824
          0.681825
          0.681825
          0.681826
          0.681825
          0.681826
          0.681826
          0.681826
          0.681826
          0.681827
          0.681827
          0.681827
          0.681827
          0.681828
          0.681827
          0.681829
          0.681829
          0.681827
          0.681828
          0.681828
          0.681828
          0.681828
          0.681828
          0.681828
          0.681828
          0.681828
          0.681828
          0.681827
          0.681827
          0.681827
          0.681826
          0.681826
          0.681826
          0.681826
          0.681825
          0.681826
          0.681825
          0.681825
          0.681825
          0.681824
          0.681824
          0.681823
          0.681825
          0.681823
          0.681824
          0.681824
          0.681825
          0.681825
          0.681824
          0.681824
          0.681825
          0.681825
          0.681826
          0.681826
          0.681826
          0.681827
          0.681827
          0.681828
          0.681828
          0.681829
          0.681829
          0.681829
          0.681830
          0.681830
          0.681831
          0.681831
          0.681831
          0.681831
          0.681831
          0.681832
          0.681831
          0.681830
          0.681830
          0.681830
          0.681829
          0.681830
          0.681829
         -0.005490
         -0.001321
         -0.001160
         -0.001020
         -0.000901
         -0.000798
         -0.000711
         -0.000634
         -0.000568
         -0.000510
         -0.000459
         -0.000413
         -0.000374
         -0.000338
         -0.000306
         -0.000275
         -0.000250
         -0.000228
         -0.000205
         -0.000186
         -0.000171
         -0.000155
         -0.000138
         -0.000128
         -0.000118
         -0.000107
         -0.000098
         -0.000091
         -0.000084
         -0.000078
         -0.000075
         -0.000068
         -0.000064
         -0.000061
         -0.000057
         -0.000056
         -0.000053
         -0.000051
         -0.000049
         -0.000048
         -0.000045
         -0.000044
         -0.000043
         -0.000040
         -0.000040
         -0.000039
         -0.000035
         -0.000033
         -0.000032
         -0.000029
         -0.000017
         -0.000017
         -0.000019
         -0.000019
         -0.000019
         -0.000019
         -0.000019
         -0.000018
         -0.000018
         -0.000018
         -0.000017
         -0.000017
         -0.000017
         -0.000016
         -0.000017
         -0.000016
         -0.000016
         -0.000016
         -0.000016
         -0.000015
         -0.000016
         -0.000016
         -0.000016
         -0.000016
         -0.000015
         -0.000015
         -0.000015
         -0.000014
         -0.000013
         -0.000015
         -0.000014
         -0.000014
         -0.000014
         -0.000013
         -0.000014
         -0.000013
         -0.000014
         -0.000013
         -0.000014
         -0.000013
         -0.000014
         -0.000013
         -0.000013
         -0.000013
         -0.000012
         -0.000012
         -0.000012
         -0.000012
         -0.000011
         -0.000012
         -0.000010
         -0.000011
         -0.000011
         -0.000010
         -0.000010
         -0.000010
         -0.000010
         -0.000010
         -0.000009
         -0.000009
         -0.000009
         -0.000009
         -0.000009
         -0.000009
         -0.000008
         -0.000009
         -0.000008
         -0.000007
         -0.000007
         -0.000008
         -0.000009
         -0.000008
         -0.000008
         -0.000008
         -0.000008
         -0.000008
         -0.000008
         -0.000007
         -0.000007
         -0.000007
         -0.000007
         -0.000007
         -0.000007
         -0.000007
         -0.000007
         -0.000008
         -0.000007
         -0.000007
         -0.000007
         -0.000007
         -0.000008
         -0.000007
         -0.000008
         -0.000007
         -0.000008
         -0.000008
         -0.000007
         -0.000007
         -0.000008
         -0.000007
         -0.000006
         -0.000007
         -0.000006
         -0.000006
         -0.000006
         -0.000005
         -0.000005
         -0.000005
         -0.000004
         -0.000006
         -0.000005
         -0.000005
         -0.000004
         -0.000004
         -0.000003
         -0.000003
         -0.000004
         -0.000004
         -0.000003
         -0.000004
         -0.000003
         -0.000002
         -0.000003
         -0.000003
         -0.000003
         -0.000002
         -0.000003
         -0.000003
         -0.000004
         -0.000003
         -0.000004
         -0.000004
         -0.000004
         -0.000004
         -0.000004
         -0.000004
         -0.000005
         -0.000005
         -0.000005
         -0.000005
         -0.000007
         -0.000006
         -0.000004
         -0.000006
         -0.000006
         -0.000005
         -0.000005
         -0.000006
         -0.000006
         -0.000005
         -0.000006
         -0.000005
         -0.000004
         -0.000005
         -0.000005
         -0.000003
         -0.000002
         -0.000003
         -0.000003
         -0.000002
         -0.000003
         -0.000001
         -0.000002
         -0.000002
         -0.000000
          0.000001
          0.000001
         -0.000001
          0.000002
          0.000000
          0.000000
         -0.000000
          0.000000
          0.000001
          0.000002
          0.000000
          0.000001
         -0.000001
         -0.000001
         -0.000001
         -0.000002
         -0.000002
         -0.000003
         -0.000003
         -0.000004
         -0.000005
         -0.000005
         -0.000006
         -0.000006
         -0.000007
         -0.000007
         -0.000008
         -0.000007
         -0.000008
         -0.000009
         -0.000008
         -0.000008
         -0.000008
         -0.000009
         -0.000007
         -0.000008
         -0.000008
