  8.668673681092646E-003  8.667957736465441E-003  8.666588563573569E-003
  8.665068237368496E-003  8.663517440340277E-003  8.661968883608526E-003
  8.660482911910858E-003  8.659046133075060E-003  8.657687386968425E-003
  8.656418095634682E-003  8.655234589357965E-003  8.654128436316863E-003
  8.653116171143085E-003  8.652176530575397E-003  8.651303581964448E-003
  8.650487722400544E-003  8.649764903830140E-003  8.649103919281616E-003
  8.648457054254962E-003  8.647894343503635E-003  8.647388798375583E-003
  8.646905146283825E-003  8.646436169517878E-003  8.646065398613500E-003
  8.645705839776117E-003  8.645361592216346E-003  8.645058722305228E-003
  8.644780274293672E-003  8.644528807489607E-003  8.644299378119828E-003
  8.644097252834484E-003  8.643877825224893E-003  8.643702362291620E-003
  8.643532233889780E-003  8.643365955799006E-003  8.643237213918343E-003
  8.643097460098823E-003  8.642970848720464E-003  8.642848406464978E-003
  8.642747192167552E-003  8.642619304175250E-003  8.642528084043683E-003
  8.642427088248299E-003  8.642318560024396E-003  8.642230102370939E-003
  8.642143756850910E-003  8.642028347430976E-003  8.641926876656459E-003
  8.641847649913915E-003  8.641738886055687E-003  8.641641702254196E-003
  8.641554450745707E-003  8.641509976203651E-003  8.641426654421571E-003
  8.641350827206023E-003  8.641292017166031E-003  8.641235261657153E-003
  8.641161276391373E-003  8.641113184726377E-003  8.641064884665133E-003
  8.640989509949125E-003  8.640945129193263E-003  8.640904030832968E-003
  8.640842474964220E-003  8.640805441192867E-003  8.640759845834246E-003
  8.640714151735979E-003  8.640676699077657E-003  8.640636239372257E-003
  8.640582984037764E-003  8.640562081144084E-003  8.640521823977492E-003
  8.640504907213844E-003  8.640463609840129E-003  8.640411090260440E-003
  8.640375215983641E-003  8.640338999242880E-003  8.640299474884304E-003
  8.640249796963340E-003  8.640249457206669E-003  8.640191580291123E-003
  8.640173228481934E-003  8.640129286632051E-003  8.640086598578636E-003
  8.640070707213695E-003  8.640033811648193E-003  8.640016116469789E-003
  8.639969215102296E-003  8.639954685593101E-003  8.639912047064269E-003
  8.639900230788722E-003  8.639853587209518E-003  8.639830708907606E-003
  8.639796477197590E-003  8.639758535578157E-003  8.639740684309342E-003
  8.639706729816716E-003  8.639675032895821E-003  8.639640013900723E-003
  8.639633773109097E-003  8.639577810247524E-003  8.639556976416843E-003
  8.639541989116716E-003  8.639496078754980E-003  8.639479847506773E-003
  8.639446996269673E-003  8.639424967623944E-003  8.639413708172596E-003
  8.639369041166030E-003  8.639353634580996E-003  8.639333727152979E-003
  8.639298038783811E-003  8.639288526625115E-003  8.639256378200965E-003
  8.639233478657788E-003  8.639229681279696E-003  8.639181930269147E-003
  8.639154962463489E-003  8.639128663821180E-003  8.639120710080583E-003
  8.639128419110444E-003  8.639094769686882E-003  8.639073274264119E-003
  8.639062288169762E-003  8.639033814444941E-003  8.639021427866321E-003
  8.639004974955063E-003  8.638971199913283E-003  8.638956811552257E-003
  8.638930056856495E-003  8.638920815233190E-003  8.638901931395106E-003
  8.638878087550672E-003  8.638870851825095E-003  8.638858160401193E-003
  8.638853706819353E-003  8.638824953867464E-003  8.638805887511911E-003
  8.638789665974566E-003  8.638778652771842E-003  8.638779374637305E-003
  8.638733900571894E-003  8.638736113012493E-003  8.638700650913772E-003
  8.638712813427193E-003  8.638693414322926E-003  8.638665502285467E-003
  8.638655724334261E-003  8.638651438122058E-003  8.638614156687818E-003
  8.638593362356737E-003  8.638585321057620E-003  8.638569149601956E-003
  8.638547305891930E-003  8.638536179480112E-003  8.638513431930282E-003
  8.638489664954752E-003  8.638482436017548E-003  8.638459147239028E-003
  8.638471993332768E-003  8.638448119815059E-003  8.638429601599260E-003
  8.638400675060031E-003  8.638389777539814E-003  8.638358957687432E-003
  8.638349084540418E-003  8.638357561740759E-003  8.638349017649411E-003
  8.638322027711533E-003  8.638334038165258E-003  8.638308513491530E-003
  8.638290330128228E-003  8.638294102877019E-003  8.638292542574614E-003
  8.638285760629106E-003  8.638255441887290E-003  8.638253179961764E-003
  8.638248277838684E-003  8.638253179664707E-003  8.638225995276373E-003
  8.638252804730831E-003  8.638234374558889E-003  8.638227960634664E-003
  8.638215226430013E-003  8.638219169540445E-003  8.638207084053327E-003
  8.638210004771987E-003  8.638199104567116E-003  8.638197881433744E-003
  8.638177666121009E-003  8.638210184020728E-003  8.638190794178331E-003
  8.638145076324006E-003  8.638163318078486E-003  8.638152963773313E-003
  8.638137949131916E-003  8.638123270397556E-003  8.638128392299467E-003
  8.638112825672907E-003  8.638097446559200E-003  8.638099189707073E-003
  8.638084981568969E-003  8.638060087954568E-003  8.638059061059106E-003
  8.638052367735174E-003  8.638018625576465E-003  8.637998460284960E-003
  8.638007191145828E-003  8.637996689780252E-003  8.637976789952361E-003
  8.637987209534114E-003  8.637959960711676E-003  8.637960583819528E-003
  8.637970350459188E-003  8.637932211168405E-003  8.637912660914458E-003
  8.637906349925503E-003  8.637932708877175E-003  8.637890362676866E-003
  8.637910058539080E-003  8.637914100633420E-003  8.637920090406538E-003
  8.637916807280103E-003  8.637889763996522E-003  8.637887866553189E-003
  8.637912758776369E-003  8.637901716448992E-003  8.637930278133902E-003
  8.637931079108686E-003  8.637929398282953E-003  8.637950923113563E-003
  8.637940374327080E-003  8.637965252201037E-003  8.637958305798294E-003
  8.637976388753533E-003  8.637993914248744E-003  8.637986831726062E-003
  8.638015215360371E-003  8.638009007770399E-003  8.638019376584396E-003
  8.638025635147765E-003  8.638033779122934E-003  8.638025351463754E-003
  8.638030905000926E-003  8.638055865045643E-003  8.638037821215172E-003
  8.638024286000247E-003  8.638039213235606E-003  8.638043933820724E-003
  8.638026068630273E-003  8.638046741590412E-003  8.638051869589890E-003
   1.00013647264989        1.00013009835151        1.00012279766875     
   1.00011511963425        1.00010736899634        1.00009974483401     
   1.00009238476734        1.00008536896735        1.00007875351741     
   1.00007256399557        1.00006680651345        1.00006147684756     
   1.00005656502269        1.00005204955054        1.00004791148096     
   1.00004413066005        1.00004068750655        1.00003754905367     
   1.00003469158662        1.00003210613954        1.00002976036614     
   1.00002763043154        1.00002570407363        1.00002397100670     
   1.00002239370723        1.00002096318735        1.00001966962786     
   1.00001849480215        1.00001742617661        1.00001645073914     
   1.00001555747843        1.00001473421814        1.00001398363653     
   1.00001328870126        1.00001264513964        1.00001204948581     
   1.00001148767302        1.00001096184622        1.00001046670386     
   1.00001000014972        1.00000955497912        1.00000913978185     
   1.00000874285938        1.00000836788254        1.00000801805255     
   1.00000768775826        1.00000737757426        1.00000709835891     
   1.00000684688375        1.00000661720990        1.00000642031265     
   1.00000625378838        1.00000611038631        1.00000597360755     
   1.00000585398949        1.00000574789880        1.00000564900919     
   1.00000555613795        1.00000547445924        1.00000539550908     
   1.00000531932069        1.00000525455313        1.00000519125901     
   1.00000512839316        1.00000507249324        1.00000501574946     
   1.00000496092443        1.00000490811111        1.00000485473178     
   1.00000480181653        1.00000475343010        1.00000469922666     
   1.00000464543704        1.00000458486201        1.00000452565246     
   1.00000447172749        1.00000441795367        1.00000436456281     
   1.00000431271099        1.00000426559952        1.00000420753578     
   1.00000415699521        1.00000410154318        1.00000404946681     
   1.00000400040233        1.00000394581443        1.00000389246497     
   1.00000383440876        1.00000378112622        1.00000372247892     
   1.00000366763054        1.00000360702752        1.00000355204995     
   1.00000349538669        1.00000344089578        1.00000338993476     
   1.00000333627605        1.00000328527598        1.00000323643206     
   1.00000319093678        1.00000313982493        1.00000309917143     
   1.00000305788297        1.00000301421054        1.00000297816031     
   1.00000294037156        1.00000290620351        1.00000287224015     
   1.00000283516466        1.00000280575156        1.00000277472728     
   1.00000274359305        1.00000271744470        1.00000268801220     
   1.00000266258910        1.00000263827500        1.00000260909663     
   1.00000258917045        1.00000257178799        1.00000255644859     
   1.00000253699832        1.00000250839876        1.00000248399099     
   1.00000246001636        1.00000243318086        1.00000240913226     
   1.00000238280810        1.00000235560793        1.00000233310882     
   1.00000230909551        1.00000228741146        1.00000226236091     
   1.00000223693056        1.00000221260715        1.00000218399521     
   1.00000215280260        1.00000211652050        1.00000208306686     
   1.00000204944558        1.00000201476063        1.00000197738150     
   1.00000193377016        1.00000189886626        1.00000185760805     
   1.00000182206485        1.00000177719056        1.00000173334155     
   1.00000169355382        1.00000165228752        1.00000160813659     
   1.00000157198724        1.00000153880053        1.00000150465450     
   1.00000147234489        1.00000144389771        1.00000141611040     
   1.00000139288569        1.00000137465078        1.00000135617620     
   1.00000134260930        1.00000132257179        1.00000130805859     
   1.00000129767070        1.00000129484893        1.00000129382821     
   1.00000130078263        1.00000130872305        1.00000131154729     
   1.00000131460787        1.00000132369926        1.00000132629021     
   1.00000133425544        1.00000134504027        1.00000135136573     
   1.00000135476651        1.00000135686267        1.00000136501409     
   1.00000136996896        1.00000137223294        1.00000136845374     
   1.00000136862087        1.00000135533335        1.00000134296544     
   1.00000132768000        1.00000131139254        1.00000128869085     
   1.00000126462524        1.00000123441854        1.00000120253324     
   1.00000116598133        1.00000113088358        1.00000108066008     
   1.00000103235903        1.00000099476569        1.00000094766586     
   1.00000090044973        1.00000085497383        1.00000081142221     
   1.00000076380001        1.00000071912739        1.00000067777078     
   1.00000063470738        1.00000059552724        1.00000056409227     
   1.00000053316141        1.00000050498268        1.00000048856824     
   1.00000047972586        1.00000046930351        1.00000046361123     
   1.00000046581479        1.00000046641893        1.00000047760779     
   1.00000049060448        1.00000050268353        1.00000052929980     
   1.00000056439600        1.00000060334929        1.00000063543574     
   1.00000068227010        1.00000072364784        1.00000076417529     
   1.00000080300157        1.00000084291579        1.00000089113375     
   1.00000093897584        1.00000097720401        1.00000101666344     
   1.00000104421489        1.00000106831704        1.00000108937485     
   1.00000109962740        1.00000110896065        1.00000110577815     
   1.00000109996982        1.00000108335179        1.00000105601823     
   1.00000102583997        1.00000098162447        1.00000093464913     
   1.00000087993840        1.00000081917405        1.00000075223462     
   1.00000068491474        1.00000061322648        1.00000053161909     
   1.00000045458528        1.00000038134378        1.00000030335923     
   1.00000022451779        1.00000015262116        1.00000007592701     
   1.51255778615459        1.51216729851589        1.51180612487991     
   1.51149962032440        1.51124624822037        1.51103355135439     
   1.51085882959500        1.51070853289754        1.51058092337154     
   1.51047291388886        1.51037999716501        1.51029784214484     
   1.51022868395150        1.51016702219527        1.51011139396928     
   1.51005964571798        1.51001900544062        1.50998344678515     
   1.50994387548962        1.50991465825019        1.50989061069757     
   1.50986529377358        1.50983769374948        1.50982460275157     
   1.50980947837044        1.50979263537933        1.50978073207701     
   1.50977015191329        1.50976172181975        1.50975467860172     
   1.50975100225064        1.50974120479338        1.50973828199547     
   1.50973471574121        1.50972983127230        1.50973097589535     
   1.50972827915916        1.50972735855012        1.50972594561070     
   1.50972776842686        1.50972348853977        1.50972570602805     
   1.50972520008157        1.50972265769369        1.50972365416758     
   1.50972455302798        1.50971964470951        1.50971704676990     
   1.50971851215101        1.50971392567927        1.50968879707715     
   1.50969226934448        1.50969912999281        1.50970045046112     
   1.50970172638292        1.50970423880565        1.50970635500978     
   1.50970607107942        1.50970832724740        1.50971026759759     
   1.50970873328436        1.50971064154911        1.50971244598487     
   1.50971190997625        1.50971397701844        1.50971489011280     
   1.50971556480728        1.50971704964087        1.50971802418120     
   1.50971754512643        1.50972068790029        1.50972141386157     
   1.50972466633296        1.50972515115866        1.50972429985036     
   1.50972540154246        1.50972630901588        1.50972677532469     
   1.50972611304905        1.50973089276987        1.50972906551812     
   1.50973171785561        1.50973137667903        1.50973122773356     
   1.50973392767250        1.50973419050478        1.50973656724612     
   1.50973558220370        1.50973835553178        1.50973772130924     
   1.50974054888446        1.50973943983327        1.50974100991117     
   1.50974116125569        1.50974101682813        1.50974298800438     
   1.50974304934207        1.50974336464966        1.50974326064292     
   1.50974635947081        1.50974372212288        1.50974505549231     
   1.50974696841993        1.50974537383203        1.50974704478016     
   1.50974666020502        1.50974755519353        1.50974955581483     
   1.50974779062939        1.50974931612367        1.50975023581408     
   1.50974946528334        1.50975146546883        1.50975088306417     
   1.50975135022148        1.50975379924735        1.50975136765159     
   1.50975132873590        1.50975124616550        1.50975324381755     
   1.50975679662428        1.50975565442970        1.50975589954201     
   1.50975742041840        1.50975692088450        1.50975822067511     
   1.50975897699521        1.50975786918377        1.50975898013953     
   1.50975855012183        1.50976009001629        1.50976054551831     
   1.50976043374781        1.50976209522014        1.50976310193285     
   1.50976503208090        1.50976419335827        1.50976448868864     
   1.50976506732385        1.50976626900601        1.50976870339867     
   1.50976593691241        1.50976853331416        1.50976680666985     
   1.50977044255671        1.50977042253432        1.50976949293668     
   1.50977064520312        1.50977227066705        1.50977021809580     
   1.50977003285682        1.50977116784839        1.50977137347624     
   1.50977095830991        1.50977165770681        1.50977098071538     
   1.50977018818770        1.50977121645191        1.50977032020297     
   1.50977343672914        1.50977241152687        1.50977193092182     
   1.50977031806852        1.50977067659966        1.50976882847825     
   1.50976929130855        1.50977157577054        1.50977192938945     
   1.50977031140592        1.50977295196192        1.50977134428275     
   1.50977076944702        1.50977254134245        1.50977362105713     
   1.50977413059335        1.50977208600874        1.50977324360328     
   1.50977396595939        1.50977579930835        1.50977400284754     
   1.50977832054321        1.50977749568685        1.50977810530583     
   1.50977798008389        1.50977974457352        1.50977975897068     
   1.50978145444224        1.50978153103778        1.50978277535079     
   1.50978188957947        1.50978691573004        1.50978612589102     
   1.50978240395636        1.50978587664699        1.50978600552260     
   1.50978561296318        1.50978525150378        1.50978712603033     
   1.50978659311078        1.50978605345451        1.50978734455153     
   1.50978684803023        1.50978509633865        1.50978606682193     
   1.50978623664768        1.50978337898180        1.50978206927860     
   1.50978385178302        1.50978332717613        1.50978177833665     
   1.50978356479562        1.50978098005251        1.50978154916854     
   1.50978302468529        1.50977910926389        1.50977742785906     
   1.50977705225373        1.50978023511287        1.50977558431576     
   1.50977804258997        1.50977852145007        1.50977932865234     
   1.50977899688912        1.50977610958232        1.50977606732438     
   1.50977894111157        1.50977774035744        1.50978100430434     
   1.50978104748269        1.50978101230875        1.50978356618824     
   1.50978248732304        1.50978552838922        1.50978492210256     
   1.50978709827363        1.50978929160387        1.50978869877513     
   1.50979223665273        1.50979174324329        1.50979324655186     
   1.50979418030696        1.50979538089758        1.50979461622961     
   1.50979552453886        1.50979845334829        1.50979653685059     
   1.50979509792870        1.50979669435934        1.50979693992197     
   1.50979462657888        1.50979640407996        1.50979616047958     
  0.687407242977465       0.685819296242486       0.684984048264184     
  0.684437183365258       0.684054513065531       0.683763626750505     
  0.683534628887115       0.683340049907016       0.683172984025644     
  0.683027852338964       0.682899102451999       0.682782804886138     
  0.682680935819666       0.682588345524274       0.682503777374881     
  0.682424471921014       0.682358526620434       0.682299394621935     
  0.682238367504860       0.682188904065024       0.682146764829349     
  0.682106933770779       0.682069287885476       0.682043189123039     
  0.682017524763421       0.681992084939581       0.681971443348696     
  0.681952933378545       0.681936901942247       0.681922810568055     
  0.681911981962355       0.681897829572660       0.681888852760062     
  0.681880311276207       0.681871268581983       0.681866768468393     
  0.681860028863124       0.681855130371624       0.681850092966974     
  0.681847672271897       0.681841024940920       0.681839496584410     
  0.681836279721539       0.681831422340793       0.681829648180361     
  0.681828424901818       0.681824408521089       0.681820960560742     
  0.681820427924383       0.681816629914283       0.681804986644230     
  0.681805933166367       0.681808062886600       0.681808425585574     
  0.681808777121538       0.681809558064510       0.681810236588888     
  0.681810126166173       0.681810851436612       0.681811489407319     
  0.681810974780735       0.681811574543345       0.681812168844237     
  0.681811980965373       0.681812639941347       0.681812929196199     
  0.681813134431946       0.681813603176121       0.681813905150120     
  0.681813709652376       0.681814701701352       0.681814913744481     
  0.681815953005818       0.681816075119864       0.681815722606402     
  0.681815990713628       0.681816202420100       0.681816267256139     
  0.681815948529038       0.681817438436167       0.681816765977708     
  0.681817542848358       0.681817341191004       0.681817178889820     
  0.681817966849386       0.681817964779836       0.681818653620974     
  0.681818229946725       0.681819025982914       0.681818711624963     
  0.681819529428377       0.681819049234040       0.681819433172980     
  0.681819358703596       0.681819170919740       0.681819689113460     
  0.681819589987347       0.681819564831449       0.681819399300362     
  0.681820302582576       0.681819321338329       0.681819626748425     
  0.681820151569214       0.681819519741704       0.681819957999883     
  0.681819738692589       0.681819937783806       0.681820520034450     
  0.681819856229882       0.681820265305400       0.681820495765784     
  0.681820161544946       0.681820746543335       0.681820491642928     
  0.681820572935756       0.681821329075328       0.681820472023722     
  0.681820377371827       0.681820282789750       0.681820892068081     
  0.681822052375292       0.681821664996011       0.681821701520535     
  0.681822157526063       0.681821947449291       0.681822322774793     
  0.681822529567329       0.681822106756004       0.681822406214153     
  0.681822210227169       0.681822665547170       0.681822773342745     
  0.681822686301548       0.681823186708821       0.681823481160360     
  0.681824079775178       0.681823755280465       0.681823779539755     
  0.681823896492668       0.681824219194203       0.681824959296266     
  0.681823970034196       0.681824725957719       0.681824069014155     
  0.681825176010343       0.681825099573749       0.681824692240542     
  0.681824959855734       0.681825402076597       0.681824618701720     
  0.681824428222628       0.681824691221029       0.681824661521320     
  0.681824422378424       0.681824554937459       0.681824241852351     
  0.681823884490512       0.681824138853732       0.681823774594047     
  0.681824748693105       0.681824374608118       0.681824160677699     
  0.681823566687482       0.681823628326387       0.681822973554606     
  0.681823088156874       0.681823847744860       0.681823993731601     
  0.681823470898008       0.681824357483221       0.681823858241853     
  0.681823670314790       0.681824273365877       0.681824671989993     
  0.681824883372306       0.681824229409542       0.681824619344485     
  0.681824888684452       0.681825533441886       0.681824973450439     
  0.681826423307956       0.681826193823023       0.681826402202377     
  0.681826358459913       0.681826932199111       0.681826925305184     
  0.681827460747342       0.681827458756573       0.681827823885070     
  0.681827472054599       0.681829071391997       0.681828760404345     
  0.681827418830648       0.681828434606142       0.681828383010311     
  0.681828140271513       0.681827893538967       0.681828386994703     
  0.681828093390158       0.681827781849477       0.681828077831555     
  0.681827789606490       0.681827072476848       0.681827251474847     
  0.681827192629634       0.681826125508917       0.681825555373062     
  0.681826040187195       0.681825801407652       0.681825219546529     
  0.681825752518470       0.681824864394131       0.681825010774300     
  0.681825493140871       0.681824197563938       0.681823610881114     
  0.681823486225490       0.681824587748001       0.681823126669810     
  0.681823991708729       0.681824256329957       0.681824633542640     
  0.681824639318014       0.681823779829460       0.681823847702278     
  0.681824917195577       0.681824661437076       0.681825872757471     
  0.681826037619425       0.681826141571181       0.681827093032226     
  0.681826838120701       0.681827917637407       0.681827791089308     
  0.681828558097342       0.681829326124854       0.681829148216603     
  0.681830300362544       0.681830114448103       0.681830541369711     
  0.681830766784651       0.681831054232549       0.681830667446190     
  0.681830798245354       0.681831599924372       0.681830784334456     
  0.681830074562867       0.681830362187075       0.681830219080411     
  0.681829206412558       0.681829534871141       0.681829216828171     
 -5.490305779951374E-003 -1.320997608570252E-003 -1.160465526954990E-003
 -1.020134040166830E-003 -9.008384228415305E-004 -7.979064089889937E-004
 -7.109632319232882E-004 -6.343187048915987E-004 -5.676307830992118E-004
 -5.097979882294037E-004 -4.589529021232915E-004 -4.132378751366432E-004
 -3.738014885571392E-004 -3.381488535443326E-004 -3.056352308353952E-004
 -2.752817944490060E-004 -2.504862525199229E-004 -2.284227843852291E-004
 -2.048179117602995E-004 -1.863920494599786E-004 -1.707046106535183E-004
 -1.547163911688129E-004 -1.379366932442501E-004 -1.282246710165927E-004
 -1.177978454195559E-004 -1.068058505241329E-004 -9.832319619316454E-005
 -9.065336337832311E-005 -8.416828322625862E-005 -7.849546151853038E-005
 -7.452795437942720E-005 -6.783071853355047E-005 -6.446393667025793E-005
 -6.089960773157595E-005 -5.682686688294105E-005 -5.566471831326002E-005
 -5.278773625007228E-005 -5.080050174277899E-005 -4.865289805313336E-005
 -4.807532758836066E-005 -4.468371293755785E-005 -4.437933608721763E-005
 -4.283854774073914E-005 -4.037225262213060E-005 -3.958829973031909E-005
 -3.878080578835992E-005 -3.526156414938599E-005 -3.284589335332868E-005
 -3.235096295700827E-005 -2.903162591977952E-005 -1.669215640960011E-005
 -1.711829026927276E-005 -1.931914655815514E-005 -1.890930759729999E-005
 -1.854551836878773E-005 -1.883998342929314E-005 -1.898640056815811E-005
 -1.799786893782049E-005 -1.827583128847161E-005 -1.842812264920634E-005
 -1.691310850355185E-005 -1.708540539724114E-005 -1.723598014533025E-005
 -1.625086770153835E-005 -1.655228956766181E-005 -1.630368221782265E-005
 -1.595009747411929E-005 -1.600422888337503E-005 -1.582008966571586E-005
 -1.493045849275245E-005 -1.581239821819436E-005 -1.552633948482154E-005
 -1.648041418209569E-005 -1.608606983409494E-005 -1.504419329649480E-005
 -1.495713534461831E-005 -1.478629747612928E-005 -1.440362470154601E-005
 -1.347498290680878E-005 -1.521170457275910E-005 -1.373735130674193E-005
 -1.444987548404030E-005 -1.370747169603380E-005 -1.306180340874350E-005
 -1.382028213373742E-005 -1.339589426516392E-005 -1.400792034994064E-005
 -1.298789011286083E-005 -1.380625176530142E-005 -1.297205180257890E-005
 -1.383272448434693E-005 -1.277310865422122E-005 -1.302503257877751E-005
 -1.259478374680136E-005 -1.202281010318894E-005 -1.249193635390638E-005
 -1.203417844393530E-005 -1.170640968533731E-005 -1.117821398755964E-005
 -1.222388729407787E-005 -1.047644023497950E-005 -1.067022765801623E-005
 -1.115684866296600E-005 -9.941066172114050E-006 -1.032741334742273E-005
 -9.724542946840992E-006 -9.742102893112102E-006 -1.030794529731691E-005
 -9.042258476888380E-006 -9.386007080507206E-006 -9.444111090902185E-006
 -8.676553329559202E-006 -9.270416957901612E-006 -8.609293874987506E-006
 -8.467011642825622E-006 -9.298879724475136E-006 -7.740475599796281E-006
 -7.354902610791725E-006 -6.958851825788639E-006 -7.581375372660487E-006
 -8.976734697580104E-006 -8.083261594716660E-006 -7.865795102564356E-006
 -8.265957755579079E-006 -7.683624560408442E-006 -7.979101059341689E-006
 -8.013733617575514E-006 -7.136236409680914E-006 -7.344027288391077E-006
 -6.816573324720141E-006 -7.251234424970924E-006 -7.156983667183140E-006
 -6.785223780585093E-006 -7.287223145291942E-006 -7.471347834465726E-006
 -8.106876092584091E-006 -7.394010005848323E-006 -7.230446433535134E-006
 -7.208630468574536E-006 -7.492010575059330E-006 -8.389154314781760E-006
 -6.747391452845821E-006 -7.724607418644795E-006 -6.594700244633557E-006
 -8.088365872484562E-006 -7.804710518297359E-006 -7.072104085093956E-006
 -7.354725475917709E-006 -7.875352400265561E-006 -6.604790029855557E-006
 -6.246501328669893E-006 -6.538997084872287E-006 -6.380234628358780E-006
 -5.923245148851664E-006 -6.020597149125328E-006 -5.455033992632702E-006
 -4.834181992617473E-006 -5.109011443820283E-006 -4.455705483682486E-006
 -5.771239097997784E-006 -5.063459946624234E-006 -4.628563795109300E-006
 -3.640789184919637E-006 -3.620862194393526E-006 -2.525827528639883E-006
 -2.567745026542587E-006 -3.512272425726495E-006 -3.517242482793833E-006
 -2.555725667960751E-006 -3.679950846675056E-006 -2.728298360696852E-006
 -2.272750902608940E-006 -2.974610252948178E-006 -3.339745695641332E-006
 -3.424108138874172E-006 -2.255842022779249E-006 -2.650089654012629E-006
 -2.839377433769577E-006 -3.572138039086427E-006 -2.531885358566195E-006
 -4.469678032973009E-006 -3.897134866539856E-006 -4.024249361929577E-006
 -3.791659861978175E-006 -4.484387357870293E-006 -4.324374855726390E-006
 -4.978850653752394E-006 -4.842430308879335E-006 -5.279347163286249E-006
 -4.679438199606363E-006 -6.968369519327817E-006 -6.413834421887467E-006
 -4.423578309649577E-006 -5.945785447655432E-006 -5.842307763530868E-006
 -5.490579492478667E-006 -5.159481006187662E-006 -5.919578999426649E-006
 -5.514343306649021E-006 -5.110706157205262E-006 -5.608031381430395E-006
 -5.229382341988478E-006 -4.241389999622897E-006 -4.586293039984956E-006
 -4.551014737841575E-006 -3.043350596248729E-006 -2.293034695749427E-006
 -3.067196888845023E-006 -2.727690866259407E-006 -1.887364507824715E-006
 -2.683293026148740E-006 -1.354640404273663E-006 -1.567426538204658E-006
 -2.233101332654742E-006 -2.701337707190631E-007  6.073517878442267E-007
  8.322802950957230E-007 -6.898336622990414E-007  1.605702060728578E-006
  4.363075274121900E-007  2.227708676883807E-007 -1.442112641942665E-007
  3.605650574374643E-008  1.467992376913307E-006  1.506538234923321E-006
  1.134756746255582E-007  7.097562632018390E-007 -8.737996743036594E-007
 -8.903522904302715E-007 -8.584694894452975E-007 -2.090303423159613E-006
 -1.547552463995936E-006 -3.013279481205840E-006 -2.701030637920886E-006
 -3.750463791808247E-006 -4.806436666141801E-006 -4.500984119752240E-006
 -6.204761079723639E-006 -5.947557848544546E-006 -6.657786413093888E-006
 -7.093574487866408E-006 -7.662288738907965E-006 -7.279771948185380E-006
 -7.715026563327020E-006 -9.148147430575995E-006 -8.222377807006258E-006
 -7.534402903312794E-006 -8.343285936131861E-006 -8.510826087101129E-006
 -7.441907302387655E-006 -8.395507836696181E-006 -8.388021870746654E-006
