         13.310229
         13.306280
         13.306580
         13.306874
         13.307152
         13.307425
         13.307688
         13.307941
         13.308182
         13.308408
         13.308620
         13.308815
         13.308996
         13.309162
         13.309316
         13.309456
         13.309584
         13.309703
         13.309810
         13.309908
         13.309999
         13.310081
         13.310158
         13.310228
         13.310293
         13.310351
         13.310406
         13.310455
         13.310500
         13.310541
         13.310578
         13.310611
         13.310642
         13.310668
         13.310691
         13.310712
         13.310732
         13.310748
         13.310762
         13.310773
         13.310782
         13.310789
         13.310793
         13.310797
         13.310798
         13.310797
         13.310792
         13.310789
         13.310783
         13.310778
         13.310770
         13.310761
         13.310751
         13.310741
         13.310731
         13.310722
         13.310711
         13.310701
         13.310692
         13.310684
         13.310677
         13.310670
         13.310662
         13.310657
         13.310655
         13.310650
         13.310646
         13.310644
         13.310643
         13.310642
         13.310641
         13.310641
         13.310644
         13.310648
         13.310652
         13.310655
         13.310658
         13.310661
         13.310659
         13.310657
         13.310652
         13.310649
         13.310648
         13.310644
         13.310638
         13.310632
         13.310625
         13.310618
         13.310612
         13.310607
         13.310602
         13.310597
         13.310593
         13.310588
         13.310580
         13.310570
         13.310558
         13.310547
         13.310539
         13.310530
         13.310523
         13.310517
         13.310510
         13.310504
         13.310497
         13.310491
         13.310486
         13.310479
         13.310472
         13.310466
         13.310461
         13.310456
         13.310449
         13.310443
         13.310438
         13.310433
         13.310429
         13.310427
         13.310423
         13.310419
         13.310416
         13.310415
         13.310410
         13.310405
         13.310402
         13.310404
         13.310404
         13.310405
         13.310408
         13.310409
         13.310408
         13.310407
         13.310406
         13.310405
         13.310405
         13.310404
         13.310404
         13.310405
         13.310406
         13.310407
         13.310408
         13.310409
         13.310411
         13.310413
         13.310415
         13.310416
         13.310418
         13.310419
         13.310419
         13.310419
         13.310419
         13.310417
         13.310414
         13.310412
         13.310407
         13.310405
         13.310402
         13.310400
         13.310397
         13.310393
         13.310389
         13.310383
         13.310377
         13.310372
         13.310365
         13.310359
         13.310352
         13.310344
         13.310338
         13.310332
         13.310326
         13.310322
         13.310315
         13.310311
         13.310305
         13.310302
         13.310298
         13.310295
         13.310292
         13.310292
         13.310289
         13.310287
         13.310286
         13.310283
         13.310281
         13.310280
         13.310282
         13.310284
         13.310287
         13.310289
         13.310293
         13.310295
         13.310299
         13.310302
         13.310307
         13.310311
         13.310315
         13.310320
         13.310323
         13.310327
         13.310331
         13.310335
         13.310338
         13.310337
         13.310334
         13.310332
         13.310330
         13.310330
         13.310330
         13.310330
         13.310330
         13.310329
         13.310328
         13.310323
         13.310319
         13.310311
         13.310304
         13.310294
         13.310283
         13.310271
         13.310258
         13.310246
         13.310231
         13.310217
         13.310204
         13.310193
         13.310185
         13.310182
         13.310185
         13.310191
         13.310200
         13.310210
         13.310219
         13.310229
         13.310237
         13.310244
         13.310250
         13.310255
         13.310260
         13.310262
         13.310264
         13.310264
         13.310265
         13.310266
         13.310267
         13.310270
         13.310274
         13.310279
         13.310284
         13.310287
         13.310289
         13.310288
         13.310288
