          0.611878
          0.612067
          0.612083
          0.612100
          0.612113
          0.612128
          0.612142
          0.612155
          0.612168
          0.612181
          0.612194
          0.612206
          0.612217
          0.612228
          0.612238
          0.612247
          0.612256
          0.612265
          0.612273
          0.612280
          0.612288
          0.612294
          0.612301
          0.612307
          0.612313
          0.612318
          0.612323
          0.612328
          0.612332
          0.612336
          0.612340
          0.612342
          0.612346
          0.612348
          0.612350
          0.612352
          0.612355
          0.612357
          0.612359
          0.612361
          0.612363
          0.612365
          0.612367
          0.612368
          0.612370
          0.612371
          0.612372
          0.612373
          0.612374
          0.612375
          0.612377
          0.612377
          0.612378
          0.612378
          0.612379
          0.612379
          0.612380
          0.612381
          0.612381
          0.612382
          0.612383
          0.612384
          0.612385
          0.612385
          0.612388
          0.612390
          0.612392
          0.612393
          0.612394
          0.612395
          0.612395
          0.612394
          0.612394
          0.612393
          0.612393
          0.612393
          0.612393
          0.612395
          0.612396
          0.612397
          0.612396
          0.612395
          0.612397
          0.612397
          0.612397
          0.612398
          0.612398
          0.612396
          0.612395
          0.612394
          0.612394
          0.612393
          0.612393
          0.612392
          0.612394
          0.612395
          0.612395
          0.612394
          0.612393
          0.612392
          0.612392
          0.612391
          0.612391
          0.612391
          0.612390
          0.612390
          0.612390
          0.612390
          0.612390
          0.612390
          0.612389
          0.612389
          0.612389
          0.612389
          0.612389
          0.612389
          0.612389
          0.612389
          0.612389
          0.612389
          0.612389
          0.612391
          0.612392
          0.612391
          0.612390
          0.612390
          0.612390
          0.612390
          0.612392
          0.612392
          0.612393
          0.612394
          0.612394
          0.612394
          0.612395
          0.612395
          0.612395
          0.612395
          0.612395
          0.612395
          0.612396
          0.612396
          0.612396
          0.612396
          0.612396
          0.612396
          0.612396
          0.612396
          0.612396
          0.612395
          0.612395
          0.612395
          0.612395
          0.612394
          0.612392
          0.612391
          0.612390
          0.612389
          0.612388
          0.612388
          0.612387
          0.612387
          0.612387
          0.612386
          0.612386
          0.612386
          0.612386
          0.612385
          0.612385
          0.612385
          0.612385
          0.612385
          0.612385
          0.612385
          0.612385
          0.612385
          0.612385
          0.612385
          0.612385
          0.612387
          0.612388
          0.612389
          0.612389
          0.612390
          0.612390
          0.612391
          0.612391
          0.612391
          0.612392
          0.612392
          0.612392
          0.612392
          0.612392
          0.612393
          0.612393
          0.612393
          0.612393
          0.612393
          0.612393
          0.612393
          0.612393
          0.612393
          0.612393
          0.612393
          0.612393
          0.612393
          0.612393
          0.612392
          0.612390
          0.612389
          0.612387
          0.612386
          0.612385
          0.612384
          0.612383
          0.612383
          0.612382
          0.612381
          0.612381
          0.612380
          0.612380
          0.612382
          0.612383
          0.612384
          0.612385
          0.612386
          0.612387
          0.612388
          0.612389
          0.612390
          0.612390
          0.612390
          0.612390
          0.612390
          0.612390
          0.612390
          0.612390
          0.612390
          0.612390
          0.612390
          0.612390
          0.612390
          0.612390
          0.612387
          0.612387
          0.612386
          0.612386
          0.612385
          0.612385
          0.612385
          0.612384
          0.612385
