          1.321998
          1.322921
          1.322921
          1.322861
          1.322785
          1.322708
          1.322635
          1.322570
          1.322512
          1.322460
          1.322415
          1.322375
          1.322340
          1.322308
          1.322280
          1.322254
          1.322231
          1.322210
          1.322192
          1.322175
          1.322159
          1.322145
          1.322133
          1.322121
          1.322110
          1.322101
          1.322092
          1.322085
          1.322078
          1.322071
          1.322065
          1.322060
          1.322055
          1.322051
          1.322047
          1.322044
          1.322041
          1.322038
          1.322035
          1.322033
          1.322030
          1.322028
          1.322027
          1.322025
          1.322023
          1.322022
          1.322021
          1.322020
          1.322019
          1.322018
          1.322017
          1.322016
          1.322015
          1.322014
          1.322013
          1.322012
          1.322011
          1.322011
          1.322010
          1.322009
          1.322008
          1.322007
          1.322007
          1.322006
          1.322005
          1.322004
          1.322004
          1.322003
          1.322002
          1.322002
          1.322001
          1.322001
          1.322001
          1.322000
          1.322000
          1.322000
          1.322000
          1.322000
          1.322000
          1.322000
          1.322000
          1.322000
          1.322000
          1.322000
          1.322000
          1.322000
          1.322000
          1.322000
          1.322000
          1.322000
          1.322000
          1.322000
          1.322000
          1.322000
          1.322000
          1.322000
          1.322000
          1.322001
          1.322000
          1.322000
          1.322000
          1.322000
          1.322000
          1.322000
          1.322000
          1.322000
          1.322000
          1.322000
          1.322000
          1.322000
          1.322000
          1.322000
          1.322000
          1.322000
          1.322000
          1.321999
          1.321999
          1.321999
          1.321999
          1.321999
          1.321999
          1.321998
          1.321998
          1.321998
          1.321998
          1.321998
          1.321998
          1.321997
          1.321997
          1.321997
          1.321997
          1.321997
          1.321997
          1.321997
          1.321997
          1.321997
          1.321997
          1.321997
          1.321997
          1.321996
          1.321997
          1.321997
          1.321997
          1.321997
          1.321997
          1.321997
          1.321997
          1.321997
          1.321997
          1.321997
          1.321997
          1.321998
          1.321998
          1.321998
          1.321998
          1.321999
          1.321999
          1.321999
          1.321999
          1.321999
          1.322000
          1.322000
          1.322000
          1.322000
          1.322000
          1.322000
          1.322000
          1.322000
          1.322000
          1.322000
          1.322000
          1.322000
          1.322000
          1.322000
          1.321999
          1.321999
          1.321999
          1.321999
          1.321999
          1.321998
          1.321998
          1.321998
          1.321998
          1.321997
          1.321997
          1.321997
          1.321997
          1.321997
          1.321997
          1.321996
          1.321996
          1.321996
          1.321996
          1.321996
          1.321996
          1.321996
          1.321996
          1.321996
          1.321996
          1.321996
          1.321997
          1.321997
          1.321997
          1.321997
          1.321997
          1.321998
          1.321998
          1.321998
          1.321998
          1.321998
          1.321999
          1.321999
          1.321999
          1.322000
          1.322000
          1.322000
          1.322001
          1.322001
          1.322001
          1.322001
          1.322001
          1.322001
          1.322001
          1.322001
          1.322000
          1.322000
          1.321999
          1.321998
          1.321998
          1.321997
          1.321996
          1.321996
          1.321996
          1.321996
          1.321996
          1.321996
          1.321996
          1.321996
          1.321997
          1.321997
          1.321997
          1.321997
          1.321997
          1.321997
          1.321998
          1.321998
          1.321998
          1.321998
          1.321998
          1.321998
          1.321998
          1.321998
          1.321998
