         -0.002967
         -0.000851
         -0.000817
         -0.000756
         -0.000674
         -0.000595
         -0.000519
         -0.000451
         -0.000391
         -0.000338
         -0.000289
         -0.000249
         -0.000212
         -0.000183
         -0.000152
         -0.000128
         -0.000109
         -0.000087
         -0.000074
         -0.000061
         -0.000047
         -0.000040
         -0.000032
         -0.000023
         -0.000017
         -0.000013
         -0.000007
         -0.000005
          0.000000
          0.000003
          0.000006
          0.000007
          0.000013
          0.000014
          0.000016
          0.000013
          0.000017
          0.000018
          0.000016
          0.000017
          0.000019
          0.000018
          0.000017
          0.000019
          0.000020
          0.000022
          0.000019
          0.000021
          0.000020
          0.000020
          0.000025
          0.000026
          0.000024
          0.000022
          0.000023
          0.000025
          0.000024
          0.000023
          0.000022
          0.000022
          0.000022
          0.000022
          0.000018
          0.000016
          0.000017
          0.000014
          0.000011
          0.000009
          0.000010
          0.000008
          0.000007
          0.000005
          0.000004
          0.000005
          0.000005
          0.000005
          0.000003
          0.000006
          0.000003
          0.000006
          0.000002
          0.000003
          0.000002
          0.000003
          0.000003
          0.000002
          0.000002
          0.000004
          0.000001
          0.000002
          0.000001
          0.000000
          0.000003
          0.000005
          0.000003
          0.000005
          0.000003
          0.000001
          0.000002
          0.000002
          0.000001
          0.000002
          0.000003
          0.000002
          0.000002
          0.000002
          0.000004
          0.000002
          0.000003
          0.000002
          0.000004
          0.000005
          0.000004
          0.000004
          0.000004
          0.000003
          0.000002
          0.000005
          0.000005
          0.000004
          0.000002
          0.000006
          0.000004
          0.000003
         -0.000001
          0.000003
          0.000002
          0.000001
          0.000002
          0.000002
          0.000003
          0.000001
          0.000002
          0.000002
          0.000002
          0.000001
          0.000001
         -0.000001
          0.000000
          0.000000
         -0.000001
         -0.000002
         -0.000003
         -0.000003
         -0.000004
         -0.000004
         -0.000004
         -0.000004
         -0.000004
         -0.000005
         -0.000003
         -0.000003
         -0.000004
         -0.000002
         -0.000003
         -0.000001
         -0.000002
          0.000000
         -0.000001
          0.000001
          0.000002
          0.000001
          0.000001
          0.000002
          0.000002
          0.000003
          0.000004
          0.000002
          0.000003
          0.000003
          0.000001
          0.000006
          0.000003
          0.000006
          0.000003
          0.000005
          0.000004
          0.000005
          0.000003
          0.000004
          0.000002
          0.000002
          0.000005
          0.000002
          0.000002
          0.000001
         -0.000001
          0.000001
          0.000000
          0.000000
          0.000001
         -0.000001
         -0.000000
         -0.000003
         -0.000002
         -0.000002
         -0.000005
         -0.000003
         -0.000006
         -0.000006
         -0.000006
         -0.000006
         -0.000002
         -0.000002
         -0.000004
         -0.000006
         -0.000009
         -0.000010
         -0.000009
         -0.000008
         -0.000008
         -0.000007
         -0.000003
         -0.000003
          0.000001
          0.000001
          0.000005
          0.000007
          0.000011
          0.000012
          0.000015
          0.000015
          0.000016
          0.000015
          0.000013
          0.000011
          0.000004
         -0.000002
         -0.000005
         -0.000009
         -0.000009
         -0.000008
         -0.000009
         -0.000006
         -0.000006
         -0.000004
         -0.000005
         -0.000004
         -0.000001
         -0.000001
          0.000000
         -0.000001
         -0.000001
          0.000001
         -0.000000
         -0.000001
         -0.000002
         -0.000001
          0.000000
          0.000003
          0.000005
          0.000003
