          0.281441
          0.281463
          0.281490
          0.281516
          0.281542
          0.281568
          0.281591
          0.281614
          0.281634
          0.281652
          0.281667
          0.281683
          0.281694
          0.281708
          0.281716
          0.281724
          0.281734
          0.281737
          0.281743
          0.281749
          0.281751
          0.281756
          0.281759
          0.281760
          0.281762
          0.281765
          0.281764
          0.281767
          0.281766
          0.281766
          0.281766
          0.281769
          0.281764
          0.281765
          0.281765
          0.281767
          0.281764
          0.281763
          0.281764
          0.281762
          0.281760
          0.281760
          0.281760
          0.281757
          0.281756
          0.281753
          0.281754
          0.281752
          0.281752
          0.281750
          0.281749
          0.281744
          0.281745
          0.281746
          0.281744
          0.281740
          0.281740
          0.281741
          0.281741
          0.281739
          0.281736
          0.281735
          0.281737
          0.281739
          0.281733
          0.281735
          0.281736
          0.281736
          0.281734
          0.281735
          0.281735
          0.281739
          0.281739
          0.281739
          0.281739
          0.281738
          0.281739
          0.281732
          0.281735
          0.281729
          0.281734
          0.281734
          0.281732
          0.281731
          0.281729
          0.281730
          0.281730
          0.281729
          0.281732
          0.281731
          0.281733
          0.281734
          0.281731
          0.281728
          0.281727
          0.281723
          0.281725
          0.281728
          0.281727
          0.281727
          0.281729
          0.281729
          0.281727
          0.281729
          0.281728
          0.281729
          0.281726
          0.281728
          0.281727
          0.281728
          0.281727
          0.281725
          0.281726
          0.281726
          0.281726
          0.281727
          0.281728
          0.281725
          0.281725
          0.281726
          0.281728
          0.281722
          0.281722
          0.281724
          0.281730
          0.281725
          0.281728
          0.281729
          0.281726
          0.281725
          0.281723
          0.281725
          0.281724
          0.281724
          0.281723
          0.281724
          0.281724
          0.281726
          0.281724
          0.281724
          0.281725
          0.281725
          0.281727
          0.281726
          0.281727
          0.281727
          0.281727
          0.281727
          0.281727
          0.281728
          0.281726
          0.281726
          0.281727
          0.281725
          0.281728
          0.281728
          0.281729
          0.281728
          0.281729
          0.281727
          0.281726
          0.281727
          0.281727
          0.281726
          0.281726
          0.281724
          0.281724
          0.281725
          0.281725
          0.281724
          0.281727
          0.281721
          0.281724
          0.281722
          0.281725
          0.281723
          0.281723
          0.281723
          0.281724
          0.281721
          0.281723
          0.281722
          0.281718
          0.281720
          0.281721
          0.281723
          0.281724
          0.281723
          0.281723
          0.281723
          0.281722
          0.281724
          0.281723
          0.281725
          0.281725
          0.281723
          0.281726
          0.281724
          0.281726
          0.281727
          0.281727
          0.281728
          0.281722
          0.281722
          0.281723
          0.281724
          0.281728
          0.281728
          0.281729
          0.281731
          0.281731
          0.281732
          0.281729
          0.281731
          0.281726
          0.281728
          0.281725
          0.281723
          0.281719
          0.281719
          0.281716
          0.281713
          0.281710
          0.281710
          0.281710
          0.281710
          0.281716
          0.281721
          0.281724
          0.281728
          0.281728
          0.281728
          0.281730
          0.281727
          0.281728
          0.281726
          0.281727
          0.281728
          0.281724
          0.281725
          0.281723
          0.281724
          0.281725
          0.281724
          0.281727
          0.281729
          0.281731
          0.281729
          0.281729
          0.281725
          0.281723
          0.281725
