          0.133522
          0.133390
          0.133271
          0.133164
          0.133067
          0.132980
          0.132902
          0.132832
          0.132769
          0.132712
          0.132661
          0.132615
          0.132573
          0.132536
          0.132502
          0.132472
          0.132445
          0.132420
          0.132398
          0.132378
          0.132361
          0.132344
          0.132330
          0.132317
          0.132305
          0.132295
          0.132285
          0.132277
          0.132269
          0.132262
          0.132256
          0.132250
          0.132245
          0.132241
          0.132237
          0.132233
          0.132230
          0.132227
          0.132224
          0.132221
          0.132219
          0.132217
          0.132216
          0.132214
          0.132213
          0.132211
          0.132210
          0.132209
          0.132208
          0.132207
          0.132207
          0.132206
          0.132205
          0.132205
          0.132204
          0.132204
          0.132203
          0.132203
          0.132203
          0.132202
          0.132202
          0.132202
          0.132202
          0.132202
          0.132201
          0.132201
          0.132201
          0.132201
          0.132201
          0.132201
          0.132201
          0.132201
          0.132200
          0.132200
          0.132200
          0.132200
          0.132200
          0.132200
          0.132200
          0.132200
          0.132200
          0.132200
          0.132200
          0.132200
          0.132200
          0.132200
          0.132200
          0.132200
          0.132200
          0.132200
          0.132200
          0.132200
          0.132200
          0.132200
          0.132200
          0.132200
          0.132200
          0.132200
          0.132200
          0.132200
          0.132200
          0.132200
          0.132200
          0.132200
          0.132200
          0.132200
          0.132200
          0.132200
          0.132200
          0.132200
          0.132200
          0.132200
          0.132200
          0.132200
          0.132200
          0.132200
          0.132200
          0.132200
          0.132200
          0.132200
          0.132200
          0.132200
          0.132200
          0.132200
          0.132200
          0.132200
          0.132200
          0.132200
          0.132200
          0.132200
          0.132200
          0.132200
          0.132200
          0.132200
          0.132200
          0.132200
          0.132200
          0.132200
          0.132200
          0.132200
          0.132200
          0.132200
          0.132200
          0.132200
          0.132200
          0.132200
          0.132200
          0.132200
          0.132200
          0.132200
          0.132200
          0.132200
          0.132200
          0.132200
          0.132200
          0.132200
          0.132200
          0.132200
          0.132200
          0.132200
          0.132200
          0.132200
          0.132200
          0.132200
          0.132200
          0.132200
          0.132200
          0.132200
          0.132200
          0.132200
          0.132200
          0.132200
          0.132200
          0.132200
          0.132200
          0.132200
          0.132200
          0.132200
          0.132200
          0.132200
          0.132200
          0.132200
          0.132200
          0.132200
          0.132200
          0.132200
          0.132200
          0.132200
          0.132200
          0.132200
          0.132200
          0.132200
          0.132200
          0.132200
          0.132200
          0.132200
          0.132200
          0.132200
          0.132200
          0.132200
          0.132200
          0.132200
          0.132200
          0.132200
          0.132200
          0.132200
          0.132200
          0.132200
          0.132200
          0.132200
          0.132200
          0.132200
          0.132200
          0.132200
          0.132200
          0.132200
          0.132200
          0.132200
          0.132200
          0.132200
          0.132200
          0.132200
          0.132200
          0.132200
          0.132200
          0.132200
          0.132200
          0.132200
          0.132200
          0.132200
          0.132200
          0.132200
          0.132200
          0.132200
          0.132200
          0.132200
          0.132200
          0.132200
          0.132200
          0.132200
          0.132200
          0.132200
          0.132200
          0.132200
          0.132200
          0.132200
          0.132200
          0.132200
          0.132200
          0.132200
          0.132200
          0.132200
