          0.008637
          0.008873
          0.008862
          0.008845
          0.008828
          0.008810
          0.008792
          0.008776
          0.008760
          0.008746
          0.008732
          0.008720
          0.008710
          0.008700
          0.008691
          0.008684
          0.008677
          0.008671
          0.008665
          0.008661
          0.008657
          0.008653
          0.008650
          0.008647
          0.008644
          0.008642
          0.008640
          0.008638
          0.008637
          0.008635
          0.008634
          0.008633
          0.008632
          0.008631
          0.008630
          0.008630
          0.008629
          0.008629
          0.008628
          0.008628
          0.008628
          0.008627
          0.008627
          0.008627
          0.008627
          0.008627
          0.008627
          0.008627
          0.008627
          0.008627
          0.008628
          0.008628
          0.008628
          0.008628
          0.008629
          0.008629
          0.008630
          0.008630
          0.008631
          0.008631
          0.008632
          0.008632
          0.008633
          0.008633
          0.008633
          0.008634
          0.008634
          0.008634
          0.008635
          0.008635
          0.008635
          0.008635
          0.008635
          0.008635
          0.008635
          0.008635
          0.008635
          0.008635
          0.008635
          0.008635
          0.008635
          0.008635
          0.008635
          0.008635
          0.008635
          0.008635
          0.008635
          0.008634
          0.008634
          0.008634
          0.008634
          0.008634
          0.008634
          0.008634
          0.008634
          0.008634
          0.008634
          0.008634
          0.008635
          0.008635
          0.008635
          0.008635
          0.008635
          0.008635
          0.008635
          0.008635
          0.008635
          0.008635
          0.008635
          0.008635
          0.008635
          0.008635
          0.008636
          0.008636
          0.008636
          0.008636
          0.008636
          0.008636
          0.008636
          0.008637
          0.008637
          0.008637
          0.008637
          0.008637
          0.008637
          0.008638
          0.008638
          0.008638
          0.008638
          0.008638
          0.008638
          0.008638
          0.008638
          0.008638
          0.008638
          0.008638
          0.008638
          0.008638
          0.008638
          0.008638
          0.008638
          0.008638
          0.008638
          0.008638
          0.008638
          0.008637
          0.008637
          0.008637
          0.008637
          0.008637
          0.008636
          0.008636
          0.008636
          0.008636
          0.008636
          0.008636
          0.008635
          0.008635
          0.008635
          0.008635
          0.008635
          0.008635
          0.008635
          0.008635
          0.008635
          0.008635
          0.008635
          0.008635
          0.008636
          0.008636
          0.008636
          0.008636
          0.008636
          0.008636
          0.008637
          0.008637
          0.008637
          0.008637
          0.008637
          0.008638
          0.008638
          0.008638
          0.008638
          0.008638
          0.008638
          0.008638
          0.008639
          0.008639
          0.008639
          0.008639
          0.008639
          0.008639
          0.008639
          0.008639
          0.008639
          0.008638
          0.008638
          0.008638
          0.008638
          0.008638
          0.008638
          0.008637
          0.008637
          0.008637
          0.008637
          0.008636
          0.008636
          0.008636
          0.008636
          0.008635
          0.008635
          0.008635
          0.008635
          0.008635
          0.008634
          0.008634
          0.008634
          0.008635
          0.008635
          0.008635
          0.008635
          0.008636
          0.008636
          0.008637
          0.008637
          0.008638
          0.008638
          0.008639
          0.008639
          0.008639
          0.008639
          0.008639
          0.008639
          0.008639
          0.008639
          0.008638
          0.008638
          0.008638
          0.008638
          0.008638
          0.008638
          0.008638
          0.008637
          0.008637
          0.008637
          0.008637
          0.008637
          0.008637
          0.008637
          0.008637
          0.008637
          0.008637
