         11.988232
         11.987949
         11.987695
         11.987475
         11.987285
         11.987127
         11.986997
         11.986894
         11.986816
         11.986760
         11.986723
         11.986702
         11.986698
         11.986705
         11.986725
         11.986753
         11.986788
         11.986832
         11.986879
         11.986930
         11.986986
         11.987043
         11.987103
         11.987165
         11.987227
         11.987289
         11.987353
         11.987414
         11.987477
         11.987538
         11.987596
         11.987654
         11.987714
         11.987766
         11.987819
         11.987870
         11.987923
         11.987971
         11.988017
         11.988062
         11.988104
         11.988144
         11.988183
         11.988220
         11.988254
         11.988286
         11.988314
         11.988343
         11.988368
         11.988394
         11.988416
         11.988437
         11.988453
         11.988470
         11.988487
         11.988502
         11.988512
         11.988523
         11.988533
         11.988543
         11.988551
         11.988556
         11.988560
         11.988566
         11.988574
         11.988575
         11.988578
         11.988582
         11.988587
         11.988589
         11.988591
         11.988594
         11.988601
         11.988608
         11.988614
         11.988621
         11.988626
         11.988633
         11.988632
         11.988634
         11.988630
         11.988632
         11.988633
         11.988633
         11.988631
         11.988627
         11.988625
         11.988622
         11.988618
         11.988618
         11.988617
         11.988617
         11.988618
         11.988617
         11.988612
         11.988607
         11.988598
         11.988591
         11.988587
         11.988582
         11.988578
         11.988575
         11.988572
         11.988568
         11.988565
         11.988563
         11.988560
         11.988555
         11.988552
         11.988548
         11.988546
         11.988542
         11.988537
         11.988532
         11.988528
         11.988524
         11.988521
         11.988519
         11.988514
         11.988509
         11.988504
         11.988503
         11.988495
         11.988488
         11.988483
         11.988483
         11.988479
         11.988477
         11.988477
         11.988474
         11.988470
         11.988464
         11.988460
         11.988455
         11.988450
         11.988445
         11.988441
         11.988437
         11.988434
         11.988430
         11.988426
         11.988424
         11.988421
         11.988420
         11.988418
         11.988417
         11.988416
         11.988415
         11.988414
         11.988413
         11.988414
         11.988412
         11.988410
         11.988409
         11.988407
         11.988407
         11.988408
         11.988409
         11.988410
         11.988411
         11.988410
         11.988409
         11.988408
         11.988407
         11.988405
         11.988403
         11.988400
         11.988396
         11.988393
         11.988391
         11.988388
         11.988387
         11.988382
         11.988379
         11.988374
         11.988372
         11.988368
         11.988365
         11.988361
         11.988359
         11.988353
         11.988350
         11.988345
         11.988338
         11.988332
         11.988328
         11.988324
         11.988323
         11.988320
         11.988318
         11.988316
         11.988312
         11.988311
         11.988308
         11.988308
         11.988308
         11.988306
         11.988307
         11.988305
         11.988307
         11.988308
         11.988310
         11.988312
         11.988309
         11.988306
         11.988304
         11.988303
         11.988306
         11.988309
         11.988313
         11.988319
         11.988325
         11.988331
         11.988334
         11.988339
         11.988339
         11.988341
         11.988340
         11.988337
         11.988331
         11.988324
         11.988314
         11.988302
         11.988287
         11.988272
         11.988258
         11.988244
         11.988236
         11.988233
         11.988234
         11.988238
         11.988242
         11.988246
         11.988252
         11.988256
         11.988260
         11.988262
         11.988265
         11.988268
         11.988268
         11.988269
         11.988268
         11.988268
         11.988269
         11.988269
         11.988271
         11.988276
         11.988283
         11.988287
         11.988291
         11.988292
         11.988290
         11.988290
