          0.424847
          0.424890
          0.424858
          0.424830
          0.424805
          0.424785
          0.424767
          0.424752
          0.424739
          0.424727
          0.424716
          0.424708
          0.424699
          0.424693
          0.424685
          0.424678
          0.424673
          0.424666
          0.424662
          0.424657
          0.424652
          0.424649
          0.424646
          0.424642
          0.424639
          0.424636
          0.424633
          0.424631
          0.424628
          0.424625
          0.424623
          0.424622
          0.424618
          0.424616
          0.424614
          0.424614
          0.424611
          0.424609
          0.424608
          0.424606
          0.424605
          0.424604
          0.424603
          0.424601
          0.424599
          0.424597
          0.424598
          0.424596
          0.424596
          0.424594
          0.424593
          0.424591
          0.424591
          0.424591
          0.424590
          0.424588
          0.424588
          0.424588
          0.424588
          0.424587
          0.424586
          0.424585
          0.424587
          0.424588
          0.424586
          0.424588
          0.424589
          0.424590
          0.424589
          0.424590
          0.424590
          0.424591
          0.424591
          0.424591
          0.424590
          0.424589
          0.424590
          0.424587
          0.424589
          0.424586
          0.424588
          0.424588
          0.424588
          0.424588
          0.424587
          0.424588
          0.424588
          0.424587
          0.424588
          0.424588
          0.424588
          0.424588
          0.424586
          0.424584
          0.424585
          0.424584
          0.424585
          0.424586
          0.424586
          0.424586
          0.424586
          0.424586
          0.424585
          0.424585
          0.424585
          0.424585
          0.424583
          0.424585
          0.424584
          0.424585
          0.424584
          0.424583
          0.424583
          0.424583
          0.424583
          0.424584
          0.424584
          0.424583
          0.424582
          0.424583
          0.424584
          0.424582
          0.424583
          0.424583
          0.424586
          0.424584
          0.424585
          0.424585
          0.424585
          0.424584
          0.424584
          0.424585
          0.424585
          0.424585
          0.424586
          0.424586
          0.424586
          0.424588
          0.424587
          0.424587
          0.424588
          0.424588
          0.424589
          0.424589
          0.424589
          0.424590
          0.424589
          0.424589
          0.424589
          0.424590
          0.424589
          0.424589
          0.424589
          0.424588
          0.424589
          0.424588
          0.424588
          0.424587
          0.424587
          0.424586
          0.424585
          0.424585
          0.424585
          0.424584
          0.424584
          0.424583
          0.424583
          0.424583
          0.424583
          0.424583
          0.424584
          0.424581
          0.424583
          0.424581
          0.424583
          0.424582
          0.424582
          0.424582
          0.424583
          0.424582
          0.424584
          0.424584
          0.424583
          0.424584
          0.424585
          0.424586
          0.424587
          0.424586
          0.424587
          0.424587
          0.424587
          0.424588
          0.424587
          0.424589
          0.424588
          0.424588
          0.424590
          0.424589
          0.424590
          0.424590
          0.424590
          0.424590
          0.424587
          0.424588
          0.424588
          0.424589
          0.424591
          0.424592
          0.424591
          0.424591
          0.424590
          0.424589
          0.424587
          0.424587
          0.424584
          0.424585
          0.424582
          0.424581
          0.424579
          0.424579
          0.424577
          0.424577
          0.424577
          0.424577
          0.424578
          0.424580
          0.424584
          0.424587
          0.424589
          0.424592
          0.424592
          0.424591
          0.424592
          0.424590
          0.424590
          0.424589
          0.424590
          0.424589
          0.424588
          0.424587
          0.424587
          0.424588
          0.424588
          0.424586
          0.424587
          0.424588
          0.424588
          0.424587
          0.424586
          0.424584
          0.424583
          0.424584
