          0.684602
          0.684379
          0.683915
          0.683572
          0.683272
          0.683016
          0.682785
          0.682579
          0.682395
          0.682228
          0.682073
          0.681943
          0.681821
          0.681720
          0.681620
          0.681533
          0.681468
          0.681401
          0.681352
          0.681308
          0.681264
          0.681232
          0.681202
          0.681173
          0.681148
          0.681130
          0.681108
          0.681095
          0.681077
          0.681063
          0.681052
          0.681043
          0.681026
          0.681017
          0.681009
          0.681008
          0.680997
          0.680992
          0.680990
          0.680987
          0.680983
          0.680982
          0.680981
          0.680976
          0.680974
          0.680969
          0.680972
          0.680969
          0.680970
          0.680969
          0.680961
          0.680961
          0.680963
          0.680965
          0.680965
          0.680964
          0.680965
          0.680967
          0.680969
          0.680969
          0.680969
          0.680970
          0.680974
          0.680977
          0.680976
          0.680980
          0.680983
          0.680985
          0.680985
          0.680986
          0.680988
          0.680990
          0.680991
          0.680990
          0.680991
          0.680990
          0.680992
          0.680989
          0.680991
          0.680989
          0.680991
          0.680991
          0.680991
          0.680990
          0.680989
          0.680990
          0.680990
          0.680988
          0.680990
          0.680989
          0.680989
          0.680990
          0.680988
          0.680985
          0.680986
          0.680984
          0.680986
          0.680987
          0.680986
          0.680986
          0.680987
          0.680986
          0.680985
          0.680986
          0.680986
          0.680986
          0.680984
          0.680986
          0.680985
          0.680986
          0.680985
          0.680984
          0.680984
          0.680985
          0.680985
          0.680986
          0.680987
          0.680985
          0.680985
          0.680986
          0.680988
          0.680985
          0.680986
          0.680987
          0.680991
          0.680988
          0.680990
          0.680991
          0.680990
          0.680990
          0.680990
          0.680991
          0.680991
          0.680991
          0.680991
          0.680992
          0.680992
          0.680994
          0.680992
          0.680993
          0.680994
          0.680994
          0.680995
          0.680995
          0.680995
          0.680995
          0.680995
          0.680995
          0.680994
          0.680995
          0.680993
          0.680992
          0.680993
          0.680990
          0.680991
          0.680989
          0.680989
          0.680987
          0.680988
          0.680986
          0.680985
          0.680985
          0.680985
          0.680984
          0.680984
          0.680982
          0.680982
          0.680983
          0.680983
          0.680983
          0.680984
          0.680981
          0.680983
          0.680981
          0.680984
          0.680983
          0.680983
          0.680983
          0.680985
          0.680984
          0.680987
          0.680987
          0.680985
          0.680987
          0.680988
          0.680990
          0.680991
          0.680990
          0.680991
          0.680991
          0.680990
          0.680992
          0.680992
          0.680994
          0.680993
          0.680993
          0.680995
          0.680994
          0.680995
          0.680996
          0.680995
          0.680995
          0.680991
          0.680991
          0.680991
          0.680992
          0.680995
          0.680995
          0.680993
          0.680993
          0.680992
          0.680991
          0.680987
          0.680987
          0.680983
          0.680983
          0.680979
          0.680977
          0.680974
          0.680973
          0.680971
          0.680971
          0.680970
          0.680971
          0.680973
          0.680976
          0.680982
          0.680988
          0.680991
          0.680996
          0.680996
          0.680996
          0.680998
          0.680996
          0.680995
          0.680994
          0.680994
          0.680994
          0.680991
          0.680990
          0.680989
          0.680990
          0.680990
          0.680988
          0.680989
          0.680990
          0.680991
          0.680990
          0.680989
          0.680986
          0.680984
          0.680986
