          0.999617
          0.999663
          0.999711
          0.999757
          0.999799
          0.999838
          0.999873
          0.999904
          0.999932
          0.999957
          0.999978
          0.999997
          1.000012
          1.000026
          1.000037
          1.000047
          1.000055
          1.000062
          1.000067
          1.000071
          1.000075
          1.000077
          1.000079
          1.000080
          1.000080
          1.000080
          1.000080
          1.000079
          1.000078
          1.000076
          1.000075
          1.000073
          1.000071
          1.000069
          1.000067
          1.000064
          1.000062
          1.000059
          1.000057
          1.000054
          1.000051
          1.000049
          1.000046
          1.000043
          1.000041
          1.000038
          1.000036
          1.000033
          1.000031
          1.000028
          1.000026
          1.000024
          1.000021
          1.000019
          1.000017
          1.000016
          1.000014
          1.000012
          1.000011
          1.000010
          1.000009
          1.000008
          1.000007
          1.000006
          1.000006
          1.000005
          1.000005
          1.000005
          1.000004
          1.000004
          1.000004
          1.000004
          1.000003
          1.000003
          1.000003
          1.000003
          1.000002
          1.000002
          1.000002
          1.000002
          1.000001
          1.000001
          1.000001
          1.000001
          1.000000
          1.000000
          1.000000
          0.999999
          0.999999
          0.999999
          0.999998
          0.999998
          0.999998
          0.999997
          0.999997
          0.999997
          0.999996
          0.999996
          0.999996
          0.999995
          0.999995
          0.999995
          0.999995
          0.999994
          0.999994
          0.999994
          0.999994
          0.999993
          0.999993
          0.999993
          0.999993
          0.999993
          0.999993
          0.999993
          0.999992
          0.999992
          0.999992
          0.999993
          0.999993
          0.999993
          0.999993
          0.999993
          0.999993
          0.999993
          0.999994
          0.999994
          0.999994
          0.999994
          0.999995
          0.999995
          0.999995
          0.999996
          0.999996
          0.999996
          0.999997
          0.999997
          0.999998
          0.999998
          0.999998
          0.999999
          0.999999
          0.999999
          1.000000
          1.000000
          1.000000
          1.000000
          1.000001
          1.000001
          1.000001
          1.000001
          1.000001
          1.000001
          1.000000
          1.000000
          1.000000
          1.000000
          0.999999
          0.999999
          0.999999
          0.999998
          0.999998
          0.999997
          0.999997
          0.999997
          0.999996
          0.999996
          0.999996
          0.999995
          0.999995
          0.999995
          0.999995
          0.999995
          0.999994
          0.999994
          0.999994
          0.999994
          0.999994
          0.999994
          0.999995
          0.999995
          0.999995
          0.999995
          0.999996
          0.999996
          0.999996
          0.999997
          0.999997
          0.999998
          0.999998
          0.999998
          0.999999
          0.999999
          1.000000
          1.000000
          1.000001
          1.000001
          1.000001
          1.000002
          1.000002
          1.000002
          1.000002
          1.000002
          1.000003
          1.000003
          1.000003
          1.000002
          1.000002
          1.000002
          1.000002
          1.000001
          1.000000
          1.000000
          0.999999
          0.999998
          0.999998
          0.999997
          0.999996
          0.999995
          0.999995
          0.999994
          0.999994
          0.999994
          0.999994
          0.999994
          0.999995
          0.999995
          0.999996
          0.999996
          0.999997
          0.999997
          0.999998
          0.999998
          0.999998
          0.999999
          0.999999
          0.999999
          0.999999
          1.000000
          1.000000
          1.000000
          1.000000
          1.000000
          1.000000
          1.000000
          1.000000
          1.000000
          1.000000
          1.000000
          1.000000
          1.000000
          1.000000
          1.000000
