          0.250890
          0.252011
          0.251951
          0.251854
          0.251751
          0.251650
          0.251556
          0.251470
          0.251391
          0.251321
          0.251257
          0.251200
          0.251149
          0.251103
          0.251061
          0.251024
          0.250990
          0.250960
          0.250934
          0.250910
          0.250888
          0.250868
          0.250851
          0.250835
          0.250821
          0.250808
          0.250797
          0.250787
          0.250777
          0.250769
          0.250761
          0.250755
          0.250749
          0.250743
          0.250738
          0.250734
          0.250730
          0.250727
          0.250724
          0.250721
          0.250718
          0.250716
          0.250714
          0.250712
          0.250710
          0.250709
          0.250707
          0.250706
          0.250705
          0.250704
          0.250704
          0.250703
          0.250702
          0.250702
          0.250702
          0.250701
          0.250701
          0.250701
          0.250701
          0.250701
          0.250701
          0.250700
          0.250701
          0.250701
          0.250701
          0.250700
          0.250701
          0.250701
          0.250701
          0.250701
          0.250701
          0.250701
          0.250701
          0.250700
          0.250700
          0.250700
          0.250699
          0.250699
          0.250699
          0.250699
          0.250699
          0.250699
          0.250699
          0.250699
          0.250699
          0.250699
          0.250699
          0.250699
          0.250699
          0.250700
          0.250700
          0.250699
          0.250699
          0.250699
          0.250699
          0.250699
          0.250699
          0.250700
          0.250700
          0.250700
          0.250700
          0.250700
          0.250700
          0.250700
          0.250700
          0.250700
          0.250700
          0.250700
          0.250700
          0.250700
          0.250700
          0.250700
          0.250700
          0.250700
          0.250700
          0.250700
          0.250700
          0.250700
          0.250700
          0.250700
          0.250700
          0.250700
          0.250700
          0.250700
          0.250700
          0.250700
          0.250700
          0.250700
          0.250700
          0.250699
          0.250699
          0.250699
          0.250700
          0.250700
          0.250700
          0.250700
          0.250700
          0.250700
          0.250700
          0.250700
          0.250700
          0.250700
          0.250700
          0.250700
          0.250700
          0.250700
          0.250700
          0.250700
          0.250700
          0.250700
          0.250700
          0.250700
          0.250700
          0.250700
          0.250700
          0.250700
          0.250700
          0.250700
          0.250700
          0.250700
          0.250699
          0.250699
          0.250699
          0.250699
          0.250699
          0.250699
          0.250699
          0.250699
          0.250700
          0.250700
          0.250700
          0.250700
          0.250700
          0.250700
          0.250700
          0.250700
          0.250700
          0.250700
          0.250700
          0.250700
          0.250700
          0.250700
          0.250700
          0.250700
          0.250700
          0.250701
          0.250701
          0.250701
          0.250701
          0.250701
          0.250701
          0.250701
          0.250701
          0.250701
          0.250701
          0.250701
          0.250701
          0.250701
          0.250701
          0.250701
          0.250701
          0.250701
          0.250701
          0.250700
          0.250700
          0.250701
          0.250701
          0.250701
          0.250701
          0.250700
          0.250700
          0.250700
          0.250699
          0.250699
          0.250699
          0.250698
          0.250698
          0.250698
          0.250698
          0.250698
          0.250699
          0.250699
          0.250699
          0.250700
          0.250701
          0.250701
          0.250702
          0.250703
          0.250703
          0.250703
          0.250703
          0.250702
          0.250702
          0.250702
          0.250701
          0.250701
          0.250701
          0.250700
          0.250700
          0.250700
          0.250700
          0.250700
          0.250700
          0.250700
          0.250700
          0.250700
          0.250700
          0.250700
          0.250700
          0.250699
          0.250699
          0.250699
