          0.039507
          0.040627
          0.040626
          0.040605
          0.040580
          0.040552
          0.040523
          0.040494
          0.040467
          0.040442
          0.040418
          0.040396
          0.040377
          0.040359
          0.040343
          0.040329
          0.040316
          0.040305
          0.040295
          0.040286
          0.040279
          0.040272
          0.040266
          0.040261
          0.040256
          0.040252
          0.040248
          0.040245
          0.040242
          0.040239
          0.040237
          0.040235
          0.040233
          0.040232
          0.040230
          0.040229
          0.040228
          0.040227
          0.040227
          0.040226
          0.040225
          0.040225
          0.040225
          0.040224
          0.040224
          0.040224
          0.040223
          0.040224
          0.040223
          0.040224
          0.040224
          0.040224
          0.040224
          0.040225
          0.040225
          0.040226
          0.040226
          0.040227
          0.040228
          0.040228
          0.040229
          0.040230
          0.040230
          0.040231
          0.040232
          0.040233
          0.040233
          0.040234
          0.040235
          0.040235
          0.040235
          0.040236
          0.040236
          0.040236
          0.040236
          0.040236
          0.040236
          0.040236
          0.040236
          0.040236
          0.040235
          0.040236
          0.040236
          0.040235
          0.040235
          0.040235
          0.040235
          0.040235
          0.040235
          0.040235
          0.040235
          0.040235
          0.040235
          0.040234
          0.040234
          0.040234
          0.040234
          0.040234
          0.040235
          0.040234
          0.040235
          0.040235
          0.040235
          0.040235
          0.040235
          0.040235
          0.040235
          0.040235
          0.040235
          0.040235
          0.040235
          0.040235
          0.040236
          0.040236
          0.040236
          0.040236
          0.040237
          0.040237
          0.040237
          0.040237
          0.040237
          0.040238
          0.040238
          0.040238
          0.040238
          0.040239
          0.040239
          0.040239
          0.040239
          0.040239
          0.040239
          0.040239
          0.040240
          0.040240
          0.040240
          0.040240
          0.040240
          0.040240
          0.040240
          0.040240
          0.040240
          0.040240
          0.040240
          0.040240
          0.040239
          0.040239
          0.040239
          0.040239
          0.040238
          0.040238
          0.040238
          0.040237
          0.040237
          0.040237
          0.040236
          0.040236
          0.040236
          0.040236
          0.040235
          0.040235
          0.040235
          0.040235
          0.040235
          0.040235
          0.040235
          0.040235
          0.040235
          0.040235
          0.040235
          0.040235
          0.040236
          0.040236
          0.040236
          0.040236
          0.040236
          0.040237
          0.040237
          0.040237
          0.040238
          0.040238
          0.040238
          0.040239
          0.040239
          0.040239
          0.040239
          0.040240
          0.040240
          0.040240
          0.040240
          0.040240
          0.040240
          0.040240
          0.040240
          0.040240
          0.040240
          0.040240
          0.040240
          0.040240
          0.040240
          0.040240
          0.040240
          0.040239
          0.040239
          0.040238
          0.040238
          0.040238
          0.040237
          0.040237
          0.040237
          0.040236
          0.040236
          0.040235
          0.040235
          0.040234
          0.040234
          0.040234
          0.040234
          0.040233
          0.040233
          0.040233
          0.040234
          0.040234
          0.040235
          0.040235
          0.040236
          0.040237
          0.040238
          0.040240
          0.040240
          0.040241
          0.040241
          0.040241
          0.040241
          0.040241
          0.040241
          0.040240
          0.040240
          0.040240
          0.040239
          0.040239
          0.040239
          0.040239
          0.040239
          0.040239
          0.040238
          0.040238
          0.040238
          0.040238
          0.040238
          0.040238
          0.040238
          0.040238
