          0.211383
          0.211384
          0.211325
          0.211249
          0.211171
          0.211099
          0.211033
          0.210975
          0.210924
          0.210879
          0.210839
          0.210804
          0.210772
          0.210744
          0.210718
          0.210695
          0.210674
          0.210655
          0.210639
          0.210623
          0.210609
          0.210597
          0.210585
          0.210575
          0.210565
          0.210557
          0.210549
          0.210542
          0.210535
          0.210530
          0.210524
          0.210520
          0.210515
          0.210512
          0.210508
          0.210505
          0.210502
          0.210499
          0.210497
          0.210495
          0.210493
          0.210491
          0.210489
          0.210488
          0.210486
          0.210485
          0.210484
          0.210482
          0.210482
          0.210481
          0.210480
          0.210479
          0.210478
          0.210477
          0.210476
          0.210475
          0.210475
          0.210474
          0.210473
          0.210472
          0.210472
          0.210471
          0.210470
          0.210469
          0.210468
          0.210468
          0.210467
          0.210467
          0.210466
          0.210466
          0.210465
          0.210465
          0.210465
          0.210464
          0.210464
          0.210464
          0.210463
          0.210463
          0.210463
          0.210463
          0.210464
          0.210464
          0.210464
          0.210464
          0.210464
          0.210464
          0.210464
          0.210464
          0.210465
          0.210465
          0.210465
          0.210465
          0.210465
          0.210465
          0.210465
          0.210465
          0.210465
          0.210465
          0.210466
          0.210466
          0.210466
          0.210465
          0.210465
          0.210465
          0.210465
          0.210465
          0.210465
          0.210465
          0.210465
          0.210465
          0.210464
          0.210464
          0.210464
          0.210464
          0.210464
          0.210464
          0.210463
          0.210463
          0.210463
          0.210463
          0.210462
          0.210462
          0.210462
          0.210462
          0.210462
          0.210461
          0.210461
          0.210461
          0.210461
          0.210460
          0.210460
          0.210460
          0.210460
          0.210460
          0.210460
          0.210460
          0.210460
          0.210460
          0.210460
          0.210460
          0.210460
          0.210461
          0.210461
          0.210461
          0.210461
          0.210461
          0.210461
          0.210462
          0.210462
          0.210462
          0.210462
          0.210463
          0.210463
          0.210463
          0.210464
          0.210464
          0.210464
          0.210464
          0.210464
          0.210464
          0.210464
          0.210464
          0.210464
          0.210464
          0.210464
          0.210464
          0.210464
          0.210464
          0.210464
          0.210464
          0.210464
          0.210464
          0.210464
          0.210463
          0.210463
          0.210463
          0.210463
          0.210462
          0.210462
          0.210462
          0.210462
          0.210462
          0.210461
          0.210461
          0.210461
          0.210461
          0.210461
          0.210461
          0.210461
          0.210461
          0.210461
          0.210461
          0.210461
          0.210461
          0.210461
          0.210461
          0.210461
          0.210461
          0.210461
          0.210461
          0.210461
          0.210461
          0.210462
          0.210462
          0.210463
          0.210463
          0.210463
          0.210464
          0.210464
          0.210464
          0.210464
          0.210464
          0.210464
          0.210464
          0.210465
          0.210465
          0.210465
          0.210465
          0.210465
          0.210465
          0.210465
          0.210465
          0.210465
          0.210465
          0.210464
          0.210464
          0.210464
          0.210463
          0.210463
          0.210462
          0.210462
          0.210461
          0.210461
          0.210460
          0.210460
          0.210460
          0.210461
          0.210461
          0.210461
          0.210461
          0.210461
          0.210462
          0.210462
          0.210462
          0.210462
          0.210462
          0.210462
          0.210462
          0.210461
          0.210461
          0.210461
          0.210461
