          1.761578
          1.761696
          1.761767
          1.761801
          1.761806
          1.761790
          1.761762
          1.761727
          1.761689
          1.761650
          1.761614
          1.761579
          1.761547
          1.761519
          1.761494
          1.761472
          1.761453
          1.761438
          1.761424
          1.761413
          1.761404
          1.761397
          1.761392
          1.761388
          1.761384
          1.761383
          1.761382
          1.761381
          1.761381
          1.761381
          1.761382
          1.761383
          1.761384
          1.761386
          1.761388
          1.761389
          1.761392
          1.761394
          1.761396
          1.761399
          1.761401
          1.761403
          1.761405
          1.761407
          1.761408
          1.761410
          1.761411
          1.761412
          1.761413
          1.761415
          1.761416
          1.761416
          1.761416
          1.761418
          1.761419
          1.761420
          1.761421
          1.761422
          1.761423
          1.761425
          1.761426
          1.761427
          1.761428
          1.761430
          1.761432
          1.761434
          1.761436
          1.761436
          1.761437
          1.761439
          1.761440
          1.761441
          1.761442
          1.761443
          1.761444
          1.761446
          1.761447
          1.761448
          1.761449
          1.761449
          1.761449
          1.761449
          1.761449
          1.761449
          1.761450
          1.761450
          1.761449
          1.761449
          1.761448
          1.761448
          1.761448
          1.761448
          1.761449
          1.761449
          1.761448
          1.761448
          1.761447
          1.761446
          1.761446
          1.761445
          1.761445
          1.761445
          1.761445
          1.761445
          1.761445
          1.761445
          1.761445
          1.761445
          1.761445
          1.761444
          1.761444
          1.761444
          1.761444
          1.761443
          1.761443
          1.761443
          1.761443
          1.761443
          1.761443
          1.761442
          1.761442
          1.761443
          1.761443
          1.761442
          1.761441
          1.761442
          1.761442
          1.761442
          1.761443
          1.761443
          1.761443
          1.761443
          1.761442
          1.761442
          1.761442
          1.761441
          1.761441
          1.761441
          1.761442
          1.761442
          1.761442
          1.761441
          1.761442
          1.761442
          1.761443
          1.761442
          1.761442
          1.761443
          1.761443
          1.761442
          1.761442
          1.761442
          1.761442
          1.761441
          1.761440
          1.761440
          1.761440
          1.761440
          1.761440
          1.761440
          1.761440
          1.761439
          1.761439
          1.761439
          1.761439
          1.761438
          1.761438
          1.761437
          1.761437
          1.761437
          1.761436
          1.761436
          1.761435
          1.761435
          1.761435
          1.761435
          1.761435
          1.761435
          1.761435
          1.761435
          1.761436
          1.761435
          1.761435
          1.761434
          1.761434
          1.761434
          1.761434
          1.761435
          1.761435
          1.761435
          1.761435
          1.761434
          1.761435
          1.761435
          1.761436
          1.761437
          1.761437
          1.761437
          1.761437
          1.761438
          1.761438
          1.761439
          1.761439
          1.761438
          1.761438
          1.761438
          1.761437
          1.761437
          1.761437
          1.761437
          1.761437
          1.761437
          1.761437
          1.761436
          1.761435
          1.761434
          1.761434
          1.761432
          1.761430
          1.761429
          1.761428
          1.761426
          1.761425
          1.761424
          1.761424
          1.761424
          1.761424
          1.761425
          1.761426
          1.761428
          1.761430
          1.761432
          1.761433
          1.761434
          1.761435
          1.761434
          1.761434
          1.761434
          1.761434
          1.761434
          1.761433
          1.761432
          1.761432
          1.761432
          1.761431
          1.761432
          1.761433
          1.761433
          1.761433
          1.761434
          1.761434
          1.761434
