          1.510725
          1.511145
          1.511067
          1.510940
          1.510781
          1.510632
          1.510496
          1.510380
          1.510280
          1.510197
          1.510121
          1.510065
          1.510011
          1.509974
          1.509929
          1.509898
          1.509877
          1.509848
          1.509834
          1.509821
          1.509804
          1.509799
          1.509793
          1.509784
          1.509779
          1.509779
          1.509772
          1.509776
          1.509770
          1.509770
          1.509770
          1.509772
          1.509764
          1.509765
          1.509765
          1.509773
          1.509768
          1.509770
          1.509776
          1.509776
          1.509775
          1.509779
          1.509781
          1.509780
          1.509779
          1.509776
          1.509782
          1.509779
          1.509784
          1.509784
          1.509773
          1.509772
          1.509778
          1.509780
          1.509779
          1.509775
          1.509778
          1.509780
          1.509782
          1.509782
          1.509781
          1.509781
          1.509788
          1.509792
          1.509789
          1.509796
          1.509801
          1.509805
          1.509803
          1.509805
          1.509807
          1.509811
          1.509811
          1.509810
          1.509811
          1.509810
          1.509813
          1.509807
          1.509813
          1.509808
          1.509815
          1.509814
          1.509814
          1.509813
          1.509812
          1.509814
          1.509815
          1.509812
          1.509816
          1.509815
          1.509817
          1.509818
          1.509813
          1.509809
          1.509812
          1.509809
          1.509813
          1.509815
          1.509813
          1.509813
          1.509815
          1.509813
          1.509811
          1.509813
          1.509813
          1.509813
          1.509808
          1.509811
          1.509809
          1.509811
          1.509808
          1.509805
          1.509806
          1.509805
          1.509806
          1.509806
          1.509807
          1.509802
          1.509801
          1.509802
          1.509806
          1.509799
          1.509800
          1.509802
          1.509810
          1.509802
          1.509803
          1.509805
          1.509803
          1.509801
          1.509801
          1.509803
          1.509802
          1.509801
          1.509802
          1.509803
          1.509804
          1.509807
          1.509804
          1.509805
          1.509807
          1.509808
          1.509811
          1.509811
          1.509812
          1.509814
          1.509814
          1.509814
          1.509814
          1.509817
          1.509812
          1.509813
          1.509814
          1.509811
          1.509813
          1.509810
          1.509811
          1.509807
          1.509809
          1.509807
          1.509804
          1.509806
          1.509806
          1.509804
          1.509804
          1.509801
          1.509800
          1.509802
          1.509801
          1.509800
          1.509803
          1.509795
          1.509798
          1.509794
          1.509798
          1.509795
          1.509795
          1.509794
          1.509797
          1.509795
          1.509798
          1.509799
          1.509793
          1.509797
          1.509797
          1.509800
          1.509802
          1.509799
          1.509800
          1.509800
          1.509799
          1.509803
          1.509802
          1.509806
          1.509806
          1.509804
          1.509810
          1.509808
          1.509812
          1.509813
          1.509813
          1.509813
          1.509805
          1.509807
          1.509809
          1.509813
          1.509820
          1.509821
          1.509819
          1.509817
          1.509816
          1.509814
          1.509807
          1.509807
          1.509799
          1.509800
          1.509792
          1.509788
          1.509781
          1.509780
          1.509774
          1.509774
          1.509772
          1.509774
          1.509777
          1.509782
          1.509794
          1.509803
          1.509810
          1.509816
          1.509815
          1.509813
          1.509814
          1.509808
          1.509807
          1.509805
          1.509806
          1.509805
          1.509799
          1.509799
          1.509797
          1.509800
          1.509801
          1.509796
          1.509799
          1.509801
          1.509803
          1.509801
          1.509799
          1.509793
          1.509790
          1.509794
