          0.008669
          0.008674
          0.008672
          0.008671
          0.008668
          0.008666
          0.008664
          0.008661
          0.008659
          0.008657
          0.008655
          0.008654
          0.008652
          0.008651
          0.008649
          0.008648
          0.008647
          0.008646
          0.008645
          0.008644
          0.008644
          0.008643
          0.008642
          0.008642
          0.008641
          0.008641
          0.008641
          0.008640
          0.008640
          0.008640
          0.008639
          0.008639
          0.008639
          0.008639
          0.008638
          0.008638
          0.008638
          0.008638
          0.008638
          0.008637
          0.008637
          0.008637
          0.008637
          0.008637
          0.008637
          0.008637
          0.008637
          0.008637
          0.008637
          0.008637
          0.008637
          0.008637
          0.008636
          0.008636
          0.008636
          0.008636
          0.008636
          0.008636
          0.008636
          0.008636
          0.008636
          0.008636
          0.008636
          0.008637
          0.008637
          0.008637
          0.008637
          0.008637
          0.008637
          0.008637
          0.008637
          0.008637
          0.008637
          0.008637
          0.008637
          0.008637
          0.008637
          0.008637
          0.008637
          0.008637
          0.008637
          0.008637
          0.008637
          0.008637
          0.008637
          0.008637
          0.008637
          0.008637
          0.008637
          0.008637
          0.008637
          0.008637
          0.008637
          0.008637
          0.008637
          0.008637
          0.008637
          0.008637
          0.008637
          0.008637
          0.008637
          0.008637
          0.008637
          0.008637
          0.008637
          0.008637
          0.008637
          0.008637
          0.008637
          0.008637
          0.008637
          0.008637
          0.008637
          0.008637
          0.008637
          0.008637
          0.008637
          0.008637
          0.008637
          0.008637
          0.008637
          0.008637
          0.008637
          0.008637
          0.008637
          0.008637
          0.008637
          0.008637
          0.008637
          0.008637
          0.008637
          0.008637
          0.008637
          0.008637
          0.008637
          0.008637
          0.008637
          0.008637
          0.008637
          0.008637
          0.008637
          0.008637
          0.008637
          0.008637
          0.008637
          0.008637
          0.008637
          0.008637
          0.008637
          0.008637
          0.008637
          0.008637
          0.008637
          0.008637
          0.008637
          0.008637
          0.008637
          0.008637
          0.008637
          0.008637
          0.008637
          0.008637
          0.008637
          0.008637
          0.008637
          0.008637
          0.008637
          0.008637
          0.008637
          0.008637
          0.008637
          0.008637
          0.008637
          0.008637
          0.008637
          0.008637
          0.008637
          0.008637
          0.008637
          0.008637
          0.008637
          0.008637
          0.008637
          0.008637
          0.008637
          0.008637
          0.008637
          0.008637
          0.008637
          0.008637
          0.008637
          0.008637
          0.008637
          0.008637
          0.008637
          0.008637
          0.008637
          0.008637
          0.008638
          0.008638
          0.008638
          0.008637
          0.008637
          0.008637
          0.008637
          0.008637
          0.008638
          0.008638
          0.008638
          0.008638
          0.008638
          0.008637
          0.008637
          0.008637
          0.008637
          0.008637
          0.008637
          0.008637
          0.008637
          0.008637
          0.008637
          0.008637
          0.008637
          0.008637
          0.008637
          0.008637
          0.008637
          0.008637
          0.008637
          0.008637
          0.008637
          0.008638
          0.008638
          0.008638
          0.008637
          0.008638
          0.008638
          0.008637
          0.008637
          0.008637
          0.008637
          0.008637
          0.008637
          0.008637
          0.008637
          0.008637
          0.008637
          0.008637
          0.008637
          0.008637
          0.008637
          0.008637
          1.000156
          1.000148
          1.000138
          1.000126
          1.000114
          1.000103
          1.000092
          1.000081
          1.000072
          1.000063
          1.000055
          1.000048
          1.000041
          1.000036
          1.000031
          1.000026
          1.000022
          1.000019
          1.000015
          1.000013
          1.000010
          1.000008
          1.000006
          1.000004
          1.000003
          1.000002
          1.000000
          0.999999
          0.999998
          0.999997
          0.999997
          0.999996
          0.999995
          0.999995
          0.999995
          0.999994
          0.999994
          0.999994
          0.999994
          0.999993
          0.999993
          0.999993
          0.999993
          0.999993
          0.999993
          0.999993
          0.999993
          0.999993
          0.999994
          0.999994
          0.999994
          0.999994
          0.999994
          0.999995
          0.999995
          0.999995
          0.999996
          0.999996
          0.999996
          0.999996
          0.999997
          0.999997
          0.999997
          0.999997
          0.999998
          0.999998
          0.999998
          0.999998
          0.999998
          0.999998
          0.999998
          0.999998
          0.999998
          0.999998
          0.999998
          0.999998
          0.999998
          0.999998
          0.999998
          0.999998
          0.999998
          0.999998
          0.999998
          0.999998
          0.999998
          0.999998
          0.999998
          0.999998
          0.999998
          0.999998
          0.999998
          0.999998
          0.999998
          0.999998
          0.999998
          0.999998
          0.999998
          0.999998
          0.999998
          0.999998
          0.999998
          0.999998
          0.999998
          0.999998
          0.999998
          0.999998
          0.999999
          0.999999
          0.999999
          0.999999
          0.999999
          0.999999
          0.999999
          0.999999
          0.999999
          0.999999
          0.999999
          0.999999
          0.999999
          0.999999
          1.000000
          1.000000
          1.000000
          1.000000
          1.000000
          1.000000
          1.000000
          1.000000
          1.000000
          1.000000
          1.000000
          1.000000
          1.000000
          1.000000
          1.000000
          1.000000
          1.000000
          1.000000
          1.000000
          1.000000
          1.000000
          1.000000
          1.000000
          1.000000
          1.000000
          1.000000
          1.000000
          1.000000
          1.000000
          0.999999
          0.999999
          0.999999
          0.999999
          0.999999
          0.999999
          0.999999
          0.999999
          0.999999
          0.999999
          0.999999
          0.999999
          0.999999
          0.999999
          0.999999
          0.999999
          0.999999
          0.999999
          0.999999
          0.999999
          0.999999
          0.999999
          0.999999
          0.999999
          0.999999
          0.999999
          1.000000
          1.000000
          1.000000
          1.000000
          1.000000
          1.000000
          1.000000
          1.000000
          1.000000
          1.000001
          1.000001
          1.000001
          1.000001
          1.000001
          1.000001
          1.000001
          1.000001
          1.000001
          1.000001
          1.000001
          1.000001
          1.000001
          1.000001
          1.000000
          1.000000
          1.000000
          1.000000
          1.000000
          1.000000
          1.000000
          0.999999
          0.999999
          0.999999
          0.999999
          0.999999
          0.999998
          0.999998
          0.999998
          0.999998
          0.999998
          0.999998
          0.999998
          0.999998
          0.999998
          0.999998
          0.999999
          0.999999
          0.999999
          1.000000
          1.000000
          1.000000
          1.000001
          1.000001
          1.000001
          1.000001
          1.000001
          1.000001
          1.000001
          1.000001
          1.000000
          1.000000
          1.000000
          1.000000
          1.000000
          1.000000
          1.000000
          1.000000
          1.000000
          1.000000
          1.000000
          1.000000
          1.000000
          1.000000
          1.000000
          1.000000
          1.000000
          1.000000
          1.510726
          1.511145
          1.511064
          1.510939
          1.510779
          1.510632
          1.510492
          1.510381
          1.510281
          1.510195
          1.510126
          1.510064
          1.510015
          1.509966
          1.509930
          1.509900
          1.509875
          1.509854
          1.509834
          1.509822
          1.509810
          1.509802
          1.509795
          1.509787
          1.509785
          1.509780
          1.509774
          1.509773
          1.509774
          1.509775
          1.509771
          1.509772
          1.509766
          1.509763
          1.509762
          1.509766
          1.509764
          1.509770
          1.509770
          1.509772
          1.509778
          1.509775
          1.509776
          1.509775
          1.509777
          1.509777
          1.509775
          1.509777
          1.509779
          1.509780
          1.509773
          1.509775
          1.509776
          1.509778
          1.509776
          1.509777
          1.509781
          1.509783
          1.509783
          1.509784
          1.509785
          1.509786
          1.509786
          1.509793
          1.509797
          1.509800
          1.509802
          1.509804
          1.509805
          1.509806
          1.509807
          1.509810
          1.509809
          1.509810
          1.509811
          1.509812
          1.509811
          1.509813
          1.509812
          1.509813
          1.509813
          1.509813
          1.509810
          1.509813
          1.509812
          1.509811
          1.509813
          1.509812
          1.509813
          1.509814
          1.509811
          1.509813
          1.509814
          1.509814
          1.509813
          1.509813
          1.509814
          1.509813
          1.509812
          1.509813
          1.509813
          1.509811
          1.509811
          1.509812
          1.509812
          1.509810
          1.509811
          1.509811
          1.509811
          1.509810
          1.509808
          1.509807
          1.509808
          1.509807
          1.509808
          1.509806
          1.509807
          1.509805
          1.509804
          1.509805
          1.509802
          1.509803
          1.509803
          1.509803
          1.509803
          1.509803
          1.509803
          1.509802
          1.509802
          1.509796
          1.509800
          1.509802
          1.509803
          1.509804
          1.509804
          1.509804
          1.509805
          1.509805
          1.509807
          1.509807
          1.509806
          1.509808
          1.509809
          1.509809
          1.509811
          1.509812
          1.509813
          1.509812
          1.509813
          1.509815
          1.509812
          1.509817
          1.509813
          1.509810
          1.509810
          1.509809
          1.509807
          1.509808
          1.509809
          1.509807
          1.509807
          1.509807
          1.509805
          1.509806
          1.509805
          1.509804
          1.509805
          1.509801
          1.509804
          1.509802
          1.509799
          1.509799
          1.509798
          1.509798
          1.509798
          1.509797
          1.509797
          1.509799
          1.509796
          1.509794
          1.509797
          1.509797
          1.509788
          1.509792
          1.509796
          1.509798
          1.509800
          1.509798
          1.509800
          1.509801
          1.509798
          1.509800
          1.509802
          1.509801
          1.509805
          1.509806
          1.509808
          1.509808
          1.509812
          1.509811
          1.509812
          1.509811
          1.509807
          1.509805
          1.509810
          1.509814
          1.509821
          1.509825
          1.509822
          1.509821
          1.509820
          1.509815
          1.509811
          1.509807
          1.509802
          1.509800
          1.509795
          1.509790
          1.509785
          1.509782
          1.509777
          1.509775
          1.509774
          1.509775
          1.509779
          1.509786
          1.509794
          1.509806
          1.509812
          1.509814
          1.509814
          1.509814
          1.509813
          1.509808
          1.509805
          1.509804
          1.509804
          1.509802
          1.509801
          1.509799
          1.509799
          1.509798
          1.509798
          1.509800
          1.509800
          1.509800
          1.509799
          1.509800
          1.509798
          1.509798
          1.509798
          1.509800
          0.684605
          0.684381
          0.683914
          0.683570
          0.683271
          0.683017
          0.682785
          0.682582
          0.682396
          0.682229
          0.682080
          0.681945
          0.681827
          0.681716
          0.681621
          0.681538
          0.681466
          0.681407
          0.681354
          0.681310
          0.681269
          0.681235
          0.681204
          0.681175
          0.681153
          0.681130
          0.681109
          0.681092
          0.681079
          0.681066
          0.681052
          0.681042
          0.681027
          0.681016
          0.681005
          0.681001
          0.680992
          0.680990
          0.680984
          0.680982
          0.680983
          0.680977
          0.680976
          0.680972
          0.680971
          0.680970
          0.680967
          0.680967
          0.680968
          0.680967
          0.680962
          0.680962
          0.680963
          0.680964
          0.680964
          0.680965
          0.680967
          0.680969
          0.680970
          0.680971
          0.680972
          0.680973
          0.680974
          0.680977
          0.680980
          0.680982
          0.680984
          0.680985
          0.680986
          0.680987
          0.680987
          0.680989
          0.680989
          0.680990
          0.680990
          0.680991
          0.680990
          0.680991
          0.680990
          0.680990
          0.680990
          0.680990
          0.680988
          0.680989
          0.680988
          0.680987
          0.680988
          0.680987
          0.680987
          0.680988
          0.680986
          0.680986
          0.680987
          0.680987
          0.680986
          0.680986
          0.680986
          0.680986
          0.680985
          0.680986
          0.680985
          0.680985
          0.680985
          0.680985
          0.680985
          0.680985
          0.680985
          0.680985
          0.680986
          0.680986
          0.680985
          0.680985
          0.680985
          0.680985
          0.680986
          0.680986
          0.680986
          0.680986
          0.680986
          0.680987
          0.680986
          0.680986
          0.680987
          0.680987
          0.680988
          0.680988
          0.680989
          0.680989
          0.680989
          0.680987
          0.680989
          0.680990
          0.680990
          0.680991
          0.680991
          0.680992
          0.680992
          0.680992
          0.680993
          0.680993
          0.680993
          0.680993
          0.680994
          0.680994
          0.680994
          0.680994
          0.680994
          0.680994
          0.680994
          0.680994
          0.680992
          0.680994
          0.680992
          0.680990
          0.680989
          0.680989
          0.680988
          0.680988
          0.680987
          0.680987
          0.680986
          0.680986
          0.680985
          0.680985
          0.680985
          0.680984
          0.680984
          0.680983
          0.680984
          0.680983
          0.680982
          0.680982
          0.680982
          0.680983
          0.680983
          0.680983
          0.680983
          0.680985
          0.680984
          0.680983
          0.680985
          0.680986
          0.680982
          0.680984
          0.680986
          0.680987
          0.680989
          0.680989
          0.680990
          0.680990
          0.680989
          0.680990
          0.680991
          0.680991
          0.680993
          0.680993
          0.680994
          0.680994
          0.680995
          0.680995
          0.680995
          0.680994
          0.680992
          0.680990
          0.680991
          0.680993
          0.680995
          0.680996
          0.680995
          0.680994
          0.680993
          0.680991
          0.680988
          0.680986
          0.680983
          0.680982
          0.680980
          0.680977
          0.680975
          0.680973
          0.680971
          0.680970
          0.680969
          0.680970
          0.680972
          0.680976
          0.680980
          0.680986
          0.680990
          0.680992
          0.680993
          0.680994
          0.680994
          0.680993
          0.680992
          0.680991
          0.680991
          0.680990
          0.680990
          0.680989
          0.680988
          0.680988
          0.680988
          0.680988
          0.680988
          0.680988
          0.680988
          0.680988
          0.680987
          0.680987
          0.680987
          0.680988
         -0.002975
         -0.000852
         -0.000816
         -0.000755
         -0.000674
         -0.000595
         -0.000518
         -0.000452
         -0.000391
         -0.000337
         -0.000291
         -0.000249
         -0.000214
         -0.000180
         -0.000153
         -0.000129
         -0.000108
         -0.000091
         -0.000074
         -0.000062
         -0.000051
         -0.000041
         -0.000033
         -0.000024
         -0.000020
         -0.000014
         -0.000007
         -0.000004
         -0.000002
          0.000001
          0.000005
          0.000007
          0.000012
          0.000015
          0.000018
          0.000017
          0.000020
          0.000018
          0.000019
          0.000019
          0.000017
          0.000020
          0.000020
          0.000021
          0.000021
          0.000021
          0.000023
          0.000022
          0.000022
          0.000022
          0.000025
          0.000025
          0.000024
          0.000024
          0.000025
          0.000024
          0.000022
          0.000021
          0.000022
          0.000020
          0.000020
          0.000020
          0.000019
          0.000016
          0.000014
          0.000012
          0.000011
          0.000010
          0.000009
          0.000008
          0.000008
          0.000006
          0.000006
          0.000005
          0.000005
          0.000004
          0.000005
          0.000004
          0.000004
          0.000004
          0.000004
          0.000003
          0.000005
          0.000003
          0.000004
          0.000004
          0.000003
          0.000004
          0.000003
          0.000002
          0.000004
          0.000003
          0.000002
          0.000002
          0.000003
          0.000003
          0.000002
          0.000002
          0.000003
          0.000002
          0.000003
          0.000003
          0.000003
          0.000003
          0.000003
          0.000003
          0.000003
          0.000003
          0.000003
          0.000003
          0.000004
          0.000004
          0.000004
          0.000004
          0.000003
          0.000004
          0.000003
          0.000004
          0.000004
          0.000003
          0.000004
          0.000004
          0.000004
          0.000003
          0.000003
          0.000003
          0.000002
          0.000003
          0.000002
          0.000005
          0.000003
          0.000002
          0.000001
          0.000000
          0.000001
          0.000000
         -0.000000
         -0.000000
         -0.000001
         -0.000001
         -0.000001
         -0.000002
         -0.000002
         -0.000002
         -0.000003
         -0.000004
         -0.000004
         -0.000003
         -0.000004
         -0.000004
         -0.000002
         -0.000005
         -0.000003
         -0.000001
         -0.000001
         -0.000001
          0.000000
         -0.000000
         -0.000000
          0.000000
          0.000001
          0.000000
          0.000001
          0.000001
          0.000001
          0.000002
          0.000001
          0.000003
          0.000001
          0.000002
          0.000004
          0.000003
          0.000004
          0.000004
          0.000003
          0.000004
          0.000003
          0.000002
          0.000003
          0.000005
          0.000003
          0.000003
          0.000008
          0.000005
          0.000003
          0.000002
          0.000001
          0.000001
          0.000000
          0.000000
          0.000002
          0.000001
         -0.000000
          0.000000
         -0.000002
         -0.000002
         -0.000003
         -0.000003
         -0.000005
         -0.000005
         -0.000005
         -0.000005
         -0.000003
         -0.000002
         -0.000004
         -0.000006
         -0.000010
         -0.000012
         -0.000011
         -0.000010
         -0.000010
         -0.000007
         -0.000005
         -0.000003
          0.000000
          0.000001
          0.000004
          0.000007
          0.000009
          0.000011
          0.000014
          0.000015
          0.000016
          0.000015
          0.000013
          0.000009
          0.000005
         -0.000002
         -0.000005
         -0.000007
         -0.000008
         -0.000008
         -0.000008
         -0.000005
         -0.000004
         -0.000004
         -0.000003
         -0.000002
         -0.000002
         -0.000001
         -0.000000
          0.000000
          0.000000
         -0.000001
         -0.000001
         -0.000001
         -0.000000
         -0.000000
          0.000000
          0.000001
          0.000001
         -0.000000
