  8.668832138679649E-003  8.673923320987225E-003  8.672387882072667E-003
  8.670507788712185E-003  8.668234432230963E-003  8.665951636620406E-003
  8.663639283871259E-003  8.661387559262915E-003  8.659230956000283E-003
  8.657202034370360E-003  8.655298810937613E-003  8.653620066508919E-003
  8.651996418088564E-003  8.650644125953804E-003  8.649234584739592E-003
  8.648056845795294E-003  8.647025938496609E-003  8.645947042733425E-003
  8.645104693769182E-003  8.644357312220420E-003  8.643543185269534E-003
  8.642968209629329E-003  8.642426016853061E-003  8.641862172571351E-003
  8.641372299197467E-003  8.641016824171887E-003  8.640545213502519E-003
  8.640281649411968E-003  8.639867887805802E-003  8.639564672581167E-003
  8.639310417897885E-003  8.639068086292312E-003  8.638718090127727E-003
  8.638503277732927E-003  8.638286915763139E-003  8.638213905192298E-003
  8.637951771897422E-003  8.637789897332375E-003  8.637720345062773E-003
  8.637559948818005E-003  8.637417372691891E-003  8.637348331700132E-003
  8.637257541423521E-003  8.637125424664620E-003  8.637017712532592E-003
  8.636868074023170E-003  8.636881746363250E-003  8.636717748164496E-003
  8.636718880587984E-003  8.636656363911761E-003  8.636615132250438E-003
  8.636426809277934E-003  8.636464950940951E-003  8.636483042879253E-003
  8.636439733974516E-003  8.636283587307489E-003  8.636288744118991E-003
  8.636332900526076E-003  8.636360308994789E-003  8.636324158725343E-003
  8.636247109161926E-003  8.636237779834221E-003  8.636391322778545E-003
  8.636497619750178E-003  8.636409011925760E-003  8.636551506725893E-003
  8.636693947635934E-003  8.636722170433849E-003  8.636675890572078E-003
  8.636761464454456E-003  8.636797290120790E-003  8.636906837783532E-003
  8.636907020883811E-003  8.636884159606648E-003  8.636898658478626E-003
  8.636911693194771E-003  8.636968111092200E-003  8.636788087164201E-003
  8.636948399243281E-003  8.636761307875485E-003  8.636907692906603E-003
  8.636899257693021E-003  8.636874465772012E-003  8.636857670270630E-003
  8.636815412040881E-003  8.636896932491114E-003  8.636858145035616E-003
  8.636752739902148E-003  8.636847168359846E-003  8.636788356888362E-003
  8.636815742660321E-003  8.636865723041664E-003  8.636782266278745E-003
  8.636651408966604E-003  8.636692185092951E-003  8.636586952142601E-003
  8.636675608265806E-003  8.636725378504679E-003  8.636669468221513E-003
  8.636670426870437E-003  8.636718760916722E-003  8.636729640171346E-003
  8.636674058259236E-003  8.636732733076795E-003  8.636746778760506E-003
  8.636795279813494E-003  8.636662324933665E-003  8.636770546663028E-003
  8.636755816939359E-003  8.636788995635948E-003  8.636768412525815E-003
  8.636728248076786E-003  8.636778373303289E-003  8.636787291076475E-003
  8.636808544429258E-003  8.636863178698058E-003  8.636921095903000E-003
  8.636827802601841E-003  8.636855475515950E-003  8.636876016241387E-003
  8.637022286782779E-003  8.636889281904498E-003  8.636954791378828E-003
  8.636979379468678E-003  8.637187723102957E-003  8.637041946921265E-003
  8.637130351714838E-003  8.637208588632907E-003  8.637190798924669E-003
  8.637163167900436E-003  8.637148143234312E-003  8.637252160144623E-003
  8.637206099816139E-003  8.637218735534902E-003  8.637210591383353E-003
  8.637230575844972E-003  8.637247594003717E-003  8.637310426542160E-003
  8.637257547307060E-003  8.637278596281082E-003  8.637320769262010E-003
  8.637298447069531E-003  8.637377988524377E-003  8.637339296474084E-003
  8.637362806723173E-003  8.637376439217798E-003  8.637363403918947E-003
  8.637351442308115E-003  8.637351253216831E-003  8.637373293179164E-003
  8.637281997532543E-003  8.637248579142399E-003  8.637314327740656E-003
  8.637199026834543E-003  8.637229799954828E-003  8.637178550519937E-003
  8.637195220980358E-003  8.637125871724417E-003  8.637134723406308E-003
  8.637071764910560E-003  8.637015240458065E-003  8.637031969256709E-003
  8.637031357598007E-003  8.637002915258932E-003  8.637019669376432E-003
  8.636927346695271E-003  8.636934624254237E-003  8.636979098067894E-003
  8.636995301661199E-003  8.636977284936901E-003  8.637090351754318E-003
  8.636911482760409E-003  8.637007117900995E-003  8.636938814212847E-003
  8.637073281895927E-003  8.637014732789067E-003  8.637062096732944E-003
  8.637034659814040E-003  8.637096064130960E-003  8.637093193025127E-003
  8.637211781861083E-003  8.637222458257337E-003  8.637096857712320E-003
  8.637205641261124E-003  8.637265117812262E-003  8.637320631889973E-003
  8.637389657754013E-003  8.637348100809242E-003  8.637379235407442E-003
  8.637387374388076E-003  8.637321793423946E-003  8.637378723035886E-003
  8.637356397566742E-003  8.637478156275923E-003  8.637447814391996E-003
  8.637403233830915E-003  8.637508614272312E-003  8.637422488911452E-003
  8.637503719540533E-003  8.637526636273256E-003  8.637536819830720E-003
  8.637552666115487E-003  8.637315868899622E-003  8.637311679911591E-003
  8.637344514255248E-003  8.637404830672116E-003  8.637522242360621E-003
  8.637524176416280E-003  8.637457894139961E-003  8.637479316782866E-003
  8.637468645030776E-003  8.637457087578966E-003  8.637331192457638E-003
  8.637363349222922E-003  8.637163124969024E-003  8.637188252160210E-003
  8.637063045360008E-003  8.636970087612113E-003  8.636820306810854E-003
  8.636795359263360E-003  8.636665619446348E-003  8.636625718645995E-003
  8.636587783244186E-003  8.636591009840251E-003  8.636659532151810E-003
  8.636718036903598E-003  8.636993783236483E-003  8.637208554007157E-003
  8.637360377132135E-003  8.637566386153685E-003  8.637614084186075E-003
  8.637648611354666E-003  8.637745755994210E-003  8.637663159770570E-003
  8.637711071230332E-003  8.637610142311765E-003  8.637641772642026E-003
  8.637643232997420E-003  8.637503158787765E-003  8.637518208904077E-003
  8.637446519906132E-003  8.637461302752921E-003  8.637470404954013E-003
  8.637364378692719E-003  8.637418754909160E-003  8.637500570691854E-003
  8.637559051625701E-003  8.637474295728004E-003  8.637448018013029E-003
  8.637318174813897E-003  8.637230364326270E-003  8.637312594154603E-003
   1.00015571062520        1.00014820133291        1.00013734281743     
   1.00012572983152        1.00011391337321        1.00010236224984     
   1.00009132764893        1.00008098879456        1.00007143594448     
   1.00006270562518        1.00005479290042        1.00004767398099     
   1.00004127744855        1.00003557840332        1.00003047798432     
   1.00002598062552        1.00002199452695        1.00001845426896     
   1.00001535879557        1.00001261476251        1.00001017688947     
   1.00000805308108        1.00000615429975        1.00000446033716     
   1.00000297040125        1.00000165332417        1.00000046018540     
  0.999999423626275       0.999998473323362       0.999997655305086     
  0.999996932291248       0.999996287141038       0.999995715464853     
  0.999995252160872       0.999994851881385       0.999994512728161     
  0.999994187220758       0.999993937115918       0.999993729405118     
  0.999993534801312       0.999993383752894       0.999993272109073     
  0.999993177371866       0.999993108822203       0.999993082815983     
  0.999993093677487       0.999993155994119       0.999993217828370     
  0.999993337581678       0.999993464434922       0.999993622051200     
  0.999993807279144       0.999994062264323       0.999994312079509     
  0.999994562514071       0.999994833192493       0.999995158821768     
  0.999995485532625       0.999995799002056       0.999996103285164     
  0.999996417232505       0.999996751654307       0.999997082120002     
  0.999997353790770       0.999997580428734       0.999997822749461     
  0.999998005131190       0.999998127197829       0.999998225857376     
  0.999998326975536       0.999998389846327       0.999998430786622     
  0.999998427448972       0.999998416265170       0.999998406484395     
  0.999998387611645       0.999998361181259       0.999998313542508     
  0.999998320006821       0.999998272396129       0.999998280289738     
  0.999998237188755       0.999998193316536       0.999998154908461     
  0.999998120283172       0.999998097585347       0.999998047794078     
  0.999998009123354       0.999998003275222       0.999997966662773     
  0.999997948731930       0.999997923111549       0.999997884694041     
  0.999997877990022       0.999997917614078       0.999997947330699     
  0.999998012219972       0.999998049618651       0.999998072083965     
  0.999998114133855       0.999998158290062       0.999998190352064     
  0.999998223755462       0.999998279949867       0.999998322824770     
  0.999998367642030       0.999998404487850       0.999998491147160     
  0.999998550873622       0.999998622829541       0.999998692132443     
  0.999998776882547       0.999998883203947       0.999998981447558     
  0.999999083747596       0.999999185752287       0.999999277027718     
  0.999999356998423       0.999999474434465       0.999999589795656     
  0.999999703186733       0.999999774221089       0.999999891518301     
  0.999999990021140        1.00000008083482        1.00000010560491     
   1.00000017846668        1.00000022483586        1.00000024766611     
   1.00000027782724        1.00000031805454        1.00000036310942     
   1.00000037425100        1.00000039805949        1.00000041509221     
   1.00000043028345        1.00000043332400        1.00000042438008     
   1.00000038813818        1.00000036169676        1.00000032017729     
   1.00000025556377        1.00000018775267        1.00000008488241     
  0.999999984953577       0.999999868831942       0.999999740516245     
  0.999999609772238       0.999999477661164       0.999999341659342     
  0.999999196129455       0.999999079407874       0.999998973808935     
  0.999998849194604       0.999998764243725       0.999998673451320     
  0.999998604459219       0.999998536332290       0.999998497116651     
  0.999998462024165       0.999998454392312       0.999998472307468     
  0.999998492129689       0.999998519850927       0.999998565137877     
  0.999998614007203       0.999998700979079       0.999998793980166     
  0.999998880565389       0.999998970314827       0.999999074386100     
  0.999999151501046       0.999999294783224       0.999999415701190     
  0.999999565817802       0.999999679325244       0.999999816718650     
  0.999999943323118        1.00000008108400        1.00000020020447     
   1.00000032073555        1.00000040296373        1.00000048064005     
   1.00000059686398        1.00000067533327        1.00000073054362     
   1.00000076254668        1.00000076708922        1.00000077971173     
   1.00000077650048        1.00000076383062        1.00000076363996     
   1.00000073564185        1.00000070420677        1.00000062310782     
   1.00000054071771        1.00000046146560        1.00000033725117     
   1.00000022969111        1.00000008631070       0.999999927342320     
  0.999999759107273       0.999999582026660       0.999999477096887     
  0.999999368520800       0.999999242832837       0.999999090773751     
  0.999998895638192       0.999998698642588       0.999998526714705     
  0.999998357365323       0.999998205200723       0.999998075050649     
  0.999998007111212       0.999997953535989       0.999997990097305     
  0.999998046327943       0.999998171056919       0.999998353043333     
  0.999998607826610       0.999998891692108       0.999999232607961     
  0.999999594993554       0.999999970864742        1.00000033886072     
   1.00000067051228        1.00000096164269        1.00000113800309     
   1.00000121819595        1.00000122505395        1.00000114669681     
   1.00000104009162        1.00000091545220        1.00000075748528     
   1.00000062726541        1.00000048540638        1.00000037959516     
   1.00000026852643        1.00000016291030        1.00000010799209     
   1.00000005384202        1.00000002613346       0.999999995800867     
  0.999999964574222       0.999999969311581       0.999999957877419     
  0.999999921760573       0.999999869293855       0.999999847728815     
  0.999999840426074       0.999999880581665       0.999999952752842     
   1.51072507389164        1.51114480189030        1.51106641631286     
   1.51093994615957        1.51078081835016        1.51063174660200     
   1.51049604261091        1.51038003006700        1.51027996124295     
   1.51019730474554        1.51012104455447        1.51006464931537     
   1.51001122836673        1.50997349278358        1.50992929211926     
   1.50989789501745        1.50987659486836        1.50984768971864     
   1.50983354505595        1.50982092115276        1.50980423532493     
   1.50979908002218        1.50979315718242        1.50978421754096     
   1.50977925991205        1.50977919210683        1.50977230158966     
   1.50977583931109        1.50977033934072        1.50976956618127     
   1.50976999403175        1.50977173124202        1.50976419500947     
   1.50976485406063        1.50976473656074        1.50977352408071     
   1.50976772851990        1.50977022459784        1.50977542355747     
   1.50977539630211        1.50977493591999        1.50977905647785     
   1.50978141580629        1.50977968577217        1.50977935400282     
   1.50977601905782        1.50978233338786        1.50977944334346     
   1.50978410607116        1.50978366952556        1.50977273997385     
   1.50977195655740        1.50977786692132        1.50978018272130     
   1.50977920358327        1.50977493588956        1.50977766006520     
   1.50978042616808        1.50978205633718        1.50978173246636     
   1.50978078369172        1.50978127117987        1.50978809255081     
   1.50979193160274        1.50978882415866        1.50979571158685     
   1.50980098565150        1.50980507516258        1.50980315153489     
   1.50980525620696        1.50980664355462        1.50981064863183     
   1.50981129961035        1.50981063443476        1.50981090830524     
   1.50980976423427        1.50981265417670        1.50980742103938     
   1.50981270777322        1.50980769638878        1.50981458279791     
   1.50981419203516        1.50981394553726        1.50981318842430     
   1.50981243803885        1.50981451210334        1.50981500175310     
   1.50981164446968        1.50981614978075        1.50981478832026     
   1.50981680067639        1.50981810282939        1.50981312895755     
   1.50980867386109        1.50981147072356        1.50980886645370     
   1.50981297179998        1.50981505705240        1.50981309499733     
   1.50981337529256        1.50981512749693        1.50981343019281     
   1.50981123049749        1.50981355315095        1.50981260556737     
   1.50981263064439        1.50980788837313        1.50981072378893     
   1.50980934640638        1.50981056875664        1.50980789358837     
   1.50980489683708        1.50980544051013        1.50980541285461     
   1.50980572551283        1.50980614129851        1.50980737266355     
   1.50980162900821        1.50980052232936        1.50980183502804     
   1.50980575916572        1.50979857169436        1.50980049039882     
   1.50980187923451        1.50980930898808        1.50980155259611     
   1.50980322234391        1.50980512278497        1.50980319049014     
   1.50980127995303        1.50980074816595        1.50980301636021     
   1.50980183694399        1.50980127886220        1.50980161217979     
   1.50980321181227        1.50980351867272        1.50980714048037     
   1.50980357269245        1.50980474816812        1.50980742310775     
   1.50980848712846        1.50981113455140        1.50981063839120     
   1.50981217862483        1.50981359358551        1.50981389740888     
   1.50981373515052        1.50981414353447        1.50981662499636     
   1.50981239543892        1.50981260716109        1.50981441174406     
   1.50981081672079        1.50981303763567        1.50980982282249     
   1.50981058642683        1.50980751895093        1.50980867666681     
   1.50980667281863        1.50980450964400        1.50980585680768     
   1.50980592509309        1.50980398226597        1.50980373435162     
   1.50980069020525        1.50980022491836        1.50980219149577     
   1.50980135798263        1.50979958685781        1.50980260763540     
   1.50979451970310        1.50979850672454        1.50979381632963     
   1.50979778722526        1.50979477482804        1.50979485757437     
   1.50979385039933        1.50979694710388        1.50979454429427     
   1.50979784268688        1.50979886995057        1.50979313301368     
   1.50979686268839        1.50979732735938        1.50979980968790     
   1.50980207611641        1.50979911957511        1.50980015184007     
   1.50980029355057        1.50979928954445        1.50980247476143     
   1.50980205886246        1.50980644133253        1.50980597795009     
   1.50980467249424        1.50981030803204        1.50980801377597     
   1.50981210921846        1.50981332708162        1.50981350021756     
   1.50981348531743        1.50980498044660        1.50980670441936     
   1.50980919121819        1.50981286779074        1.50981974830546     
   1.50982059883275        1.50981865559233        1.50981725836637     
   1.50981582372412        1.50981389307297        1.50980702103467     
   1.50980708867399        1.50979933033518        1.50979945257437     
   1.50979214408286        1.50978778578231        1.50978144635193     
   1.50977947607196        1.50977392978377        1.50977354339245     
   1.50977208060381        1.50977382243979        1.50977712692054     
   1.50978137419250        1.50979416244823        1.50980356030332     
   1.50980953939514        1.50981583778498        1.50981513211649     
   1.50981290834696        1.50981416890887        1.50980832761991     
   1.50980738159902        1.50980471272781        1.50980569542450     
   1.50980460821395        1.50979957299594        1.50979878812650     
   1.50979720862152        1.50979978137884        1.50980093102116     
   1.50979593225499        1.50979890929241        1.50980076976455     
   1.50980301991559        1.50980098355732        1.50979884363374     
   1.50979300434860        1.50978983918246        1.50979431702963     
  0.684601670445399       0.684379357331927       0.683914987951883     
  0.683571664042379       0.683272303614687       0.683015683167511     
  0.682785187182436       0.682579135267106       0.682394729097291     
  0.682227825802650       0.682073313127208       0.681943517123413     
  0.681821152776996       0.681719971769200       0.681619535170419     
  0.681533078860153       0.681467690292851       0.681401158898029     
  0.681352223702172       0.681307933632971       0.681264033534195     
  0.681232085365769       0.681202337237204       0.681173313322204     
  0.681148142344330       0.681129950792579       0.681108014003199     
  0.681095468401410       0.681076674543737       0.681063071178157     
  0.681052045843957       0.681042907516480       0.681026493134422     
  0.681017498178385       0.681009000846053       0.681008673935881     
  0.680997099635719       0.680992490226269       0.680990588164762     
  0.680986656150519       0.680982662550940       0.680982133301192     
  0.680980449407577       0.680976592825566       0.680974088406704     
  0.680968861843450       0.680971597886053       0.680969075807629     
  0.680970462881211       0.680968717915979       0.680961360432914     
  0.680960615020709       0.680963293604183       0.680964914050355     
  0.680965131685601       0.680963549321612       0.680965042543755     
  0.680966982197084       0.680968540314933       0.680969088876386     
  0.680969051913344       0.680969856844144       0.680973763026988     
  0.680976633177668       0.680975987879006       0.680979698092881     
  0.680983009525463       0.680985185047003       0.680984870235284     
  0.680986564064977       0.680987662712181       0.680989989941829     
  0.680990541217189       0.680990371340903       0.680990665811256     
  0.680990479345961       0.680991748389062       0.680988863755230     
  0.680991344680604       0.680988474126211       0.680991319640303     
  0.680991135801383       0.680990783783566       0.680990226551287     
  0.680989489138934       0.680990429720329       0.680990146728624     
  0.680988105262480       0.680989757436205       0.680988772970603     
  0.680989349984176       0.680989925869071       0.680987681255755     
  0.680985121409054       0.680985874718487       0.680984149269302     
  0.680985742474914       0.680986664226670       0.680985638411912     
  0.680985646245200       0.680986455559526       0.680986013937639     
  0.680984966490430       0.680986002196014       0.680985825398069     
  0.680986206990878       0.680983916367169       0.680985401249779     
  0.680984991166721       0.680985709191230       0.680984863633661     
  0.680983752492156       0.680984325215484       0.680984545983658     
  0.680984954898037       0.680985679369068       0.680986731694125     
  0.680984641739056       0.680984648534204       0.680985434043842     
  0.680987862211460       0.680985146748163       0.680986360345912     
  0.680987245688794       0.680991215441824       0.680988305741328     
  0.680989619552782       0.680991020667744       0.680990548143944     
  0.680989961873274       0.680989839448914       0.680991335336370     
  0.680990869033438       0.680990875808475       0.680991008475092     
  0.680991681229310       0.680991989121061       0.680993600730614     
  0.680992203031474       0.680992669398621       0.680993736941419     
  0.680993855600934       0.680995107418991       0.680994611266466     
  0.680995023643730       0.680995311524975       0.680995107434792     
  0.680994672558671       0.680994469534092       0.680995024511971     
  0.680992773078872       0.680992171998183       0.680992717938753     
  0.680990537939021       0.680990969326718       0.680989298613411     
  0.680989272085130       0.680987539509941       0.680987583999431     
  0.680986255880936       0.680984863801347       0.680985093628117     
  0.680984931862753       0.680984049061768       0.680983979763154     
  0.680982364926322       0.680982169086226       0.680983131923022     
  0.680983081492212       0.680982574502161       0.680984404350805     
  0.680980982418232       0.680982908246620       0.680981267637625     
  0.680983563792091       0.680982642968844       0.680983238607633     
  0.680983056337810       0.680984704035550       0.680984311729512     
  0.680986480870897       0.680987327111918       0.680985092123992     
  0.680987158521184       0.680988049506600       0.680989550670407     
  0.680991051506159       0.680990152596257       0.680990842909245     
  0.680991091174732       0.680990414346357       0.680991762764484     
  0.680991530256420       0.680993716083403       0.680993456447102     
  0.680992699720793       0.680994993938310       0.680993620455085     
  0.680995197552084       0.680995570284336       0.680995497292948     
  0.680995350286016       0.680990786425672       0.680990634220240     
  0.680991118183606       0.680992195537194       0.680994744369873     
  0.680994724414357       0.680993333146894       0.680992582239400     
  0.680991671966937       0.680990576716657       0.680987203259151     
  0.680986932071090       0.680982840310450       0.680982565690892     
  0.680979255331430       0.680977065051515       0.680974014630878     
  0.680973210588443       0.680970802208726       0.680970603154540     
  0.680970281012419       0.680971308758012       0.680973355535575     
  0.680975718328851       0.680982221661549       0.680987542517744     
  0.680991360367081       0.680995535067335       0.680996381180066     
  0.680996423517270       0.680997748564903       0.680995585519587     
  0.680995503106432       0.680993863918254       0.680994099965103     
  0.680993589092735       0.680990871479309       0.680990347956634     
  0.680989163958589       0.680989767922573       0.680990023599948     
  0.680987665551900       0.680988761120777       0.680989875308489     
  0.680991024185682       0.680989872927650       0.680988986553488     
  0.680986221674027       0.680984480724539       0.680986278269311     
 -2.966546002521879E-003 -8.513989036133482E-004 -8.172217376503536E-004
 -7.556779810881366E-004 -6.744395261361933E-004 -5.948725134333980E-004
 -5.192677413849788E-004 -4.514918941026838E-004 -3.906359686918337E-004
 -3.378597162025405E-004 -2.886568842681355E-004 -2.494166390645029E-004
 -2.121794086610067E-004 -1.834357923702853E-004 -1.521160845817464E-004
 -1.279019378923800E-004 -1.092085292431596E-004 -8.748657501185429E-005
 -7.363380869469161E-005 -6.127232776186007E-005 -4.719254208574279E-005
 -3.954709386863855E-005 -3.198697253723077E-005 -2.326647790477333E-005
 -1.682969670681720E-005 -1.330152290769541E-005 -6.459939905168142E-006
 -5.270945770468096E-006  4.002528039038444E-007  3.402086126094227E-006
  5.542560352350292E-006  6.949598879885615E-006  1.273083759489466E-005
  1.427730331869852E-005  1.607031752495731E-005  1.327542648273965E-005
  1.755153193112877E-005  1.774023083531245E-005  1.625565659301081E-005
  1.744026255885922E-005  1.865261137090451E-005  1.749884364703437E-005
  1.719327903943126E-005  1.881808199911506E-005  1.968505359419958E-005
  2.199786170292548E-005  1.934153457571887E-005  2.148968600843507E-005
  1.960631056562492E-005  2.020301191055903E-005  2.513494581703052E-005
  2.640127241417678E-005  2.363760957749493E-005  2.246696593536883E-005
  2.300525199358492E-005  2.547884893186619E-005  2.413983417001389E-005
  2.258081323068530E-005  2.158699164324367E-005  2.174012758763217E-005
  2.236006303235133E-005  2.203183428332601E-005  1.819033160641898E-005
  1.585373911566737E-005  1.747051877882143E-005  1.364050924563665E-005
  1.050017318194537E-005  8.494467767451935E-006  9.453696782459329E-006
  8.007112877419369E-006  7.135437920557857E-006  4.789571309231403E-006
  4.449985891793012E-006  4.787690561647802E-006  4.572977258965139E-006
  4.912778836256744E-006  3.305869444829430E-006  6.299488846324389E-006
  3.098986961464737E-006  6.125135154255440E-006  2.375065659944424E-006
  2.450720395677154E-006  2.556730496768202E-006  2.865604518024075E-006
  3.314381695811023E-006  1.940130393930993E-006  1.857558559594107E-006
  3.694345793001221E-006  1.166187265828203E-006  1.962234568678201E-006
  9.217144229673759E-007  3.243825524310114E-008  2.477220701327161E-006
  4.986678702986998E-006  3.556622861740549E-006  5.080232870840218E-006
  2.753590022975007E-006  1.519621479893713E-006  2.546965460792396E-006
  2.327371839328783E-006  1.256329642874796E-006  1.874724788871787E-006
  3.044794534185488E-006  1.692333905069639E-006  1.955399379237643E-006
  1.650109007102209E-006  4.283698048331091E-006  2.476167409644280E-006
  3.079111913537388E-006  2.341262843172559E-006  3.517582024961118E-006
  4.928556900749041E-006  4.375872767260474E-006  4.230327677327132E-006
  3.869911835561371E-006  3.290128385824864E-006  2.336390059537261E-006
  5.080696245356213E-006  5.281180751536399E-006  4.498289454352584E-006
  1.986962600708077E-006  5.573635173458401E-006  4.241003755640413E-006
  3.356973058673112E-006 -9.510254379603398E-007  3.026420357182924E-006
  1.826224240104706E-006  5.873502609897174E-007  1.481094639934423E-006
  2.447359837597298E-006  2.698790374096514E-006  1.199724995544533E-006
  1.916105848331937E-006  2.035942733521541E-006  1.860174673874646E-006
  9.990526512476116E-007  7.169025140325846E-007 -1.163645395993262E-006
  5.818637799982038E-007 -3.206752969918528E-008 -1.395282493864472E-006
 -1.756568468549710E-006 -3.289888896795144E-006 -2.890658307289160E-006
 -3.672821627470587E-006 -4.339936878000106E-006 -4.367479614619337E-006
 -4.191129002427378E-006 -4.321684025925345E-006 -5.437523164960511E-006
 -3.128767481958015E-006 -3.007214669201156E-006 -4.044403819445684E-006
 -1.889468084753750E-006 -2.929142940741383E-006 -1.272424918384915E-006
 -1.672177701701420E-006 -1.872853810305185E-009 -5.396416373853613E-007
  6.052855697373557E-007  1.793034857617760E-006  1.100526108294563E-006
  9.944363608484055E-007  1.891071186177972E-006  1.842430969012886E-006
  3.490655379055802E-006  3.546110513646199E-006  2.389137361387702E-006
  2.552715519042152E-006  3.295606910779597E-006  1.374506919496083E-006
  5.639268184438413E-006  3.418352429089753E-006  5.676862036115607E-006
  3.247528097077891E-006  4.758665436828038E-006  4.392531271137997E-006
  4.865382393550498E-006  3.172910399310277E-006  4.120931221227138E-006
  2.039805975789337E-006  1.494007159899168E-006  4.535654414008835E-006
  2.384776879172369E-006  1.892869096500356E-006  5.675054690934555E-007
 -7.125172214018344E-007  7.952411121233922E-007  2.493681197849431E-007
  1.977567886529560E-007  9.933702179068887E-007 -5.883203999417380E-007
 -2.775904440029100E-007 -2.744980376436921E-006 -2.374907205274321E-006
 -1.618266164693399E-006 -4.615969383812958E-006 -3.282620020506811E-006
 -5.463305026019046E-006 -6.128781133601064E-006 -6.294126386912914E-006
 -6.388981953337452E-006 -1.605559696068371E-006 -2.344262864626457E-006
 -3.632155006142605E-006 -5.629573539395634E-006 -9.269740391874033E-006
 -9.764030824172450E-006 -8.704260265940530E-006 -8.287228755488390E-006
 -7.611542885919831E-006 -6.711917434973912E-006 -3.111962413630533E-006
 -3.237298281731101E-006  1.136573700480652E-006  1.068014691699224E-006
  4.876385248107614E-006  7.258975439586579E-006  1.079245333320618E-005
  1.184386156040702E-005  1.487837510959721E-005  1.522152343244209E-005
  1.600580505639106E-005  1.513573298597425E-005  1.319192974357479E-005
  1.084216164379168E-005  3.763627460683173E-006 -1.598026372348274E-006
 -5.155837995659791E-006 -9.048195401704856E-006 -9.100827434646100E-006
 -8.370541651883066E-006 -9.380660635323356E-006 -6.398828437236958E-006
 -6.071304004407763E-006 -4.318123610237966E-006 -4.799065155105446E-006
 -4.221642673405881E-006 -1.241590639020137E-006 -8.452071585075993E-007
  2.722964252892024E-007 -8.092990717689741E-007 -1.283119720264334E-006
  1.429800627558729E-006 -9.346700132470295E-008 -1.282757735591980E-006
 -2.473704880300620E-006 -1.121780650114571E-006  6.755487881418881E-009
  3.196098675248149E-006  5.026309242878937E-006  2.703639989582154E-006
