          1.322544
          1.322622
          1.322546
          1.322481
          1.322422
          1.322375
          1.322334
          1.322299
          1.322269
          1.322243
          1.322219
          1.322201
          1.322183
          1.322170
          1.322154
          1.322142
          1.322133
          1.322120
          1.322113
          1.322106
          1.322097
          1.322093
          1.322089
          1.322083
          1.322078
          1.322076
          1.322071
          1.322070
          1.322066
          1.322063
          1.322061
          1.322060
          1.322055
          1.322053
          1.322050
          1.322052
          1.322047
          1.322046
          1.322046
          1.322044
          1.322041
          1.322041
          1.322041
          1.322038
          1.322037
          1.322033
          1.322035
          1.322032
          1.322033
          1.322031
          1.322030
          1.322026
          1.322028
          1.322028
          1.322026
          1.322022
          1.322022
          1.322023
          1.322023
          1.322022
          1.322020
          1.322019
          1.322023
          1.322024
          1.322021
          1.322024
          1.322027
          1.322029
          1.322028
          1.322029
          1.322030
          1.322032
          1.322033
          1.322031
          1.322031
          1.322029
          1.322030
          1.322025
          1.322028
          1.322024
          1.322028
          1.322028
          1.322027
          1.322026
          1.322025
          1.322026
          1.322027
          1.322024
          1.322027
          1.322026
          1.322026
          1.322027
          1.322023
          1.322019
          1.322020
          1.322017
          1.322020
          1.322021
          1.322020
          1.322020
          1.322022
          1.322020
          1.322018
          1.322020
          1.322019
          1.322019
          1.322015
          1.322017
          1.322016
          1.322017
          1.322015
          1.322013
          1.322014
          1.322014
          1.322014
          1.322014
          1.322015
          1.322012
          1.322011
          1.322012
          1.322015
          1.322010
          1.322011
          1.322012
          1.322018
          1.322013
          1.322015
          1.322016
          1.322015
          1.322013
          1.322013
          1.322015
          1.322015
          1.322015
          1.322015
          1.322016
          1.322017
          1.322019
          1.322017
          1.322018
          1.322019
          1.322019
          1.322021
          1.322021
          1.322021
          1.322022
          1.322022
          1.322022
          1.322022
          1.322023
          1.322020
          1.322020
          1.322021
          1.322019
          1.322020
          1.322018
          1.322019
          1.322016
          1.322016
          1.322014
          1.322012
          1.322012
          1.322012
          1.322011
          1.322010
          1.322008
          1.322008
          1.322009
          1.322008
          1.322007
          1.322010
          1.322004
          1.322007
          1.322004
          1.322007
          1.322005
          1.322005
          1.322005
          1.322007
          1.322005
          1.322008
          1.322009
          1.322005
          1.322008
          1.322009
          1.322011
          1.322013
          1.322012
          1.322013
          1.322013
          1.322012
          1.322014
          1.322014
          1.322017
          1.322016
          1.322015
          1.322019
          1.322016
          1.322019
          1.322020
          1.322020
          1.322020
          1.322014
          1.322014
          1.322016
          1.322017
          1.322022
          1.322022
          1.322021
          1.322020
          1.322020
          1.322019
          1.322014
          1.322014
          1.322008
          1.322009
          1.322005
          1.322002
          1.321998
          1.321997
          1.321993
          1.321993
          1.321991
          1.321992
          1.321994
          1.321997
          1.322005
          1.322011
          1.322015
          1.322020
          1.322020
          1.322019
          1.322021
          1.322017
          1.322017
          1.322015
          1.322016
          1.322016
          1.322012
          1.322012
          1.322011
          1.322012
          1.322013
          1.322010
          1.322012
          1.322013
          1.322014
          1.322012
          1.322011
          1.322006
          1.322003
          1.322006
