         12.775457
         12.771718
         12.772008
         12.772247
         12.772471
         12.772692
         12.772910
         12.773123
         12.773328
         12.773523
         12.773706
         12.773878
         12.774036
         12.774183
         12.774318
         12.774441
         12.774554
         12.774657
         12.774751
         12.774837
         12.774916
         12.774987
         12.775052
         12.775110
         12.775164
         12.775212
         12.775256
         12.775296
         12.775333
         12.775365
         12.775394
         12.775419
         12.775443
         12.775463
         12.775482
         12.775498
         12.775512
         12.775525
         12.775537
         12.775547
         12.775555
         12.775562
         12.775568
         12.775574
         12.775578
         12.775582
         12.775585
         12.775588
         12.775589
         12.775591
         12.775592
         12.775593
         12.775593
         12.775593
         12.775593
         12.775593
         12.775592
         12.775591
         12.775591
         12.775590
         12.775589
         12.775588
         12.775587
         12.775585
         12.775584
         12.775582
         12.775580
         12.775579
         12.775577
         12.775576
         12.775574
         12.775572
         12.775570
         12.775568
         12.775566
         12.775564
         12.775562
         12.775561
         12.775559
         12.775557
         12.775556
         12.775555
         12.775554
         12.775552
         12.775551
         12.775550
         12.775549
         12.775548
         12.775547
         12.775546
         12.775545
         12.775544
         12.775544
         12.775543
         12.775542
         12.775541
         12.775540
         12.775540
         12.775540
         12.775538
         12.775537
         12.775537
         12.775536
         12.775536
         12.775535
         12.775534
         12.775533
         12.775532
         12.775532
         12.775531
         12.775530
         12.775529
         12.775529
         12.775528
         12.775528
         12.775527
         12.775526
         12.775525
         12.775524
         12.775524
         12.775523
         12.775522
         12.775522
         12.775521
         12.775520
         12.775520
         12.775519
         12.775519
         12.775518
         12.775518
         12.775517
         12.775517
         12.775517
         12.775516
         12.775516
         12.775516
         12.775515
         12.775515
         12.775515
         12.775515
         12.775514
         12.775514
         12.775514
         12.775514
         12.775513
         12.775512
         12.775512
         12.775511
         12.775510
         12.775510
         12.775509
         12.775509
         12.775508
         12.775508
         12.775507
         12.775507
         12.775506
         12.775506
         12.775505
         12.775505
         12.775504
         12.775504
         12.775503
         12.775503
         12.775503
         12.775503
         12.775502
         12.775502
         12.775502
         12.775501
         12.775501
         12.775501
         12.775501
         12.775501
         12.775501
         12.775501
         12.775501
         12.775501
         12.775500
         12.775500
         12.775500
         12.775500
         12.775499
         12.775499
         12.775498
         12.775498
         12.775497
         12.775496
         12.775496
         12.775495
         12.775495
         12.775494
         12.775494
         12.775493
         12.775493
         12.775493
         12.775493
         12.775493
         12.775492
         12.775492
         12.775491
         12.775491
         12.775491
         12.775491
         12.775491
         12.775491
         12.775491
         12.775491
         12.775491
         12.775491
         12.775491
         12.775490
         12.775490
         12.775490
         12.775490
         12.775490
         12.775491
         12.775491
         12.775491
         12.775491
         12.775490
         12.775490
         12.775490
         12.775490
         12.775490
         12.775490
         12.775490
         12.775490
         12.775489
         12.775489
         12.775489
         12.775489
         12.775489
         12.775488
         12.775488
         12.775487
         12.775487
         12.775486
         12.775486
         12.775486
         12.775486
         12.775486
         12.775486
         12.775485
         12.775485
         12.775486
         12.775486
         12.775486
         12.775486
         12.775486
         12.775486
         12.775487
         12.775488
