          0.587160
          0.587234
          0.587293
          0.587336
          0.587369
          0.587397
          0.587421
          0.587444
          0.587464
          0.587484
          0.587502
          0.587519
          0.587534
          0.587549
          0.587562
          0.587575
          0.587587
          0.587599
          0.587609
          0.587619
          0.587629
          0.587638
          0.587646
          0.587654
          0.587661
          0.587668
          0.587675
          0.587681
          0.587687
          0.587692
          0.587698
          0.587703
          0.587707
          0.587711
          0.587716
          0.587719
          0.587723
          0.587727
          0.587730
          0.587733
          0.587736
          0.587739
          0.587742
          0.587744
          0.587746
          0.587749
          0.587751
          0.587753
          0.587755
          0.587757
          0.587759
          0.587760
          0.587762
          0.587763
          0.587765
          0.587766
          0.587767
          0.587768
          0.587769
          0.587770
          0.587771
          0.587772
          0.587773
          0.587774
          0.587774
          0.587775
          0.587776
          0.587776
          0.587777
          0.587777
          0.587778
          0.587778
          0.587778
          0.587779
          0.587779
          0.587780
          0.587780
          0.587780
          0.587781
          0.587781
          0.587781
          0.587781
          0.587781
          0.587782
          0.587782
          0.587782
          0.587782
          0.587782
          0.587782
          0.587783
          0.587783
          0.587783
          0.587783
          0.587783
          0.587783
          0.587783
          0.587783
          0.587783
          0.587783
          0.587783
          0.587783
          0.587783
          0.587784
          0.587784
          0.587784
          0.587784
          0.587784
          0.587784
          0.587784
          0.587784
          0.587784
          0.587784
          0.587784
          0.587784
          0.587784
          0.587784
          0.587784
          0.587784
          0.587784
          0.587784
          0.587784
          0.587784
          0.587784
          0.587784
          0.587784
          0.587784
          0.587784
          0.587784
          0.587784
          0.587784
          0.587784
          0.587784
          0.587784
          0.587784
          0.587784
          0.587784
          0.587783
          0.587784
          0.587784
          0.587784
          0.587784
          0.587784
          0.587783
          0.587783
          0.587783
          0.587783
          0.587783
          0.587783
          0.587783
          0.587783
          0.587783
          0.587783
          0.587783
          0.587783
          0.587783
          0.587783
          0.587783
          0.587783
          0.587783
          0.587783
          0.587783
          0.587783
          0.587783
          0.587783
          0.587783
          0.587783
          0.587783
          0.587783
          0.587783
          0.587783
          0.587783
          0.587783
          0.587783
          0.587783
          0.587783
          0.587783
          0.587783
          0.587783
          0.587783
          0.587783
          0.587783
          0.587783
          0.587783
          0.587783
          0.587783
          0.587783
          0.587783
          0.587783
          0.587783
          0.587783
          0.587783
          0.587783
          0.587783
          0.587783
          0.587783
          0.587783
          0.587783
          0.587783
          0.587783
          0.587783
          0.587783
          0.587783
          0.587783
          0.587783
          0.587783
          0.587783
          0.587783
          0.587783
          0.587783
          0.587783
          0.587783
          0.587783
          0.587783
          0.587783
          0.587783
          0.587783
          0.587783
          0.587783
          0.587783
          0.587783
          0.587783
          0.587783
          0.587783
          0.587783
          0.587783
          0.587783
          0.587783
          0.587783
          0.587783
          0.587783
          0.587783
          0.587782
          0.587782
          0.587782
          0.587782
          0.587782
          0.587782
          0.587782
          0.587782
          0.587782
          0.587782
          0.587782
          0.587782
          0.587782
          0.587782
          0.587782
          0.587782
          0.587782
          0.587782
          0.587782
          0.587782
          0.587782
