          1.268892
          1.269744
          1.269781
          1.269743
          1.269677
          1.269602
          1.269531
          1.269465
          1.269406
          1.269354
          1.269309
          1.269268
          1.269232
          1.269200
          1.269172
          1.269146
          1.269123
          1.269103
          1.269084
          1.269067
          1.269052
          1.269038
          1.269026
          1.269014
          1.269004
          1.268995
          1.268986
          1.268979
          1.268972
          1.268965
          1.268959
          1.268954
          1.268949
          1.268945
          1.268941
          1.268937
          1.268934
          1.268931
          1.268928
          1.268925
          1.268923
          1.268921
          1.268919
          1.268917
          1.268915
          1.268914
          1.268912
          1.268911
          1.268910
          1.268908
          1.268907
          1.268906
          1.268905
          1.268904
          1.268904
          1.268903
          1.268902
          1.268902
          1.268901
          1.268900
          1.268900
          1.268899
          1.268899
          1.268898
          1.268898
          1.268898
          1.268897
          1.268897
          1.268897
          1.268896
          1.268896
          1.268896
          1.268896
          1.268896
          1.268895
          1.268895
          1.268895
          1.268895
          1.268895
          1.268895
          1.268894
          1.268894
          1.268894
          1.268894
          1.268894
          1.268894
          1.268894
          1.268894
          1.268894
          1.268893
          1.268893
          1.268893
          1.268893
          1.268893
          1.268893
          1.268893
          1.268893
          1.268893
          1.268893
          1.268893
          1.268893
          1.268893
          1.268893
          1.268893
          1.268893
          1.268893
          1.268893
          1.268893
          1.268893
          1.268893
          1.268893
          1.268893
          1.268893
          1.268893
          1.268893
          1.268893
          1.268893
          1.268893
          1.268893
          1.268893
          1.268893
          1.268893
          1.268893
          1.268893
          1.268893
          1.268893
          1.268893
          1.268893
          1.268893
          1.268893
          1.268893
          1.268893
          1.268893
          1.268893
          1.268892
          1.268892
          1.268892
          1.268892
          1.268892
          1.268892
          1.268892
          1.268892
          1.268892
          1.268892
          1.268892
          1.268893
          1.268893
          1.268893
          1.268893
          1.268893
          1.268893
          1.268893
          1.268893
          1.268893
          1.268893
          1.268893
          1.268893
          1.268893
          1.268893
          1.268893
          1.268893
          1.268893
          1.268893
          1.268893
          1.268893
          1.268892
          1.268892
          1.268892
          1.268892
          1.268892
          1.268892
          1.268892
          1.268892
          1.268892
          1.268892
          1.268892
          1.268892
          1.268892
          1.268892
          1.268892
          1.268892
          1.268892
          1.268892
          1.268893
          1.268893
          1.268893
          1.268893
          1.268893
          1.268893
          1.268893
          1.268893
          1.268893
          1.268893
          1.268893
          1.268893
          1.268893
          1.268893
          1.268893
          1.268893
          1.268893
          1.268893
          1.268893
          1.268892
          1.268892
          1.268892
          1.268892
          1.268892
          1.268892
          1.268892
          1.268892
          1.268892
          1.268892
          1.268892
          1.268892
          1.268892
          1.268892
          1.268892
          1.268892
          1.268892
          1.268892
          1.268892
          1.268892
          1.268892
          1.268892
          1.268892
          1.268892
          1.268892
          1.268892
          1.268892
          1.268893
          1.268893
          1.268892
          1.268893
          1.268893
          1.268893
          1.268893
          1.268893
          1.268893
          1.268893
          1.268893
          1.268893
          1.268892
          1.268892
          1.268892
          1.268892
          1.268892
          1.268892
          1.268892
          1.268892
          1.268892
          1.268892
          1.268892
          1.268892
