         -0.002884
         -0.000636
         -0.000697
         -0.000671
         -0.000614
         -0.000548
         -0.000485
         -0.000425
         -0.000372
         -0.000324
         -0.000282
         -0.000245
         -0.000214
         -0.000185
         -0.000159
         -0.000138
         -0.000117
         -0.000101
         -0.000086
         -0.000073
         -0.000061
         -0.000051
         -0.000041
         -0.000033
         -0.000028
         -0.000021
         -0.000016
         -0.000012
         -0.000006
         -0.000003
          0.000001
          0.000003
          0.000005
          0.000007
          0.000009
          0.000011
          0.000011
          0.000012
          0.000013
          0.000015
          0.000015
          0.000015
          0.000014
          0.000015
          0.000015
          0.000015
          0.000015
          0.000015
          0.000014
          0.000014
          0.000014
          0.000013
          0.000013
          0.000012
          0.000012
          0.000012
          0.000011
          0.000010
          0.000010
          0.000009
          0.000009
          0.000009
          0.000008
          0.000008
          0.000008
          0.000007
          0.000007
          0.000006
          0.000007
          0.000006
          0.000005
          0.000006
          0.000007
          0.000005
          0.000006
          0.000005
          0.000004
          0.000005
          0.000004
          0.000004
          0.000004
          0.000004
          0.000003
          0.000003
          0.000003
          0.000003
          0.000004
          0.000002
          0.000002
          0.000002
          0.000002
          0.000002
          0.000003
          0.000002
          0.000002
          0.000001
          0.000001
          0.000001
          0.000003
          0.000002
          0.000001
          0.000001
          0.000001
          0.000001
          0.000001
          0.000001
          0.000002
          0.000001
          0.000001
          0.000001
          0.000001
          0.000001
          0.000000
          0.000001
          0.000001
          0.000002
          0.000001
          0.000000
          0.000001
          0.000001
          0.000002
          0.000001
          0.000001
          0.000001
          0.000001
          0.000001
          0.000001
          0.000002
          0.000001
          0.000001
          0.000001
          0.000001
          0.000000
          0.000001
         -0.000000
          0.000001
          0.000001
          0.000001
         -0.000000
          0.000001
         -0.000000
         -0.000000
          0.000000
          0.000001
          0.000001
          0.000000
          0.000001
          0.000001
          0.000000
          0.000001
          0.000001
          0.000000
          0.000001
          0.000001
          0.000000
         -0.000000
          0.000001
          0.000001
          0.000002
          0.000001
          0.000001
          0.000001
          0.000001
          0.000001
          0.000000
          0.000001
          0.000001
          0.000001
          0.000001
          0.000001
          0.000001
          0.000000
          0.000000
         -0.000000
         -0.000000
          0.000000
          0.000001
          0.000001
          0.000000
         -0.000000
         -0.000000
          0.000000
          0.000000
          0.000000
          0.000001
          0.000002
          0.000001
          0.000000
          0.000001
          0.000000
          0.000001
          0.000000
          0.000001
          0.000000
          0.000001
          0.000000
          0.000001
          0.000001
          0.000001
          0.000002
          0.000000
          0.000001
          0.000001
          0.000001
         -0.000000
          0.000000
         -0.000000
          0.000000
          0.000000
          0.000001
          0.000001
          0.000000
          0.000001
         -0.000000
          0.000000
         -0.000000
          0.000000
          0.000000
          0.000001
          0.000000
          0.000001
         -0.000000
          0.000001
         -0.000000
          0.000000
         -0.000000
          0.000000
          0.000001
          0.000000
         -0.000001
         -0.000000
          0.000000
          0.000001
          0.000001
          0.000001
          0.000001
          0.000001
          0.000000
          0.000000
          0.000000
          0.000000
          0.000001
          0.000001
          0.000000
          0.000000
          0.000001
          0.000001
          0.000001
          0.000001
          0.000001
         -0.000000
          0.000000
