          0.270122
          0.270148
          0.270175
          0.270201
          0.270227
          0.270250
          0.270272
          0.270292
          0.270310
          0.270327
          0.270341
          0.270354
          0.270366
          0.270376
          0.270384
          0.270393
          0.270399
          0.270405
          0.270410
          0.270414
          0.270418
          0.270421
          0.270423
          0.270425
          0.270428
          0.270428
          0.270430
          0.270431
          0.270430
          0.270431
          0.270431
          0.270431
          0.270431
          0.270430
          0.270430
          0.270429
          0.270429
          0.270428
          0.270428
          0.270426
          0.270426
          0.270425
          0.270425
          0.270424
          0.270423
          0.270423
          0.270422
          0.270420
          0.270421
          0.270420
          0.270419
          0.270419
          0.270417
          0.270417
          0.270417
          0.270416
          0.270416
          0.270415
          0.270414
          0.270415
          0.270414
          0.270413
          0.270413
          0.270412
          0.270412
          0.270412
          0.270411
          0.270411
          0.270410
          0.270410
          0.270410
          0.270410
          0.270409
          0.270409
          0.270409
          0.270408
          0.270409
          0.270408
          0.270408
          0.270408
          0.270408
          0.270408
          0.270408
          0.270407
          0.270408
          0.270407
          0.270406
          0.270407
          0.270407
          0.270407
          0.270407
          0.270407
          0.270406
          0.270406
          0.270406
          0.270407
          0.270407
          0.270407
          0.270405
          0.270406
          0.270406
          0.270406
          0.270406
          0.270406
          0.270406
          0.270406
          0.270405
          0.270406
          0.270406
          0.270406
          0.270406
          0.270406
          0.270406
          0.270406
          0.270406
          0.270405
          0.270405
          0.270406
          0.270406
          0.270406
          0.270405
          0.270406
          0.270405
          0.270405
          0.270406
          0.270406
          0.270405
          0.270405
          0.270406
          0.270405
          0.270405
          0.270405
          0.270406
          0.270405
          0.270406
          0.270405
          0.270405
          0.270405
          0.270406
          0.270405
          0.270406
          0.270406
          0.270405
          0.270405
          0.270405
          0.270406
          0.270405
          0.270405
          0.270406
          0.270405
          0.270405
          0.270406
          0.270405
          0.270405
          0.270405
          0.270406
          0.270405
          0.270405
          0.270404
          0.270405
          0.270405
          0.270405
          0.270405
          0.270405
          0.270405
          0.270405
          0.270405
          0.270405
          0.270405
          0.270405
          0.270405
          0.270405
          0.270405
          0.270405
          0.270406
          0.270405
          0.270405
          0.270405
          0.270405
          0.270405
          0.270405
          0.270405
          0.270405
          0.270405
          0.270405
          0.270404
          0.270405
          0.270405
          0.270405
          0.270405
          0.270405
          0.270405
          0.270405
          0.270405
          0.270405
          0.270405
          0.270405
          0.270405
          0.270405
          0.270404
          0.270405
          0.270405
          0.270405
          0.270405
          0.270406
          0.270405
          0.270406
          0.270405
          0.270405
          0.270404
          0.270404
          0.270405
          0.270405
          0.270405
          0.270405
          0.270405
          0.270405
          0.270405
          0.270405
          0.270405
          0.270405
          0.270405
          0.270404
          0.270405
          0.270405
          0.270405
          0.270405
          0.270404
          0.270405
          0.270406
          0.270405
          0.270405
          0.270404
          0.270404
          0.270405
          0.270404
          0.270405
          0.270405
          0.270405
          0.270405
          0.270405
          0.270405
          0.270404
          0.270405
          0.270405
          0.270405
          0.270405
          0.270405
          0.270405
          0.270405
          0.270405
          0.270405
