         11.506565
         11.506282
         11.506033
         11.505816
         11.505630
         11.505474
         11.505345
         11.505242
         11.505161
         11.505100
         11.505057
         11.505029
         11.505015
         11.505013
         11.505022
         11.505038
         11.505062
         11.505092
         11.505128
         11.505167
         11.505210
         11.505255
         11.505303
         11.505351
         11.505400
         11.505451
         11.505502
         11.505552
         11.505602
         11.505651
         11.505699
         11.505746
         11.505792
         11.505836
         11.505879
         11.505921
         11.505961
         11.506000
         11.506038
         11.506074
         11.506107
         11.506140
         11.506171
         11.506201
         11.506230
         11.506257
         11.506282
         11.506306
         11.506329
         11.506351
         11.506371
         11.506390
         11.506409
         11.506426
         11.506442
         11.506457
         11.506471
         11.506485
         11.506498
         11.506509
         11.506521
         11.506531
         11.506541
         11.506550
         11.506558
         11.506566
         11.506573
         11.506580
         11.506587
         11.506592
         11.506597
         11.506602
         11.506607
         11.506610
         11.506614
         11.506617
         11.506620
         11.506623
         11.506625
         11.506628
         11.506630
         11.506632
         11.506634
         11.506635
         11.506637
         11.506639
         11.506639
         11.506640
         11.506641
         11.506642
         11.506643
         11.506644
         11.506644
         11.506644
         11.506644
         11.506644
         11.506645
         11.506646
         11.506646
         11.506646
         11.506645
         11.506645
         11.506645
         11.506645
         11.506645
         11.506645
         11.506644
         11.506644
         11.506643
         11.506643
         11.506643
         11.506642
         11.506642
         11.506642
         11.506642
         11.506641
         11.506640
         11.506640
         11.506640
         11.506639
         11.506639
         11.506638
         11.506637
         11.506637
         11.506636
         11.506636
         11.506636
         11.506635
         11.506634
         11.506634
         11.506633
         11.506632
         11.506632
         11.506632
         11.506631
         11.506631
         11.506630
         11.506629
         11.506629
         11.506629
         11.506628
         11.506628
         11.506628
         11.506628
         11.506627
         11.506626
         11.506626
         11.506625
         11.506624
         11.506624
         11.506624
         11.506623
         11.506623
         11.506622
         11.506621
         11.506621
         11.506621
         11.506621
         11.506620
         11.506619
         11.506619
         11.506618
         11.506618
         11.506618
         11.506617
         11.506617
         11.506617
         11.506616
         11.506615
         11.506615
         11.506614
         11.506614
         11.506613
         11.506613
         11.506613
         11.506613
         11.506613
         11.506612
         11.506612
         11.506612
         11.506612
         11.506612
         11.506612
         11.506611
         11.506611
         11.506610
         11.506609
         11.506609
         11.506608
         11.506608
         11.506608
         11.506607
         11.506607
         11.506607
         11.506607
         11.506606
         11.506606
         11.506606
         11.506606
         11.506605
         11.506604
         11.506604
         11.506604
         11.506603
         11.506603
         11.506603
         11.506603
         11.506604
         11.506603
         11.506603
         11.506602
         11.506602
         11.506602
         11.506601
         11.506601
         11.506601
         11.506601
         11.506601
         11.506601
         11.506601
         11.506600
         11.506600
         11.506600
         11.506599
         11.506600
         11.506599
         11.506600
         11.506600
         11.506599
         11.506599
         11.506600
         11.506600
         11.506600
         11.506599
         11.506598
         11.506598
         11.506598
         11.506597
         11.506597
         11.506597
         11.506597
         11.506597
         11.506597
         11.506596
         11.506596
         11.506596
         11.506596
         11.506596
         11.506596
         11.506595
         11.506595
         11.506595
         11.506596
