          0.407707
          0.407699
          0.407689
          0.407677
          0.407663
          0.407650
          0.407639
          0.407628
          0.407619
          0.407611
          0.407603
          0.407597
          0.407591
          0.407585
          0.407580
          0.407576
          0.407572
          0.407568
          0.407565
          0.407562
          0.407559
          0.407557
          0.407554
          0.407552
          0.407551
          0.407548
          0.407547
          0.407546
          0.407544
          0.407542
          0.407541
          0.407540
          0.407539
          0.407538
          0.407537
          0.407536
          0.407536
          0.407535
          0.407534
          0.407533
          0.407533
          0.407533
          0.407533
          0.407532
          0.407531
          0.407531
          0.407531
          0.407530
          0.407530
          0.407530
          0.407530
          0.407530
          0.407529
          0.407529
          0.407529
          0.407529
          0.407529
          0.407529
          0.407529
          0.407529
          0.407529
          0.407528
          0.407528
          0.407528
          0.407528
          0.407528
          0.407528
          0.407528
          0.407528
          0.407528
          0.407528
          0.407528
          0.407527
          0.407528
          0.407527
          0.407527
          0.407528
          0.407527
          0.407527
          0.407528
          0.407528
          0.407528
          0.407528
          0.407528
          0.407528
          0.407527
          0.407527
          0.407528
          0.407528
          0.407528
          0.407527
          0.407528
          0.407527
          0.407527
          0.407527
          0.407528
          0.407528
          0.407528
          0.407527
          0.407527
          0.407528
          0.407528
          0.407528
          0.407527
          0.407527
          0.407527
          0.407527
          0.407528
          0.407528
          0.407528
          0.407527
          0.407527
          0.407528
          0.407528
          0.407527
          0.407527
          0.407527
          0.407528
          0.407528
          0.407527
          0.407527
          0.407528
          0.407527
          0.407527
          0.407528
          0.407527
          0.407527
          0.407527
          0.407528
          0.407527
          0.407527
          0.407527
          0.407528
          0.407527
          0.407528
          0.407527
          0.407527
          0.407527
          0.407528
          0.407527
          0.407528
          0.407528
          0.407528
          0.407527
          0.407527
          0.407528
          0.407527
          0.407527
          0.407528
          0.407527
          0.407527
          0.407528
          0.407527
          0.407527
          0.407528
          0.407528
          0.407527
          0.407527
          0.407527
          0.407527
          0.407527
          0.407527
          0.407527
          0.407527
          0.407528
          0.407527
          0.407527
          0.407527
          0.407527
          0.407527
          0.407527
          0.407528
          0.407527
          0.407528
          0.407528
          0.407527
          0.407527
          0.407527
          0.407528
          0.407528
          0.407528
          0.407528
          0.407527
          0.407527
          0.407527
          0.407527
          0.407527
          0.407527
          0.407527
          0.407527
          0.407527
          0.407527
          0.407527
          0.407527
          0.407527
          0.407527
          0.407527
          0.407527
          0.407527
          0.407527
          0.407527
          0.407527
          0.407527
          0.407527
          0.407528
          0.407527
          0.407528
          0.407527
          0.407527
          0.407527
          0.407527
          0.407527
          0.407527
          0.407528
          0.407527
          0.407528
          0.407527
          0.407527
          0.407527
          0.407527
          0.407527
          0.407528
          0.407527
          0.407528
          0.407527
          0.407528
          0.407527
          0.407527
          0.407527
          0.407528
          0.407528
          0.407527
          0.407527
          0.407527
          0.407527
          0.407527
          0.407527
          0.407527
          0.407527
          0.407527
          0.407527
          0.407527
          0.407527
          0.407527
          0.407527
          0.407527
          0.407527
          0.407527
          0.407527
          0.407527
          0.407528
          0.407527
