          0.682392
          0.681894
          0.681564
          0.681279
          0.681033
          0.680814
          0.680623
          0.680448
          0.680290
          0.680146
          0.680016
          0.679906
          0.679811
          0.679724
          0.679646
          0.679579
          0.679516
          0.679463
          0.679415
          0.679372
          0.679334
          0.679300
          0.679270
          0.679244
          0.679223
          0.679202
          0.679184
          0.679170
          0.679153
          0.679142
          0.679131
          0.679123
          0.679116
          0.679111
          0.679106
          0.679102
          0.679100
          0.679097
          0.679095
          0.679092
          0.679091
          0.679091
          0.679091
          0.679090
          0.679090
          0.679091
          0.679091
          0.679091
          0.679093
          0.679094
          0.679090
          0.679093
          0.679093
          0.679095
          0.679096
          0.679097
          0.679099
          0.679100
          0.679100
          0.679102
          0.679103
          0.679103
          0.679104
          0.679105
          0.679105
          0.679106
          0.679107
          0.679108
          0.679108
          0.679108
          0.679109
          0.679109
          0.679109
          0.679110
          0.679110
          0.679110
          0.679111
          0.679111
          0.679112
          0.679112
          0.679112
          0.679113
          0.679113
          0.679113
          0.679114
          0.679113
          0.679113
          0.679114
          0.679114
          0.679115
          0.679114
          0.679115
          0.679114
          0.679115
          0.679114
          0.679115
          0.679116
          0.679116
          0.679114
          0.679115
          0.679116
          0.679116
          0.679116
          0.679115
          0.679115
          0.679116
          0.679115
          0.679116
          0.679116
          0.679116
          0.679116
          0.679116
          0.679116
          0.679116
          0.679116
          0.679115
          0.679116
          0.679116
          0.679116
          0.679116
          0.679115
          0.679116
          0.679116
          0.679115
          0.679116
          0.679116
          0.679116
          0.679115
          0.679116
          0.679115
          0.679116
          0.679116
          0.679116
          0.679116
          0.679117
          0.679116
          0.679116
          0.679116
          0.679117
          0.679116
          0.679117
          0.679117
          0.679116
          0.679115
          0.679116
          0.679116
          0.679116
          0.679115
          0.679116
          0.679116
          0.679115
          0.679116
          0.679116
          0.679115
          0.679116
          0.679116
          0.679116
          0.679115
          0.679115
          0.679116
          0.679115
          0.679116
          0.679116
          0.679116
          0.679116
          0.679116
          0.679116
          0.679115
          0.679116
          0.679116
          0.679116
          0.679116
          0.679116
          0.679116
          0.679117
          0.679116
          0.679116
          0.679116
          0.679116
          0.679116
          0.679116
          0.679116
          0.679116
          0.679116
          0.679115
          0.679115
          0.679115
          0.679116
          0.679116
          0.679116
          0.679116
          0.679116
          0.679115
          0.679116
          0.679116
          0.679116
          0.679115
          0.679115
          0.679115
          0.679115
          0.679116
          0.679115
          0.679116
          0.679116
          0.679116
          0.679116
          0.679117
          0.679116
          0.679116
          0.679115
          0.679115
          0.679116
          0.679116
          0.679116
          0.679116
          0.679116
          0.679116
          0.679116
          0.679116
          0.679116
          0.679116
          0.679116
          0.679115
          0.679116
          0.679116
          0.679116
          0.679116
          0.679115
          0.679116
          0.679116
          0.679116
          0.679116
          0.679115
          0.679115
          0.679115
          0.679115
          0.679115
          0.679115
          0.679116
          0.679116
          0.679116
          0.679115
          0.679115
          0.679116
          0.679116
          0.679115
          0.679115
          0.679116
          0.679115
          0.679115
          0.679116
          0.679116
