          0.240875
          0.241835
          0.241795
          0.241718
          0.241627
          0.241535
          0.241447
          0.241365
          0.241290
          0.241223
          0.241162
          0.241107
          0.241058
          0.241014
          0.240975
          0.240939
          0.240907
          0.240879
          0.240853
          0.240830
          0.240809
          0.240790
          0.240774
          0.240758
          0.240745
          0.240733
          0.240722
          0.240712
          0.240703
          0.240695
          0.240688
          0.240682
          0.240676
          0.240671
          0.240667
          0.240663
          0.240659
          0.240656
          0.240653
          0.240650
          0.240648
          0.240646
          0.240644
          0.240642
          0.240641
          0.240639
          0.240638
          0.240637
          0.240636
          0.240635
          0.240635
          0.240634
          0.240633
          0.240633
          0.240632
          0.240632
          0.240632
          0.240631
          0.240631
          0.240631
          0.240631
          0.240630
          0.240630
          0.240630
          0.240630
          0.240630
          0.240630
          0.240630
          0.240630
          0.240629
          0.240629
          0.240629
          0.240629
          0.240629
          0.240629
          0.240629
          0.240629
          0.240629
          0.240629
          0.240629
          0.240629
          0.240629
          0.240629
          0.240629
          0.240629
          0.240629
          0.240629
          0.240629
          0.240629
          0.240629
          0.240629
          0.240629
          0.240629
          0.240629
          0.240629
          0.240629
          0.240629
          0.240629
          0.240629
          0.240629
          0.240629
          0.240629
          0.240629
          0.240629
          0.240629
          0.240629
          0.240629
          0.240629
          0.240629
          0.240629
          0.240629
          0.240629
          0.240629
          0.240629
          0.240629
          0.240629
          0.240629
          0.240629
          0.240629
          0.240629
          0.240629
          0.240629
          0.240629
          0.240629
          0.240629
          0.240629
          0.240629
          0.240629
          0.240629
          0.240629
          0.240629
          0.240629
          0.240629
          0.240629
          0.240629
          0.240629
          0.240629
          0.240629
          0.240629
          0.240629
          0.240629
          0.240629
          0.240629
          0.240629
          0.240629
          0.240629
          0.240629
          0.240629
          0.240629
          0.240629
          0.240629
          0.240629
          0.240629
          0.240629
          0.240629
          0.240629
          0.240629
          0.240629
          0.240629
          0.240629
          0.240629
          0.240629
          0.240629
          0.240629
          0.240629
          0.240629
          0.240629
          0.240629
          0.240629
          0.240629
          0.240629
          0.240629
          0.240629
          0.240629
          0.240629
          0.240629
          0.240629
          0.240629
          0.240629
          0.240629
          0.240629
          0.240629
          0.240629
          0.240629
          0.240629
          0.240629
          0.240629
          0.240629
          0.240629
          0.240629
          0.240629
          0.240629
          0.240629
          0.240629
          0.240629
          0.240629
          0.240629
          0.240629
          0.240629
          0.240629
          0.240629
          0.240629
          0.240629
          0.240629
          0.240629
          0.240630
          0.240629
          0.240629
          0.240629
          0.240629
          0.240629
          0.240629
          0.240629
          0.240629
          0.240629
          0.240629
          0.240629
          0.240629
          0.240629
          0.240629
          0.240629
          0.240629
          0.240629
          0.240629
          0.240629
          0.240629
          0.240629
          0.240629
          0.240629
          0.240629
          0.240629
          0.240629
          0.240629
          0.240629
          0.240629
          0.240629
          0.240629
          0.240629
          0.240629
          0.240629
          0.240629
          0.240629
          0.240629
          0.240629
          0.240630
          0.240630
          0.240629
          0.240630
          0.240630
          0.240630
          0.240630
          0.240630
