          0.038015
          0.038938
          0.038936
          0.038926
          0.038909
          0.038889
          0.038866
          0.038843
          0.038820
          0.038799
          0.038779
          0.038760
          0.038743
          0.038727
          0.038713
          0.038700
          0.038689
          0.038679
          0.038670
          0.038662
          0.038655
          0.038649
          0.038644
          0.038639
          0.038635
          0.038631
          0.038628
          0.038625
          0.038623
          0.038620
          0.038619
          0.038617
          0.038616
          0.038615
          0.038614
          0.038613
          0.038612
          0.038612
          0.038612
          0.038611
          0.038611
          0.038611
          0.038611
          0.038611
          0.038611
          0.038612
          0.038612
          0.038612
          0.038612
          0.038613
          0.038613
          0.038613
          0.038613
          0.038614
          0.038614
          0.038614
          0.038615
          0.038615
          0.038615
          0.038615
          0.038616
          0.038616
          0.038616
          0.038616
          0.038617
          0.038617
          0.038617
          0.038617
          0.038618
          0.038618
          0.038618
          0.038618
          0.038618
          0.038618
          0.038619
          0.038619
          0.038619
          0.038619
          0.038619
          0.038619
          0.038620
          0.038620
          0.038620
          0.038620
          0.038620
          0.038620
          0.038620
          0.038620
          0.038620
          0.038620
          0.038620
          0.038621
          0.038621
          0.038621
          0.038621
          0.038621
          0.038621
          0.038621
          0.038621
          0.038621
          0.038621
          0.038621
          0.038621
          0.038621
          0.038621
          0.038621
          0.038621
          0.038621
          0.038621
          0.038621
          0.038621
          0.038621
          0.038621
          0.038621
          0.038621
          0.038621
          0.038621
          0.038621
          0.038621
          0.038621
          0.038621
          0.038621
          0.038621
          0.038621
          0.038621
          0.038621
          0.038621
          0.038621
          0.038621
          0.038621
          0.038621
          0.038621
          0.038621
          0.038621
          0.038621
          0.038621
          0.038621
          0.038621
          0.038621
          0.038621
          0.038621
          0.038621
          0.038621
          0.038621
          0.038621
          0.038621
          0.038621
          0.038621
          0.038621
          0.038621
          0.038621
          0.038621
          0.038621
          0.038621
          0.038621
          0.038621
          0.038621
          0.038621
          0.038621
          0.038621
          0.038621
          0.038621
          0.038621
          0.038621
          0.038621
          0.038621
          0.038621
          0.038621
          0.038621
          0.038621
          0.038621
          0.038621
          0.038622
          0.038622
          0.038622
          0.038622
          0.038621
          0.038621
          0.038621
          0.038621
          0.038621
          0.038621
          0.038621
          0.038621
          0.038621
          0.038621
          0.038621
          0.038621
          0.038621
          0.038621
          0.038621
          0.038621
          0.038621
          0.038621
          0.038621
          0.038621
          0.038621
          0.038621
          0.038621
          0.038621
          0.038621
          0.038621
          0.038621
          0.038622
          0.038622
          0.038622
          0.038622
          0.038622
          0.038621
          0.038621
          0.038621
          0.038621
          0.038622
          0.038622
          0.038622
          0.038622
          0.038622
          0.038622
          0.038621
          0.038621
          0.038621
          0.038621
          0.038621
          0.038621
          0.038621
          0.038621
          0.038621
          0.038621
          0.038621
          0.038621
          0.038621
          0.038621
          0.038621
          0.038621
          0.038621
          0.038621
          0.038621
          0.038621
          0.038621
          0.038621
          0.038621
          0.038621
          0.038621
          0.038621
          0.038622
          0.038622
          0.038621
          0.038622
          0.038622
          0.038622
          0.038622
          0.038622
