          0.202860
          0.202897
          0.202859
          0.202792
          0.202718
          0.202646
          0.202581
          0.202522
          0.202470
          0.202424
          0.202384
          0.202348
          0.202316
          0.202287
          0.202262
          0.202239
          0.202218
          0.202200
          0.202183
          0.202168
          0.202154
          0.202141
          0.202130
          0.202120
          0.202110
          0.202102
          0.202094
          0.202087
          0.202081
          0.202075
          0.202070
          0.202065
          0.202061
          0.202057
          0.202053
          0.202050
          0.202046
          0.202044
          0.202041
          0.202039
          0.202036
          0.202034
          0.202033
          0.202031
          0.202029
          0.202028
          0.202026
          0.202025
          0.202024
          0.202023
          0.202022
          0.202021
          0.202020
          0.202019
          0.202018
          0.202018
          0.202017
          0.202016
          0.202016
          0.202015
          0.202015
          0.202014
          0.202014
          0.202014
          0.202013
          0.202013
          0.202013
          0.202012
          0.202012
          0.202012
          0.202012
          0.202011
          0.202011
          0.202011
          0.202011
          0.202011
          0.202010
          0.202010
          0.202010
          0.202010
          0.202010
          0.202010
          0.202010
          0.202009
          0.202009
          0.202009
          0.202009
          0.202009
          0.202009
          0.202009
          0.202009
          0.202009
          0.202009
          0.202009
          0.202009
          0.202009
          0.202009
          0.202008
          0.202008
          0.202008
          0.202008
          0.202008
          0.202008
          0.202008
          0.202008
          0.202008
          0.202008
          0.202008
          0.202008
          0.202008
          0.202008
          0.202008
          0.202008
          0.202008
          0.202008
          0.202008
          0.202008
          0.202008
          0.202008
          0.202008
          0.202008
          0.202008
          0.202008
          0.202008
          0.202008
          0.202008
          0.202008
          0.202008
          0.202008
          0.202008
          0.202008
          0.202008
          0.202008
          0.202008
          0.202008
          0.202008
          0.202008
          0.202008
          0.202008
          0.202008
          0.202008
          0.202008
          0.202008
          0.202008
          0.202008
          0.202008
          0.202008
          0.202008
          0.202008
          0.202008
          0.202008
          0.202008
          0.202008
          0.202008
          0.202008
          0.202008
          0.202008
          0.202008
          0.202008
          0.202008
          0.202008
          0.202008
          0.202008
          0.202008
          0.202008
          0.202008
          0.202008
          0.202008
          0.202008
          0.202008
          0.202008
          0.202008
          0.202008
          0.202008
          0.202008
          0.202008
          0.202008
          0.202008
          0.202008
          0.202008
          0.202008
          0.202008
          0.202008
          0.202008
          0.202008
          0.202008
          0.202008
          0.202008
          0.202008
          0.202008
          0.202008
          0.202008
          0.202008
          0.202008
          0.202008
          0.202008
          0.202008
          0.202008
          0.202008
          0.202008
          0.202008
          0.202008
          0.202008
          0.202008
          0.202008
          0.202008
          0.202008
          0.202008
          0.202008
          0.202008
          0.202008
          0.202008
          0.202008
          0.202008
          0.202008
          0.202008
          0.202008
          0.202008
          0.202008
          0.202008
          0.202008
          0.202008
          0.202008
          0.202008
          0.202008
          0.202008
          0.202008
          0.202008
          0.202008
          0.202008
          0.202008
          0.202008
          0.202008
          0.202008
          0.202008
          0.202008
          0.202008
          0.202008
          0.202008
          0.202008
          0.202008
          0.202008
          0.202008
          0.202008
          0.202008
          0.202008
          0.202008
          0.202008
          0.202008
          0.202008
          0.202008
          0.202008
