          1.761559
          1.761672
          1.761751
          1.761793
          1.761806
          1.761799
          1.761777
          1.761748
          1.761715
          1.761680
          1.761646
          1.761613
          1.761583
          1.761555
          1.761531
          1.761509
          1.761489
          1.761472
          1.761457
          1.761445
          1.761434
          1.761425
          1.761417
          1.761410
          1.761405
          1.761401
          1.761397
          1.761394
          1.761392
          1.761390
          1.761389
          1.761388
          1.761388
          1.761388
          1.761388
          1.761389
          1.761389
          1.761390
          1.761391
          1.761392
          1.761393
          1.761394
          1.761396
          1.761397
          1.761398
          1.761400
          1.761401
          1.761402
          1.761404
          1.761405
          1.761407
          1.761408
          1.761409
          1.761410
          1.761412
          1.761413
          1.761414
          1.761415
          1.761417
          1.761418
          1.761419
          1.761420
          1.761420
          1.761421
          1.761422
          1.761423
          1.761423
          1.761424
          1.761425
          1.761425
          1.761426
          1.761426
          1.761427
          1.761427
          1.761428
          1.761428
          1.761428
          1.761429
          1.761429
          1.761429
          1.761430
          1.761430
          1.761430
          1.761431
          1.761431
          1.761431
          1.761431
          1.761431
          1.761432
          1.761432
          1.761432
          1.761432
          1.761432
          1.761432
          1.761433
          1.761433
          1.761433
          1.761433
          1.761433
          1.761433
          1.761433
          1.761433
          1.761433
          1.761433
          1.761433
          1.761433
          1.761433
          1.761433
          1.761433
          1.761433
          1.761433
          1.761433
          1.761433
          1.761434
          1.761433
          1.761433
          1.761433
          1.761433
          1.761433
          1.761433
          1.761433
          1.761433
          1.761433
          1.761433
          1.761433
          1.761433
          1.761433
          1.761433
          1.761433
          1.761433
          1.761433
          1.761433
          1.761433
          1.761433
          1.761433
          1.761433
          1.761433
          1.761433
          1.761433
          1.761433
          1.761433
          1.761433
          1.761433
          1.761433
          1.761433
          1.761433
          1.761433
          1.761433
          1.761433
          1.761433
          1.761433
          1.761433
          1.761433
          1.761433
          1.761433
          1.761433
          1.761433
          1.761433
          1.761432
          1.761432
          1.761432
          1.761432
          1.761432
          1.761432
          1.761432
          1.761432
          1.761432
          1.761432
          1.761432
          1.761432
          1.761432
          1.761432
          1.761433
          1.761433
          1.761433
          1.761433
          1.761433
          1.761433
          1.761433
          1.761433
          1.761433
          1.761433
          1.761432
          1.761432
          1.761432
          1.761432
          1.761432
          1.761432
          1.761432
          1.761432
          1.761432
          1.761432
          1.761432
          1.761432
          1.761432
          1.761432
          1.761432
          1.761432
          1.761432
          1.761432
          1.761432
          1.761432
          1.761432
          1.761432
          1.761432
          1.761432
          1.761432
          1.761432
          1.761432
          1.761432
          1.761432
          1.761432
          1.761432
          1.761432
          1.761432
          1.761432
          1.761432
          1.761432
          1.761432
          1.761432
          1.761432
          1.761432
          1.761432
          1.761432
          1.761432
          1.761432
          1.761432
          1.761432
          1.761432
          1.761432
          1.761432
          1.761432
          1.761432
          1.761432
          1.761431
          1.761431
          1.761431
          1.761431
          1.761431
          1.761431
          1.761431
          1.761431
          1.761431
          1.761431
          1.761431
          1.761431
          1.761431
          1.761431
          1.761431
          1.761431
          1.761431
          1.761431
