          1.510361
          1.510826
          1.510950
          1.510886
          1.510762
          1.510626
          1.510502
          1.510392
          1.510297
          1.510216
          1.510147
          1.510090
          1.510042
          1.509999
          1.509961
          1.509932
          1.509904
          1.509883
          1.509863
          1.509847
          1.509832
          1.509820
          1.509808
          1.509800
          1.509795
          1.509787
          1.509782
          1.509779
          1.509772
          1.509770
          1.509767
          1.509766
          1.509764
          1.509763
          1.509761
          1.509761
          1.509762
          1.509762
          1.509762
          1.509760
          1.509761
          1.509763
          1.509765
          1.509765
          1.509766
          1.509767
          1.509767
          1.509768
          1.509771
          1.509773
          1.509772
          1.509775
          1.509774
          1.509777
          1.509778
          1.509778
          1.509781
          1.509782
          1.509782
          1.509785
          1.509785
          1.509785
          1.509787
          1.509787
          1.509788
          1.509789
          1.509790
          1.509792
          1.509790
          1.509791
          1.509793
          1.509792
          1.509790
          1.509794
          1.509793
          1.509793
          1.509795
          1.509794
          1.509795
          1.509796
          1.509796
          1.509796
          1.509797
          1.509797
          1.509798
          1.509796
          1.509796
          1.509799
          1.509798
          1.509799
          1.509798
          1.509799
          1.509798
          1.509799
          1.509798
          1.509800
          1.509801
          1.509801
          1.509797
          1.509799
          1.509800
          1.509800
          1.509801
          1.509799
          1.509799
          1.509799
          1.509799
          1.509800
          1.509800
          1.509801
          1.509800
          1.509800
          1.509801
          1.509800
          1.509800
          1.509799
          1.509799
          1.509801
          1.509800
          1.509800
          1.509798
          1.509800
          1.509800
          1.509799
          1.509801
          1.509800
          1.509799
          1.509798
          1.509800
          1.509799
          1.509800
          1.509800
          1.509800
          1.509799
          1.509801
          1.509799
          1.509799
          1.509800
          1.509801
          1.509800
          1.509802
          1.509801
          1.509800
          1.509798
          1.509799
          1.509801
          1.509799
          1.509798
          1.509801
          1.509799
          1.509798
          1.509801
          1.509799
          1.509799
          1.509800
          1.509801
          1.509800
          1.509798
          1.509797
          1.509800
          1.509798
          1.509800
          1.509799
          1.509799
          1.509800
          1.509799
          1.509799
          1.509798
          1.509799
          1.509798
          1.509799
          1.509800
          1.509800
          1.509800
          1.509801
          1.509800
          1.509799
          1.509799
          1.509800
          1.509800
          1.509800
          1.509800
          1.509800
          1.509799
          1.509798
          1.509797
          1.509798
          1.509799
          1.509799
          1.509799
          1.509799
          1.509799
          1.509798
          1.509800
          1.509799
          1.509799
          1.509798
          1.509798
          1.509798
          1.509796
          1.509799
          1.509798
          1.509799
          1.509798
          1.509800
          1.509799
          1.509800
          1.509799
          1.509799
          1.509797
          1.509798
          1.509799
          1.509798
          1.509800
          1.509799
          1.509800
          1.509799
          1.509799
          1.509798
          1.509799
          1.509798
          1.509800
          1.509797
          1.509800
          1.509799
          1.509800
          1.509799
          1.509798
          1.509799
          1.509801
          1.509800
          1.509799
          1.509797
          1.509797
          1.509798
          1.509797
          1.509797
          1.509798
          1.509799
          1.509798
          1.509798
          1.509798
          1.509797
          1.509799
          1.509799
          1.509797
          1.509797
          1.509798
          1.509798
          1.509797
          1.509799
          1.509799
