          0.008663
          0.008664
          0.008664
          0.008664
          0.008663
          0.008661
          0.008659
          0.008657
          0.008656
          0.008654
          0.008652
          0.008651
          0.008650
          0.008648
          0.008647
          0.008646
          0.008645
          0.008644
          0.008644
          0.008643
          0.008642
          0.008642
          0.008641
          0.008641
          0.008641
          0.008640
          0.008640
          0.008640
          0.008639
          0.008639
          0.008639
          0.008639
          0.008638
          0.008638
          0.008638
          0.008638
          0.008638
          0.008638
          0.008638
          0.008638
          0.008637
          0.008637
          0.008637
          0.008637
          0.008637
          0.008637
          0.008637
          0.008637
          0.008637
          0.008637
          0.008637
          0.008637
          0.008637
          0.008637
          0.008637
          0.008637
          0.008637
          0.008637
          0.008637
          0.008637
          0.008637
          0.008637
          0.008637
          0.008637
          0.008637
          0.008637
          0.008637
          0.008637
          0.008637
          0.008637
          0.008637
          0.008637
          0.008637
          0.008637
          0.008637
          0.008637
          0.008637
          0.008637
          0.008637
          0.008637
          0.008637
          0.008637
          0.008637
          0.008637
          0.008637
          0.008637
          0.008637
          0.008637
          0.008637
          0.008637
          0.008637
          0.008637
          0.008637
          0.008637
          0.008637
          0.008637
          0.008637
          0.008637
          0.008637
          0.008637
          0.008637
          0.008637
          0.008637
          0.008637
          0.008637
          0.008637
          0.008637
          0.008637
          0.008637
          0.008637
          0.008637
          0.008637
          0.008637
          0.008637
          0.008637
          0.008637
          0.008637
          0.008637
          0.008637
          0.008637
          0.008637
          0.008637
          0.008637
          0.008637
          0.008637
          0.008637
          0.008637
          0.008637
          0.008637
          0.008637
          0.008637
          0.008637
          0.008637
          0.008637
          0.008637
          0.008637
          0.008637
          0.008637
          0.008637
          0.008637
          0.008637
          0.008637
          0.008637
          0.008637
          0.008637
          0.008637
          0.008637
          0.008637
          0.008637
          0.008637
          0.008637
          0.008637
          0.008637
          0.008637
          0.008637
          0.008637
          0.008637
          0.008637
          0.008637
          0.008637
          0.008637
          0.008637
          0.008637
          0.008637
          0.008637
          0.008637
          0.008637
          0.008637
          0.008637
          0.008637
          0.008637
          0.008637
          0.008637
          0.008637
          0.008637
          0.008637
          0.008637
          0.008637
          0.008637
          0.008637
          0.008637
          0.008637
          0.008637
          0.008637
          0.008637
          0.008637
          0.008637
          0.008637
          0.008637
          0.008637
          0.008637
          0.008637
          0.008637
          0.008637
          0.008637
          0.008637
          0.008637
          0.008637
          0.008637
          0.008637
          0.008637
          0.008637
          0.008637
          0.008637
          0.008637
          0.008637
          0.008637
          0.008637
          0.008637
          0.008637
          0.008637
          0.008637
          0.008637
          0.008637
          0.008637
          0.008637
          0.008637
          0.008637
          0.008637
          0.008637
          0.008637
          0.008637
          0.008637
          0.008637
          0.008637
          0.008637
          0.008637
          0.008637
          0.008637
          0.008637
          0.008637
          0.008637
          0.008637
          0.008637
          0.008637
          0.008637
          0.008637
          0.008637
          0.008637
          0.008637
          0.008637
          0.008637
          0.008637
          0.008637
          0.008637
          0.008637
          0.008637
          0.008637
          0.008637
          0.008637
          0.008637
          0.008637
          1.000134
          1.000129
          1.000121
          1.000112
          1.000103
          1.000093
          1.000083
          1.000074
          1.000065
          1.000058
          1.000050
          1.000044
          1.000038
          1.000033
          1.000028
          1.000024
          1.000020
          1.000017
          1.000014
          1.000011
          1.000009
          1.000007
          1.000005
          1.000004
          1.000002
          1.000001
          1.000000
          0.999999
          0.999998
          0.999998
          0.999997
          0.999997
          0.999996
          0.999996
          0.999996
          0.999996
          0.999995
          0.999995
          0.999995
          0.999995
          0.999995
          0.999995
          0.999995
          0.999996
          0.999996
          0.999996
          0.999996
          0.999996
          0.999996
          0.999996
          0.999996
          0.999996
          0.999997
          0.999997
          0.999997
          0.999997
          0.999997
          0.999997
          0.999997
          0.999997
          0.999998
          0.999998
          0.999998
          0.999998
          0.999998
          0.999998
          0.999998
          0.999998
          0.999998
          0.999998
          0.999998
          0.999999
          0.999999
          0.999999
          0.999999
          0.999999
          0.999999
          0.999999
          0.999999
          0.999999
          0.999999
          0.999999
          0.999999
          0.999999
          0.999999
          0.999999
          0.999999
          0.999999
          0.999999
          0.999999
          0.999999
          0.999999
          1.000000
          1.000000
          1.000000
          1.000000
          1.000000
          1.000000
          1.000000
          1.000000
          1.000000
          1.000000
          1.000000
          1.000000
          1.000000
          1.000000
          1.000000
          1.000000
          1.000000
          1.000000
          1.000000
          1.000000
          1.000000
          1.000000
          1.000000
          1.000000
          1.000000
          1.000000
          1.000000
          1.000000
          1.000000
          1.000000
          1.000000
          1.000000
          1.000000
          1.000000
          1.000000
          1.000000
          1.000000
          1.000000
          1.000000
          1.000000
          1.000000
          1.000000
          1.000000
          1.000000
          1.000000
          1.000000
          1.000000
          1.000000
          1.000000
          1.000000
          1.000000
          1.000000
          1.000000
          1.000000
          1.000000
          1.000000
          1.000000
          1.000000
          1.000000
          1.000000
          1.000000
          1.000000
          1.000000
          1.000000
          1.000000
          1.000000
          1.000000
          1.000000
          1.000000
          1.000000
          1.000000
          1.000000
          1.000000
          1.000000
          1.000000
          1.000000
          1.000000
          1.000000
          1.000000
          1.000000
          1.000000
          1.000000
          1.000000
          1.000000
          1.000000
          1.000000
          1.000000
          1.000000
          1.000000
          1.000000
          1.000000
          1.000000
          1.000000
          1.000000
          1.000000
          1.000000
          1.000000
          1.000000
          1.000000
          1.000000
          1.000000
          1.000000
          1.000000
          1.000000
          1.000000
          1.000000
          1.000000
          1.000000
          1.000000
          1.000000
          1.000000
          1.000000
          1.000000
          1.000000
          1.000000
          1.000000
          1.000000
          1.000000
          1.000000
          1.000000
          1.000000
          1.000000
          1.000000
          1.000000
          1.000000
          1.000000
          1.000000
          1.000000
          1.000000
          1.000000
          1.000000
          1.000000
          1.000000
          1.000000
          1.000000
          1.000000
          1.000000
          1.000000
          1.000000
          1.000000
          1.000001
          1.000001
          1.000001
          1.000002
          1.000004
          1.000005
          1.000008
          1.000012
          1.000018
          1.000028
          1.000042
          1.000062
          1.000094
          1.000140
          1.000211
          1.000316
          1.000474
          1.000711
          1.001067
          1.001601
          1.510361
          1.510826
          1.510950
          1.510886
          1.510762
          1.510626
          1.510502
          1.510392
          1.510297
          1.510216
          1.510147
          1.510090
          1.510042
          1.509999
          1.509961
          1.509932
          1.509904
          1.509883
          1.509863
          1.509847
          1.509832
          1.509820
          1.509808
          1.509800
          1.509795
          1.509787
          1.509782
          1.509779
          1.509772
          1.509770
          1.509767
          1.509766
          1.509764
          1.509763
          1.509761
          1.509761
          1.509762
          1.509762
          1.509762
          1.509760
          1.509761
          1.509763
          1.509765
          1.509765
          1.509766
          1.509767
          1.509767
          1.509768
          1.509771
          1.509773
          1.509772
          1.509775
          1.509774
          1.509777
          1.509778
          1.509778
          1.509781
          1.509782
          1.509782
          1.509785
          1.509785
          1.509785
          1.509787
          1.509787
          1.509788
          1.509789
          1.509790
          1.509792
          1.509790
          1.509791
          1.509793
          1.509792
          1.509790
          1.509794
          1.509793
          1.509793
          1.509795
          1.509794
          1.509795
          1.509796
          1.509796
          1.509796
          1.509797
          1.509797
          1.509798
          1.509796
          1.509796
          1.509799
          1.509798
          1.509799
          1.509798
          1.509799
          1.509798
          1.509799
          1.509798
          1.509800
          1.509801
          1.509801
          1.509797
          1.509799
          1.509800
          1.509800
          1.509801
          1.509799
          1.509799
          1.509799
          1.509799
          1.509800
          1.509800
          1.509801
          1.509800
          1.509800
          1.509801
          1.509800
          1.509800
          1.509799
          1.509799
          1.509801
          1.509800
          1.509800
          1.509798
          1.509800
          1.509800
          1.509799
          1.509801
          1.509800
          1.509799
          1.509798
          1.509800
          1.509799
          1.509800
          1.509800
          1.509800
          1.509799
          1.509801
          1.509799
          1.509799
          1.509800
          1.509801
          1.509800
          1.509802
          1.509801
          1.509800
          1.509798
          1.509799
          1.509801
          1.509799
          1.509798
          1.509801
          1.509799
          1.509798
          1.509801
          1.509799
          1.509799
          1.509800
          1.509801
          1.509800
          1.509798
          1.509797
          1.509800
          1.509798
          1.509800
          1.509799
          1.509799
          1.509800
          1.509799
          1.509799
          1.509798
          1.509799
          1.509798
          1.509799
          1.509800
          1.509800
          1.509800
          1.509801
          1.509800
          1.509799
          1.509799
          1.509800
          1.509800
          1.509800
          1.509800
          1.509800
          1.509799
          1.509798
          1.509797
          1.509798
          1.509799
          1.509799
          1.509799
          1.509799
          1.509799
          1.509798
          1.509800
          1.509799
          1.509799
          1.509798
          1.509798
          1.509798
          1.509796
          1.509799
          1.509798
          1.509799
          1.509798
          1.509800
          1.509799
          1.509800
          1.509799
          1.509799
          1.509797
          1.509798
          1.509799
          1.509798
          1.509800
          1.509799
          1.509800
          1.509799
          1.509799
          1.509798
          1.509799
          1.509798
          1.509800
          1.509797
          1.509800
          1.509799
          1.509800
          1.509799
          1.509798
          1.509799
          1.509801
          1.509800
          1.509799
          1.509797
          1.509797
          1.509798
          1.509797
          1.509797
          1.509798
          1.509799
          1.509798
          1.509798
          1.509798
          1.509797
          1.509799
          1.509799
          1.509797
          1.509797
          1.509798
          1.509798
          1.509797
          1.509799
          1.509799
          0.682392
          0.681894
          0.681564
          0.681279
          0.681033
          0.680814
          0.680623
          0.680448
          0.680290
          0.680146
          0.680016
          0.679906
          0.679811
          0.679724
          0.679646
          0.679579
          0.679516
          0.679463
          0.679415
          0.679372
          0.679334
          0.679300
          0.679270
          0.679244
          0.679223
          0.679202
          0.679184
          0.679170
          0.679153
          0.679142
          0.679131
          0.679123
          0.679116
          0.679111
          0.679106
          0.679102
          0.679100
          0.679097
          0.679095
          0.679092
          0.679091
          0.679091
          0.679091
          0.679090
          0.679090
          0.679091
          0.679091
          0.679091
          0.679093
          0.679094
          0.679090
          0.679093
          0.679093
          0.679095
          0.679096
          0.679097
          0.679099
          0.679100
          0.679100
          0.679102
          0.679103
          0.679103
          0.679104
          0.679105
          0.679105
          0.679106
          0.679107
          0.679108
          0.679108
          0.679108
          0.679109
          0.679109
          0.679109
          0.679110
          0.679110
          0.679110
          0.679111
          0.679111
          0.679112
          0.679112
          0.679112
          0.679113
          0.679113
          0.679113
          0.679114
          0.679113
          0.679113
          0.679114
          0.679114
          0.679115
          0.679114
          0.679115
          0.679114
          0.679115
          0.679114
          0.679115
          0.679116
          0.679116
          0.679114
          0.679115
          0.679116
          0.679116
          0.679116
          0.679115
          0.679115
          0.679116
          0.679115
          0.679116
          0.679116
          0.679116
          0.679116
          0.679116
          0.679116
          0.679116
          0.679116
          0.679115
          0.679116
          0.679116
          0.679116
          0.679116
          0.679115
          0.679116
          0.679116
          0.679115
          0.679116
          0.679116
          0.679116
          0.679115
          0.679116
          0.679115
          0.679116
          0.679116
          0.679116
          0.679116
          0.679117
          0.679116
          0.679116
          0.679116
          0.679117
          0.679116
          0.679117
          0.679117
          0.679116
          0.679115
          0.679116
          0.679116
          0.679116
          0.679115
          0.679116
          0.679116
          0.679115
          0.679116
          0.679116
          0.679115
          0.679116
          0.679116
          0.679116
          0.679115
          0.679115
          0.679116
          0.679115
          0.679116
          0.679116
          0.679116
          0.679116
          0.679116
          0.679116
          0.679115
          0.679116
          0.679116
          0.679116
          0.679116
          0.679116
          0.679116
          0.679117
          0.679116
          0.679116
          0.679116
          0.679116
          0.679116
          0.679116
          0.679116
          0.679116
          0.679116
          0.679115
          0.679115
          0.679115
          0.679116
          0.679116
          0.679116
          0.679116
          0.679116
          0.679115
          0.679116
          0.679116
          0.679116
          0.679115
          0.679115
          0.679115
          0.679115
          0.679116
          0.679115
          0.679116
          0.679116
          0.679116
          0.679116
          0.679117
          0.679116
          0.679116
          0.679115
          0.679115
          0.679116
          0.679116
          0.679116
          0.679116
          0.679116
          0.679116
          0.679116
          0.679116
          0.679116
          0.679116
          0.679116
          0.679115
          0.679116
          0.679116
          0.679116
          0.679116
          0.679115
          0.679116
          0.679116
          0.679116
          0.679116
          0.679115
          0.679115
          0.679115
          0.679115
          0.679115
          0.679115
          0.679116
          0.679116
          0.679116
          0.679115
          0.679115
          0.679116
          0.679116
          0.679115
          0.679115
          0.679116
          0.679115
          0.679115
          0.679116
          0.679116
         -0.002884
         -0.000636
         -0.000697
         -0.000671
         -0.000614
         -0.000548
         -0.000485
         -0.000425
         -0.000372
         -0.000324
         -0.000282
         -0.000245
         -0.000214
         -0.000185
         -0.000159
         -0.000138
         -0.000117
         -0.000101
         -0.000086
         -0.000073
         -0.000061
         -0.000051
         -0.000041
         -0.000033
         -0.000028
         -0.000021
         -0.000016
         -0.000012
         -0.000006
         -0.000003
          0.000001
          0.000003
          0.000005
          0.000007
          0.000009
          0.000011
          0.000011
          0.000012
          0.000013
          0.000015
          0.000015
          0.000015
          0.000014
          0.000015
          0.000015
          0.000015
          0.000015
          0.000015
          0.000014
          0.000014
          0.000014
          0.000013
          0.000013
          0.000012
          0.000012
          0.000012
          0.000011
          0.000010
          0.000010
          0.000009
          0.000009
          0.000009
          0.000008
          0.000008
          0.000008
          0.000007
          0.000007
          0.000006
          0.000007
          0.000006
          0.000005
          0.000006
          0.000007
          0.000005
          0.000006
          0.000005
          0.000004
          0.000005
          0.000004
          0.000004
          0.000004
          0.000004
          0.000003
          0.000003
          0.000003
          0.000003
          0.000004
          0.000002
          0.000002
          0.000002
          0.000002
          0.000002
          0.000003
          0.000002
          0.000002
          0.000001
          0.000001
          0.000001
          0.000003
          0.000002
          0.000001
          0.000001
          0.000001
          0.000001
          0.000001
          0.000001
          0.000002
          0.000001
          0.000001
          0.000001
          0.000001
          0.000001
          0.000000
          0.000001
          0.000001
          0.000002
          0.000001
          0.000000
          0.000001
          0.000001
          0.000002
          0.000001
          0.000001
          0.000001
          0.000001
          0.000001
          0.000001
          0.000002
          0.000001
          0.000001
          0.000001
          0.000001
          0.000000
          0.000001
         -0.000000
          0.000001
          0.000001
          0.000001
         -0.000000
          0.000001
         -0.000000
         -0.000000
          0.000000
          0.000001
          0.000001
          0.000000
          0.000001
          0.000001
          0.000000
          0.000001
          0.000001
          0.000000
          0.000001
          0.000001
          0.000000
         -0.000000
          0.000001
          0.000001
          0.000002
          0.000001
          0.000001
          0.000001
          0.000001
          0.000001
          0.000000
          0.000001
          0.000001
          0.000001
          0.000001
          0.000001
          0.000001
          0.000000
          0.000000
         -0.000000
         -0.000000
          0.000000
          0.000001
          0.000001
          0.000000
         -0.000000
         -0.000000
          0.000000
          0.000000
          0.000000
          0.000001
          0.000002
          0.000001
          0.000000
          0.000001
          0.000000
          0.000001
          0.000000
          0.000001
          0.000000
          0.000001
          0.000000
          0.000001
          0.000001
          0.000001
          0.000002
          0.000000
          0.000001
          0.000001
          0.000001
         -0.000000
          0.000000
         -0.000000
          0.000000
          0.000000
          0.000001
          0.000001
          0.000000
          0.000001
         -0.000000
          0.000000
         -0.000000
          0.000000
          0.000000
          0.000001
          0.000000
          0.000001
         -0.000000
          0.000001
         -0.000000
          0.000000
         -0.000000
          0.000000
          0.000001
          0.000000
         -0.000001
         -0.000000
          0.000000
          0.000001
          0.000001
          0.000001
          0.000001
          0.000001
          0.000000
          0.000000
          0.000000
          0.000000
          0.000001
          0.000001
          0.000000
          0.000000
          0.000001
          0.000001
          0.000001
          0.000001
          0.000001
         -0.000000
          0.000000
