  8.662739959541872E-003  8.663956882346511E-003  8.664320606467863E-003
  8.663727005930755E-003  8.662517613026237E-003  8.660928115641019E-003
  8.659213693303754E-003  8.657433351792743E-003  8.655688033149282E-003
  8.654012694031103E-003  8.652441073987582E-003  8.650979707874358E-003
  8.649651800832329E-003  8.648402408663644E-003  8.647246286205206E-003
  8.646248519575586E-003  8.645285033343400E-003  8.644466119013820E-003
  8.643703317769097E-003  8.643025732709753E-003  8.642398678931178E-003
  8.641842601177898E-003  8.641326458263154E-003  8.640875823289648E-003
  8.640506024830664E-003  8.640120485506466E-003  8.639794867275298E-003
  8.639515663359019E-003  8.639197976013058E-003  8.638965649611958E-003
  8.638743141866566E-003  8.638560395119042E-003  8.638383269823715E-003
  8.638219282889709E-003  8.638062925240319E-003  8.637943646394714E-003
  8.637837489556734E-003  8.637738021301989E-003  8.637650968474037E-003
  8.637539011559279E-003  8.637468032353442E-003  8.637420270216868E-003
  8.637396328015903E-003  8.637341247057699E-003  8.637295406737123E-003
  8.637262610178300E-003  8.637217630802132E-003  8.637175012957752E-003
  8.637187849445772E-003  8.637179362614784E-003  8.637153742854545E-003
  8.637170953504011E-003  8.637126254079414E-003  8.637137046920405E-003
  8.637137519342496E-003  8.637114401124314E-003  8.637140199172626E-003
  8.637143670490621E-003  8.637124071535789E-003  8.637152069234039E-003
  8.637145184867339E-003  8.637120492231230E-003  8.637140295615926E-003
  8.637137182488732E-003  8.637135725352069E-003  8.637153453667196E-003
  8.637156216776357E-003  8.637181137156964E-003  8.637150183514476E-003
  8.637160978431965E-003  8.637189230859148E-003  8.637172468334581E-003
  8.637145029020347E-003  8.637187866044269E-003  8.637172865344846E-003
  8.637171841038904E-003  8.637205029307614E-003  8.637195189398582E-003
  8.637200311875488E-003  8.637221928230226E-003  8.637221398927248E-003
  8.637228897708196E-003  8.637232764426111E-003  8.637234670883655E-003
  8.637257216122083E-003  8.637234860599722E-003  8.637225406689682E-003
  8.637265014042019E-003  8.637265681112285E-003  8.637279202392085E-003
  8.637270685765048E-003  8.637275415148395E-003  8.637264837172962E-003
  8.637276455566216E-003  8.637266477902660E-003  8.637301159968797E-003
  8.637319007732331E-003  8.637319267289605E-003  8.637266276764324E-003
  8.637283749424298E-003  8.637304779465794E-003  8.637306814719484E-003
  8.637320586158225E-003  8.637305385960517E-003  8.637304554563565E-003
  8.637306750571856E-003  8.637294609101594E-003  8.637318649648063E-003
  8.637314786438654E-003  8.637326987997017E-003  8.637317199514164E-003
  8.637316205650064E-003  8.637342793333643E-003  8.637332299576549E-003
  8.637323767641522E-003  8.637303977801977E-003  8.637312661237000E-003
  8.637339776834179E-003  8.637334210298046E-003  8.637331734333804E-003
  8.637292695794897E-003  8.637331031581666E-003  8.637322394934283E-003
  8.637317540314743E-003  8.637342263860405E-003  8.637334444967896E-003
  8.637327016767024E-003  8.637311313942806E-003  8.637341749536757E-003
  8.637318961017472E-003  8.637335190493334E-003  8.637342710763401E-003
  8.637351817616686E-003  8.637330655477549E-003  8.637369955252884E-003
  8.637334296127811E-003  8.637340169652031E-003  8.637351977195874E-003
  8.637377287734617E-003  8.637355914034681E-003  8.637381633262303E-003
  8.637374506068449E-003  8.637367564011837E-003  8.637338532865335E-003
  8.637342089741396E-003  8.637368882843144E-003  8.637351473902101E-003
  8.637334753689009E-003  8.637368106414786E-003  8.637352876607177E-003
  8.637337809912457E-003  8.637367043026138E-003  8.637348763896567E-003
  8.637341338815671E-003  8.637369250551870E-003  8.637383120301625E-003
  8.637366872862243E-003  8.637347345104086E-003  8.637329056034893E-003
  8.637364236211352E-003  8.637336891390280E-003  8.637364674708535E-003
  8.637366035818892E-003  8.637351505525378E-003  8.637376377435823E-003
  8.637366323782722E-003  8.637358924604599E-003  8.637349637639000E-003
  8.637359634181560E-003  8.637356318666382E-003  8.637363930464425E-003
  8.637382634102641E-003  8.637376774396873E-003  8.637390939538161E-003
  8.637403608764744E-003  8.637387948633331E-003  8.637369829897554E-003
  8.637374035823599E-003  8.637388079806470E-003  8.637391302338496E-003
  8.637397020073195E-003  8.637390718746423E-003  8.637385290864181E-003
  8.637376625823024E-003  8.637356102732838E-003  8.637340255754994E-003
  8.637358409559212E-003  8.637371569353682E-003  8.637370176146346E-003
  8.637382656504983E-003  8.637370733692938E-003  8.637379781859742E-003
  8.637356034185686E-003  8.637389704870751E-003  8.637381950564019E-003
  8.637389205258741E-003  8.637370436054490E-003  8.637373350654169E-003
  8.637373277671435E-003  8.637344189928713E-003  8.637383236915333E-003
  8.637371352201703E-003  8.637383764411396E-003  8.637379922353208E-003
  8.637413483021168E-003  8.637397619597413E-003  8.637417252209911E-003
  8.637392481318791E-003  8.637399043520894E-003  8.637365971632284E-003
  8.637370526257238E-003  8.637397965317329E-003  8.637381308944082E-003
  8.637405147657928E-003  8.637397846506908E-003  8.637413200941703E-003
  8.637405988049776E-003  8.637397983476295E-003  8.637391913799287E-003
  8.637390402510936E-003  8.637387518943253E-003  8.637409942830156E-003
  8.637361322295936E-003  8.637404194523999E-003  8.637395740286689E-003
  8.637411224507726E-003  8.637400669153177E-003  8.637375229072623E-003
  8.637389216542720E-003  8.637420947064418E-003  8.637414216422903E-003
  8.637399739342624E-003  8.637368980015409E-003  8.637365718854206E-003
  8.637379780861673E-003  8.637368252567465E-003  8.637371132533706E-003
  8.637388935270416E-003  8.637394537314193E-003  8.637389153455641E-003
  8.637392572715162E-003  8.637377099815106E-003  8.637367339506121E-003
  8.637393735368031E-003  8.637403068413827E-003  8.637377104125831E-003
  8.637378759514099E-003  8.637384497385461E-003  8.637383338250006E-003
  8.637376465879233E-003  8.637404781092482E-003  8.637402101612917E-003
   1.00013444431050        1.00012888229167        1.00012126971901     
   1.00011225999213        1.00010256769035        1.00009273203594     
   1.00008313141195        1.00007398616563        1.00006543786983     
   1.00005755106261        1.00005034704184        1.00004381420153     
   1.00003792385178        1.00003263084364        1.00002790253776     
   1.00002369766890        1.00001995198063        1.00001664097195     
   1.00001370457721        1.00001111222224        1.00000882501112     
   1.00000681622745        1.00000505351383        1.00000351516585     
   1.00000217191439        1.00000099077654       0.999999971545879     
  0.999999090004810       0.999998327269256       0.999997692611049     
  0.999997154794140       0.999996707387271       0.999996334619998     
  0.999996032543911       0.999995794922865       0.999995617360981     
  0.999995486022864       0.999995395219031       0.999995341930177     
  0.999995321455318       0.999995340925556       0.999995385536511     
  0.999995446288069       0.999995514805566       0.999995601013071     
  0.999995701606278       0.999995811946897       0.999995935563142     
  0.999996070868886       0.999996199164631       0.999996327389855     
  0.999996461363803       0.999996586553881       0.999996722795127     
  0.999996851800789       0.999996976939046       0.999997105698298     
  0.999997222190094       0.999997333923756       0.999997448601191     
  0.999997550959978       0.999997652813894       0.999997760176189     
  0.999997858606938       0.999997955534377       0.999998050385987     
  0.999998137014233       0.999998220548835       0.999998294399450     
  0.999998377136039       0.999998455407096       0.999998523722761     
  0.999998597168989       0.999998679103692       0.999998746315500     
  0.999998817347252       0.999998887363613       0.999998945131055     
  0.999999004768080       0.999999061373966       0.999999109587256     
  0.999999156828962       0.999999200683638       0.999999242397443     
  0.999999282669622       0.999999315111447       0.999999354463409     
  0.999999396083109       0.999999423686420       0.999999450047701     
  0.999999471435892       0.999999495293961       0.999999517398819     
  0.999999542608046       0.999999563422276       0.999999586482500     
  0.999999597183745       0.999999601501890       0.999999605985819     
  0.999999628076722       0.999999644394428       0.999999653386983     
  0.999999661385327       0.999999664927949       0.999999673740847     
  0.999999683175690       0.999999692083210       0.999999704847097     
  0.999999709467594       0.999999714978298       0.999999716359777     
  0.999999720924046       0.999999725833982       0.999999722337419     
  0.999999722920133       0.999999727175963       0.999999738541128     
  0.999999747318438       0.999999747511233       0.999999750146382     
  0.999999754602409       0.999999772413328       0.999999778067319     
  0.999999786713918       0.999999797172595       0.999999799824664     
  0.999999805425576       0.999999813983438       0.999999827915264     
  0.999999831982612       0.999999843260146       0.999999848850232     
  0.999999851515407       0.999999850981158       0.999999857025156     
  0.999999850123065       0.999999854603546       0.999999856803819     
  0.999999854560113       0.999999843570710       0.999999839288476     
  0.999999826716383       0.999999817059112       0.999999810774763     
  0.999999815049985       0.999999818766110       0.999999814212034     
  0.999999815878501       0.999999823397538       0.999999820339741     
  0.999999822548649       0.999999829953908       0.999999828078201     
  0.999999832495347       0.999999839543120       0.999999837621444     
  0.999999831725316       0.999999832259472       0.999999840460971     
  0.999999855340128       0.999999859039295       0.999999871562020     
  0.999999874852703       0.999999877503267       0.999999884688077     
  0.999999883765375       0.999999886369084       0.999999891791748     
  0.999999900384578       0.999999905517803       0.999999911132793     
  0.999999913305206       0.999999908316778       0.999999904218387     
  0.999999894744101       0.999999880928650       0.999999872410354     
  0.999999870071854       0.999999866472243       0.999999858178031     
  0.999999848862488       0.999999838075055       0.999999830162239     
  0.999999825204510       0.999999824520027       0.999999831930595     
  0.999999845455913       0.999999853326981       0.999999856958416     
  0.999999861087273       0.999999861417289       0.999999865992179     
  0.999999868109583       0.999999878307742       0.999999877881322     
  0.999999880402936       0.999999881265509       0.999999889008255     
  0.999999896631335       0.999999904946647       0.999999922917428     
  0.999999927911735       0.999999936153713       0.999999939634287     
  0.999999943387116       0.999999935444153       0.999999932247373     
  0.999999922818660       0.999999921961423       0.999999919703290     
  0.999999928675113       0.999999935963993       0.999999933767211     
  0.999999936325345       0.999999930549958       0.999999926682701     
  0.999999917659850       0.999999911159129       0.999999907768418     
  0.999999907000531       0.999999907335472       0.999999909386796     
  0.999999905495352       0.999999919180286       0.999999921503901     
  0.999999930657983       0.999999941606110       0.999999966823821     
   1.00000001649057        1.00000008551239        1.00000018026214     
   1.00000033177977        1.00000057003955        1.00000094040315     
   1.00000149354057        1.00000231351970        1.00000354363850     
   1.00000538182640        1.00000812752258        1.00001224140163     
   1.00001841230852        1.00002766517590        1.00004154751377     
   1.00006236941602        1.00009358753900        1.00014041095504     
   1.00021065762076        1.00031603087729        1.00047410418065     
   1.00071125664648        1.00106708759098        1.00160105475224     
   1.51036136023298        1.51082563707569        1.51095002030412     
   1.51088635353643        1.51076167387031        1.51062568236243     
   1.51050221332200        1.51039160390831        1.51029682277191     
   1.51021593995803        1.51014723241947        1.51008957242520     
   1.51004205460934        1.50999879333016        1.50996088724551     
   1.50993235689483        1.50990372593245        1.50988287300730     
   1.50986320528721        1.50984699415031        1.50983214321404     
   1.50981973719911        1.50980839657280        1.50979977689129     
   1.50979504579735        1.50978699465843        1.50978223427570     
   1.50977923095550        1.50977177888451        1.50976966551193     
   1.50976658841752        1.50976584565801        1.50976398384556     
   1.50976258116783        1.50976105720215        1.50976128758403     
   1.50976188151914        1.50976184191967        1.50976208111156     
   1.50976015279210        1.50976092766395        1.50976285659941     
   1.50976541066431        1.50976536110520        1.50976597090014     
   1.50976734519991        1.50976743996829        1.50976771219134     
   1.50977142267115        1.50977295258612        1.50977174103148     
   1.50977540102419        1.50977439728278        1.50977719301370     
   1.50977838414045        1.50977841919293        1.50978132124507     
   1.50978239667399        1.50978207545498        1.50978506082753     
   1.50978528012247        1.50978457246241        1.50978662254422     
   1.50978699022520        1.50978762026524        1.50978933154456     
   1.50978989630442        1.50979173132268        1.50979009045095     
   1.50979099846519        1.50979314520199        1.50979203276987     
   1.50979042992306        1.50979353266748        1.50979258621774     
   1.50979288535863        1.50979525464823        1.50979434045152     
   1.50979475298583        1.50979625185949        1.50979599801735     
   1.50979635352452        1.50979661641927        1.50979683864142     
   1.50979808192916        1.50979626631703        1.50979591055857     
   1.50979860886090        1.50979842378333        1.50979903508038     
   1.50979820433415        1.50979853849282        1.50979769465079     
   1.50979853984898        1.50979789634177        1.50980022212457     
   1.50980095548001        1.50980061555949        1.50979719292809     
   1.50979860777223        1.50980006698169        1.50979990648386     
   1.50980068014310        1.50979940800682        1.50979930582934     
   1.50979949029872        1.50979862707618        1.50980025720335     
   1.50979989112041        1.50980062376335        1.50979983594423     
   1.50979977641582        1.50980140358189        1.50980033302554     
   1.50979977050015        1.50979856263246        1.50979940356543     
   1.50980108569861        1.50980035381077        1.50979988550185     
   1.50979754433851        1.50980030502221        1.50979963000584     
   1.50979903431898        1.50980053114597        1.50979983154324     
   1.50979928249860        1.50979823041808        1.50980020563159     
   1.50979850475716        1.50979968564232        1.50980005843773     
   1.50980026609186        1.50979881857097        1.50980122232060     
   1.50979880037749        1.50979936009037        1.50979983617971     
   1.50980139100233        1.50979966817135        1.50980151825247     
   1.50980082136969        1.50980029980391        1.50979825988557     
   1.50979889360960        1.50980064441595        1.50979933856908     
   1.50979828310347        1.50980050759737        1.50979947020055     
   1.50979845453296        1.50980053084982        1.50979899545269     
   1.50979851486239        1.50980034388692        1.50980095317776     
   1.50979962102719        1.50979816932612        1.50979720837073     
   1.50979969536341        1.50979775236025        1.50979957042219     
   1.50979944825598        1.50979861253110        1.50980023655651     
   1.50979932177766        1.50979868644760        1.50979808670451     
   1.50979870642208        1.50979835410925        1.50979886606626     
   1.50979999288581        1.50979951856129        1.50980047428064     
   1.50980087084086        1.50979977659650        1.50979877801804     
   1.50979892031611        1.50979996624304        1.50980004389775     
   1.50980041126634        1.50979994432540        1.50979969878063     
   1.50979920988514        1.50979803878364        1.50979694672044     
   1.50979847402299        1.50979908188255        1.50979888505065     
   1.50979947160905        1.50979857461574        1.50979919266128     
   1.50979752713189        1.50979966959649        1.50979884890798     
   1.50979926291261        1.50979817397915        1.50979822457920     
   1.50979818759972        1.50979624812640        1.50979885033057     
   1.50979787641203        1.50979854362212        1.50979830027145     
   1.50980038738229        1.50979909674219        1.50980031423638     
   1.50979853048701        1.50979904372558        1.50979680346416     
   1.50979754701621        1.50979937711995        1.50979809170372     
   1.50979959954136        1.50979891429262        1.50979984616871     
   1.50979935689832        1.50979886323366        1.50979837774896     
   1.50979861810676        1.50979848479341        1.50979980276818     
   1.50979669576530        1.50979976397130        1.50979914184198     
   1.50980024901626        1.50979933870102        1.50979777364046     
   1.50979886158342        1.50980070512857        1.50980003328966     
   1.50979880325852        1.50979691348740        1.50979697104626     
   1.50979803251147        1.50979721186361        1.50979749582670     
   1.50979839674532        1.50979875587280        1.50979832676881     
   1.50979840435312        1.50979750310441        1.50979701459509     
   1.50979850733494        1.50979888578779        1.50979729735268     
   1.50979747614084        1.50979802514726        1.50979774908398     
   1.50979717399231        1.50979920898405        1.50979874638787     
  0.682391866639789       0.681893638046216       0.681563694982066     
  0.681278593456758       0.681032688808753       0.680814070836299     
  0.680623264681802       0.680447578029947       0.680289610921593     
  0.680146124936943       0.680016165426504       0.679906000477868     
  0.679811405508489       0.679724407279869       0.679645692807727     
  0.679578918155938       0.679515914851849       0.679462958839423     
  0.679414504200768       0.679372130687099       0.679333794204872     
  0.679300299094570       0.679269733624300       0.679243837217034     
  0.679223243031124       0.679201564862787       0.679184282956287     
  0.679169948569532       0.679152824244494       0.679141634147183     
  0.679130762744376       0.679122551211194       0.679115882423978     
  0.679110629173093       0.679105765421688       0.679102475257073     
  0.679099941141145       0.679097353186015       0.679095386910482     
  0.679092154847390       0.679090968917040       0.679090729611884     
  0.679091267078186       0.679090417370876       0.679090254461082     
  0.679091083953228       0.679091005425917       0.679091011819582     
  0.679093031496563       0.679094048543287       0.679090119177323     
  0.679092554662192       0.679093067755621       0.679094969273145     
  0.679096284748434       0.679097004726819       0.679098838299279     
  0.679099952151947       0.679100413348527       0.679102114177974     
  0.679102736865509       0.679102880029825       0.679104095532938     
  0.679104646053065       0.679105241143062       0.679106268293300     
  0.679106835633663       0.679107910523374       0.679107536444045     
  0.679108152598204       0.679109261648174       0.679109097668417     
  0.679108648480830       0.679110071718244       0.679109919356909     
  0.679110187478414       0.679111319362428       0.679111182262093     
  0.679111511632943       0.679112272498623       0.679112360221137     
  0.679112660555794       0.679112900705539       0.679113094974014     
  0.679113740789082       0.679113170698025       0.679113058625030     
  0.679114208049246       0.679114272058405       0.679114648199216     
  0.679114422959573       0.679114613985288       0.679114340555090     
  0.679114706638896       0.679114486940099       0.679115459745239     
  0.679115881647617       0.679115856595239       0.679114483232113     
  0.679114989222376       0.679115588777249       0.679115596418557     
  0.679115954883436       0.679115497258122       0.679115465793011     
  0.679115538472632       0.679115196820789       0.679115847870915     
  0.679115733575906       0.679116046551448       0.679115755211566     
  0.679115723363438       0.679116393542927       0.679116026702273     
  0.679115793081119       0.679115265276224       0.679115535648510     
  0.679116229622507       0.679116007547226       0.679115862701049     
  0.679114877348239       0.679115926522749       0.679115695406650     
  0.679115493480786       0.679116125819687       0.679115898378202     
  0.679115684957887       0.679115260999566       0.679116056095209     
  0.679115412188315       0.679115876609421       0.679116061864875     
  0.679116218125934       0.679115652435072       0.679116642602522     
  0.679115697381479       0.679115864676834       0.679116085847945     
  0.679116738131463       0.679116096167679       0.679116797107927     
  0.679116544132076       0.679116324133870       0.679115478694115     
  0.679115636783474       0.679116326071971       0.679115822891568     
  0.679115361802369       0.679116236529687       0.679115838926091     
  0.679115410337257       0.679116210118084       0.679115638976343     
  0.679115430692361       0.679116162361723       0.679116467942390     
  0.679115983531459       0.679115402892419       0.679114952989992     
  0.679115911459542       0.679115166411686       0.679115897245078     
  0.679115903061199       0.679115565828529       0.679116227325918     
  0.679115913710619       0.679115679765248       0.679115423854320     
  0.679115671756077       0.679115554235733       0.679115755153042     
  0.679116244906143       0.679116080462578       0.679116460587921     
  0.679116685454372       0.679116256047934       0.679115795696258     
  0.679115826703531       0.679116210078960       0.679116247350071     
  0.679116381141661       0.679116182279612       0.679116044305242     
  0.679115804412700       0.679115269738289       0.679114789202094     
  0.679115335479644       0.679115628407269       0.679115577548684     
  0.679115857165625       0.679115521263411       0.679115770522500     
  0.679115109677498       0.679115974663820       0.679115710335520     
  0.679115892328895       0.679115442268754       0.679115468435619     
  0.679115460519393       0.679114682774099       0.679115723503335     
  0.679115390908398       0.679115695813424       0.679115619129284     
  0.679116486552930       0.679116031836525       0.679116538672349     
  0.679115847775151       0.679116023306147       0.679115109180806     
  0.679115312148472       0.679116045992642       0.679115570416204     
  0.679116187967348       0.679115951010090       0.679116339238679     
  0.679116145747033       0.679115928874063       0.679115716591607     
  0.679115743399101       0.679115665884856       0.679116206300438     
  0.679114933993610       0.679116093789136       0.679115869016575     
  0.679116302422503       0.679115961578367       0.679115284648808     
  0.679115656859087       0.679116431334598       0.679116215446550     
  0.679115748223959       0.679114940160292       0.679114877633947     
  0.679115278695516       0.679114958475544       0.679115067976636     
  0.679115482924162       0.679115662794641       0.679115523949890     
  0.679115591331004       0.679115231499834       0.679115011923207     
  0.679115658544610       0.679115881613307       0.679115264354556     
  0.679115329071922       0.679115547629138       0.679115495378641     
  0.679115308548181       0.679116140453297       0.679116043903853     
 -2.884343495497863E-003 -6.357987341659185E-004 -6.966273928908354E-004
 -6.712750401487664E-004 -6.142420336999441E-004 -5.480525622687196E-004
 -4.846095589277816E-004 -4.250626503103479E-004 -3.716337568941129E-004
 -3.240814208642845E-004 -2.821103244367523E-004 -2.454395347079455E-004
 -2.138916096926810E-004 -1.848415613885181E-004 -1.588307422743710E-004
 -1.378152174576951E-004 -1.173188035400141E-004 -1.010662117701448E-004
 -8.591114718407574E-005 -7.289021350784258E-005 -6.095626465622625E-005
 -5.062855201634345E-005 -4.117621842891567E-005 -3.337198314435061E-005
 -2.774719005466638E-005 -2.086985500439770E-005 -1.578364479999496E-005
 -1.178603028081444E-005 -5.919253312721978E-006 -2.760162659823530E-006
  6.247584775723441E-007  2.757110418716720E-006  5.230961299064119E-006
  7.375253867119516E-006  9.452277503765039E-006  1.056090953510363E-005
  1.138995922725383E-005  1.239385445736406E-005  1.317386870045242E-005
  1.491314541557563E-005  1.530195020572974E-005  1.506409969926079E-005
  1.441757257771398E-005  1.494864637445041E-005  1.513718314895469E-005
  1.491817775038014E-005  1.525886508315959E-005  1.548919615555466E-005
  1.402949335445529E-005  1.354362215522565E-005  1.424971020542021E-005
  1.274492243314929E-005  1.342419155473831E-005  1.227501592349214E-005
  1.181590868058386E-005  1.193181646560129E-005  1.063095001840565E-005
  1.017449181448323E-005  1.039087544865237E-005  9.027275948296011E-006
  8.960680666834737E-006  9.354368763224223E-006  8.402764832948160E-006
  8.241841427722538E-006  7.967809502561098E-006  7.157907057993461E-006
  6.887409483747034E-006  5.994166818204410E-006  6.787634456189889E-006
  6.341615273314830E-006  5.305712227248191E-006  5.818548295239525E-006
  6.582247031197216E-006  5.086565932013787E-006  5.520579634820586E-006
  5.374507154146292E-006  4.216999591274912E-006  4.615942756060533E-006
  4.402433270455137E-006  3.662198520293705E-006  3.740096749470757E-006
  3.528677813098171E-006  3.379717046760516E-006  3.261201635229135E-006
  2.626294762140654E-006  3.452476631246665E-006  3.620878472639928E-006
  2.299596697471443E-006  2.339659492710318E-006  1.997559784879971E-006
  2.355689702475248E-006  2.177830956515991E-006  2.549703822110575E-006
  2.126760385504589E-006  2.408672934886808E-006  1.257030774341612E-006
  8.408752611533898E-007  9.533608187700241E-007  2.585477432819762E-006
  1.895343792872344E-006  1.162058314797535E-006  1.183999695918601E-006
  7.711608862173635E-007  1.337524296880830E-006  1.357776983800044E-006
  1.242351469968427E-006  1.626191733272991E-006  8.228743102763113E-007
  9.659685195975510E-007  5.909551934950798E-007  9.501765549046786E-007
  9.707283699869346E-007  1.764545329513174E-007  6.703739709580571E-007
  9.557768656275100E-007  1.558192883752295E-006  1.178165108855479E-006
  3.635766055858539E-007  6.964458395206998E-007  9.066768366680844E-007
  2.051938216485470E-006  7.392418107892534E-007  1.056541063545691E-006
  1.320411778553657E-006  5.831330187660513E-007  8.939004904459090E-007
  1.144714576930068E-006  1.633634469401340E-006  6.590555170459212E-007
  1.438243212415472E-006  8.558793643688605E-007  6.453898570246017E-007
  4.942597286419628E-007  1.160658633680362E-006 -3.619136800106572E-008
  1.094892402259210E-006  8.103229410566088E-007  5.352810590443997E-007
 -2.422069922683723E-007  5.399704955722580E-007 -3.573680301967869E-007
 -4.778698668921039E-008  1.966121709311789E-007  1.169831141036797E-006
  8.928234915004681E-007  4.298142863321153E-008  6.560454302535063E-007
  1.169394163792663E-006  1.018806754815437E-007  5.979535560200745E-007
  1.093209719542342E-006  1.117113100703999E-007  8.254703599167530E-007
  1.054329772262198E-006  1.777874749968025E-007 -1.290235026959535E-007
  5.042501277485952E-007  1.203719643728943E-006  1.686901171576933E-006
  5.005678266532066E-007  1.415735342152814E-006  5.258201331053490E-007
  5.503094069981538E-007  9.376511339615547E-007  1.353486859534080E-007
  5.437604945792270E-007  8.316838178641091E-007  1.109985228451554E-006
  7.942576242150218E-007  9.319226118841589E-007  6.631895118662845E-007
  9.047357512609220E-008  2.939388247932929E-007 -1.810899259676950E-007
 -4.150861164116980E-007  9.833328126455116E-008  5.852012597052646E-007
  5.032467480011791E-007  4.162257352036838E-009 -4.397063821389488E-008
 -2.223806761494536E-007  7.537058753674860E-009  1.470031850365697E-007
  3.991152888818532E-007  9.845582567963652E-007  1.517918663380439E-006
  8.066583883741341E-007  4.887883451204733E-007  5.719948872358732E-007
  2.713387802241787E-007  6.926859922562620E-007  3.982106338643587E-007
  1.192795686411780E-006  1.531549082085368E-007  5.249905880919355E-007
  3.189576971674163E-007  8.486505086219716E-007  8.051110967699883E-007
  8.037619316140403E-007  1.710280962719748E-006  4.333361838919799E-007
  8.588249485740062E-007  5.019818284349824E-007  5.982579622596693E-007
 -4.382562683247215E-007  1.459024529194394E-007 -4.550275714428347E-007
  3.932584940733341E-007  1.562158370425434E-007  1.228809974261045E-006
  9.001130894247427E-007  1.909489279989791E-008  6.254775217043507E-007
 -1.037677937202139E-007  2.126588863896112E-007 -2.308924816369523E-007
  1.666501789213248E-008  2.764271923110226E-007  5.185998508007468E-007
  4.381086579675815E-007  5.173601306145936E-007 -1.199284702017100E-007
  1.385202840865266E-006 -7.708682010451053E-008  2.041573287315694E-007
 -3.282839603129921E-007  8.819819771197231E-008  8.422988592428508E-007
  3.139520399790078E-007 -6.102108054574426E-007 -3.123609864346830E-007
  2.551789799150230E-007  1.169050600478783E-006  1.152991557876447E-006
  6.418492392913548E-007  1.019921701394505E-006  8.747328344985118E-007
  4.076656270543837E-007  2.265148902135861E-007  4.278942901306640E-007
  3.844504146826930E-007  8.255418640115180E-007  1.070678993161141E-006
  3.318776464504004E-007  1.273462995847600E-007  8.957864740916677E-007
  8.077603048182939E-007  5.361043108428209E-007  6.242315249376854E-007
  8.435989970678830E-007 -1.966250061254906E-007  1.871743671862885E-007
