          1.269261
          1.269235
          1.269206
          1.269172
          1.269137
          1.269104
          1.269076
          1.269051
          1.269028
          1.269009
          1.268993
          1.268978
          1.268966
          1.268954
          1.268944
          1.268936
          1.268928
          1.268922
          1.268917
          1.268912
          1.268908
          1.268904
          1.268901
          1.268898
          1.268897
          1.268895
          1.268893
          1.268893
          1.268890
          1.268890
          1.268889
          1.268889
          1.268888
          1.268888
          1.268887
          1.268887
          1.268888
          1.268888
          1.268888
          1.268887
          1.268887
          1.268888
          1.268889
          1.268889
          1.268889
          1.268889
          1.268889
          1.268889
          1.268890
          1.268891
          1.268891
          1.268892
          1.268891
          1.268892
          1.268892
          1.268892
          1.268893
          1.268893
          1.268893
          1.268894
          1.268894
          1.268894
          1.268894
          1.268894
          1.268894
          1.268895
          1.268895
          1.268895
          1.268895
          1.268895
          1.268896
          1.268895
          1.268894
          1.268896
          1.268895
          1.268895
          1.268896
          1.268895
          1.268896
          1.268896
          1.268896
          1.268896
          1.268896
          1.268896
          1.268896
          1.268896
          1.268895
          1.268896
          1.268896
          1.268897
          1.268896
          1.268896
          1.268896
          1.268896
          1.268896
          1.268897
          1.268897
          1.268897
          1.268896
          1.268896
          1.268897
          1.268896
          1.268897
          1.268896
          1.268896
          1.268896
          1.268896
          1.268896
          1.268896
          1.268897
          1.268896
          1.268896
          1.268897
          1.268896
          1.268896
          1.268896
          1.268896
          1.268896
          1.268896
          1.268896
          1.268895
          1.268896
          1.268896
          1.268896
          1.268896
          1.268896
          1.268896
          1.268895
          1.268896
          1.268895
          1.268896
          1.268896
          1.268896
          1.268895
          1.268896
          1.268895
          1.268895
          1.268896
          1.268896
          1.268896
          1.268896
          1.268896
          1.268896
          1.268895
          1.268895
          1.268896
          1.268895
          1.268895
          1.268896
          1.268895
          1.268895
          1.268896
          1.268895
          1.268895
          1.268896
          1.268896
          1.268895
          1.268895
          1.268894
          1.268895
          1.268894
          1.268895
          1.268895
          1.268895
          1.268895
          1.268895
          1.268895
          1.268895
          1.268895
          1.268895
          1.268895
          1.268895
          1.268895
          1.268895
          1.268896
          1.268895
          1.268895
          1.268895
          1.268895
          1.268895
          1.268895
          1.268895
          1.268895
          1.268895
          1.268894
          1.268894
          1.268894
          1.268895
          1.268895
          1.268895
          1.268894
          1.268895
          1.268894
          1.268895
          1.268895
          1.268895
          1.268894
          1.268894
          1.268894
          1.268893
          1.268895
          1.268894
          1.268894
          1.268894
          1.268895
          1.268895
          1.268895
          1.268894
          1.268895
          1.268894
          1.268894
          1.268895
          1.268894
          1.268895
          1.268894
          1.268895
          1.268895
          1.268894
          1.268894
          1.268894
          1.268894
          1.268895
          1.268893
          1.268895
          1.268894
          1.268895
          1.268894
          1.268894
          1.268894
          1.268895
          1.268895
          1.268894
          1.268894
          1.268894
          1.268894
          1.268894
          1.268894
          1.268894
          1.268894
          1.268894
          1.268894
          1.268894
          1.268894
          1.268894
          1.268894
          1.268894
          1.268894
          1.268894
          1.268894
          1.268894
          1.268895
          1.268894
