         13.371165
         13.370785
         13.370102
         13.369326
         13.368564
         13.367869
         13.367259
         13.366741
         13.366312
         13.365967
         13.365696
         13.365494
         13.365351
         13.365261
         13.365216
         13.365211
         13.365239
         13.365296
         13.365377
         13.365478
         13.365595
         13.365726
         13.365867
         13.366017
         13.366173
         13.366333
         13.366496
         13.366660
         13.366825
         13.366989
         13.367152
         13.367313
         13.367471
         13.367626
         13.367777
         13.367925
         13.368068
         13.368208
         13.368343
         13.368473
         13.368599
         13.368720
         13.368837
         13.368949
         13.369057
         13.369160
         13.369259
         13.369354
         13.369444
         13.369529
         13.369610
         13.369693
         13.369772
         13.369847
         13.369918
         13.369986
         13.370050
         13.370111
         13.370169
         13.370225
         13.370277
         13.370327
         13.370374
         13.370419
         13.370462
         13.370502
         13.370541
         13.370577
         13.370611
         13.370644
         13.370675
         13.370704
         13.370731
         13.370757
         13.370781
         13.370805
         13.370826
         13.370847
         13.370866
         13.370885
         13.370902
         13.370918
         13.370934
         13.370948
         13.370962
         13.370974
         13.370987
         13.370998
         13.371009
         13.371019
         13.371028
         13.371037
         13.371045
         13.371053
         13.371061
         13.371068
         13.371074
         13.371080
         13.371086
         13.371092
         13.371097
         13.371101
         13.371106
         13.371110
         13.371114
         13.371118
         13.371122
         13.371125
         13.371128
         13.371131
         13.371134
         13.371136
         13.371139
         13.371141
         13.371143
         13.371146
         13.371148
         13.371149
         13.371151
         13.371153
         13.371154
         13.371156
         13.371157
         13.371158
         13.371160
         13.371161
         13.371162
         13.371163
         13.371164
         13.371165
         13.371166
         13.371166
         13.371167
         13.371168
         13.371169
         13.371169
         13.371170
         13.371171
         13.371171
         13.371172
         13.371172
         13.371173
         13.371173
         13.371174
         13.371174
         13.371174
         13.371175
         13.371175
         13.371176
         13.371176
         13.371176
         13.371176
         13.371177
         13.371177
         13.371177
         13.371178
         13.371178
         13.371178
         13.371178
         13.371178
         13.371179
         13.371179
         13.371179
         13.371179
         13.371179
         13.371180
         13.371180
         13.371180
         13.371180
         13.371180
         13.371180
         13.371180
         13.371180
         13.371181
         13.371181
         13.371181
         13.371181
         13.371181
         13.371181
         13.371181
         13.371181
         13.371181
         13.371181
         13.371182
         13.371182
         13.371182
         13.371182
         13.371182
         13.371182
         13.371182
         13.371182
         13.371182
         13.371182
         13.371182
         13.371182
         13.371182
         13.371182
         13.371182
         13.371182
         13.371182
         13.371182
         13.371182
         13.371183
         13.371183
         13.371183
         13.371183
         13.371183
         13.371183
         13.371183
         13.371183
         13.371183
         13.371183
         13.371183
         13.371183
         13.371183
         13.371183
         13.371183
         13.371183
         13.371183
         13.371183
         13.371183
         13.371183
         13.371183
         13.371183
         13.371183
         13.371183
         13.371183
         13.371183
         13.371183
         13.371183
         13.371183
         13.371183
         13.371184
         13.371184
         13.371184
         13.371184
         13.371184
         13.371184
         13.371184
         13.371184
         13.371184
         13.371184
         13.371184
         13.371184
         13.371184
         13.371184
         13.371185
         13.371185
         13.371185
         13.371185
         13.371185
         13.371185
         13.371186
