          0.614938
          0.614914
          0.614895
          0.614878
          0.614864
          0.614853
          0.614846
          0.614840
          0.614837
          0.614837
          0.614838
          0.614841
          0.614846
          0.614852
          0.614858
          0.614866
          0.614874
          0.614883
          0.614892
          0.614901
          0.614911
          0.614921
          0.614930
          0.614940
          0.614950
          0.614959
          0.614968
          0.614977
          0.614986
          0.614995
          0.615003
          0.615012
          0.615020
          0.615027
          0.615035
          0.615042
          0.615049
          0.615056
          0.615062
          0.615068
          0.615074
          0.615080
          0.615085
          0.615091
          0.615096
          0.615101
          0.615105
          0.615110
          0.615114
          0.615119
          0.615125
          0.615128
          0.615131
          0.615134
          0.615137
          0.615140
          0.615142
          0.615145
          0.615147
          0.615149
          0.615152
          0.615154
          0.615156
          0.615158
          0.615159
          0.615161
          0.615163
          0.615164
          0.615166
          0.615167
          0.615168
          0.615170
          0.615171
          0.615172
          0.615173
          0.615174
          0.615175
          0.615176
          0.615177
          0.615177
          0.615178
          0.615179
          0.615180
          0.615180
          0.615181
          0.615181
          0.615182
          0.615182
          0.615183
          0.615183
          0.615184
          0.615184
          0.615185
          0.615185
          0.615185
          0.615185
          0.615186
          0.615186
          0.615186
          0.615187
          0.615187
          0.615187
          0.615187
          0.615187
          0.615188
          0.615188
          0.615188
          0.615188
          0.615188
          0.615188
          0.615188
          0.615188
          0.615189
          0.615189
          0.615189
          0.615189
          0.615189
          0.615189
          0.615189
          0.615189
          0.615189
          0.615189
          0.615189
          0.615189
          0.615189
          0.615189
          0.615189
          0.615190
          0.615190
          0.615190
          0.615190
          0.615190
          0.615190
          0.615190
          0.615190
          0.615190
          0.615190
          0.615190
          0.615190
          0.615190
          0.615190
          0.615190
          0.615190
          0.615190
          0.615190
          0.615190
          0.615190
          0.615190
          0.615190
          0.615190
          0.615190
          0.615190
          0.615190
          0.615190
          0.615190
          0.615190
          0.615190
          0.615190
          0.615190
          0.615190
          0.615190
          0.615190
          0.615190
          0.615190
          0.615190
          0.615190
          0.615190
          0.615190
          0.615190
          0.615190
          0.615190
          0.615190
          0.615190
          0.615190
          0.615190
          0.615190
          0.615190
          0.615190
          0.615190
          0.615190
          0.615190
          0.615190
          0.615190
          0.615190
          0.615190
          0.615190
          0.615190
          0.615190
          0.615190
          0.615190
          0.615190
          0.615190
          0.615190
          0.615190
          0.615190
          0.615190
          0.615190
          0.615190
          0.615190
          0.615190
          0.615190
          0.615190
          0.615190
          0.615190
          0.615190
          0.615190
          0.615190
          0.615190
          0.615190
          0.615190
          0.615190
          0.615190
          0.615190
          0.615190
          0.615190
          0.615190
          0.615190
          0.615190
          0.615190
          0.615190
          0.615190
          0.615190
          0.615190
          0.615190
          0.615190
          0.615190
          0.615190
          0.615190
          0.615190
          0.615190
          0.615190
          0.615190
          0.615190
          0.615190
          0.615190
          0.615190
          0.615190
          0.615190
          0.615190
          0.615190
          0.615190
          0.615190
          0.615190
          0.615190
          0.615190
          0.615190
          0.615190
          0.615190
          0.615190
          0.615190
          0.615190
          0.615190
