          1.328061
          1.328725
          1.328991
          1.329065
          1.329048
          1.328989
          1.328915
          1.328837
          1.328761
          1.328690
          1.328624
          1.328565
          1.328511
          1.328462
          1.328419
          1.328380
          1.328345
          1.328313
          1.328285
          1.328260
          1.328238
          1.328217
          1.328200
          1.328183
          1.328169
          1.328156
          1.328145
          1.328135
          1.328126
          1.328118
          1.328111
          1.328104
          1.328099
          1.328094
          1.328089
          1.328085
          1.328082
          1.328079
          1.328076
          1.328074
          1.328072
          1.328070
          1.328068
          1.328067
          1.328065
          1.328064
          1.328063
          1.328063
          1.328062
          1.328061
          1.328061
          1.328060
          1.328059
          1.328059
          1.328059
          1.328059
          1.328059
          1.328059
          1.328058
          1.328058
          1.328058
          1.328058
          1.328058
          1.328058
          1.328058
          1.328058
          1.328058
          1.328059
          1.328059
          1.328059
          1.328059
          1.328059
          1.328059
          1.328059
          1.328059
          1.328059
          1.328059
          1.328059
          1.328059
          1.328059
          1.328059
          1.328059
          1.328059
          1.328060
          1.328060
          1.328060
          1.328060
          1.328060
          1.328060
          1.328060
          1.328060
          1.328060
          1.328060
          1.328060
          1.328060
          1.328060
          1.328060
          1.328060
          1.328060
          1.328060
          1.328060
          1.328060
          1.328060
          1.328060
          1.328060
          1.328060
          1.328060
          1.328060
          1.328060
          1.328060
          1.328060
          1.328060
          1.328060
          1.328060
          1.328060
          1.328060
          1.328060
          1.328060
          1.328061
          1.328061
          1.328061
          1.328061
          1.328061
          1.328061
          1.328061
          1.328061
          1.328061
          1.328061
          1.328061
          1.328061
          1.328061
          1.328061
          1.328061
          1.328061
          1.328061
          1.328061
          1.328061
          1.328061
          1.328061
          1.328061
          1.328061
          1.328061
          1.328061
          1.328061
          1.328061
          1.328061
          1.328061
          1.328061
          1.328061
          1.328061
          1.328061
          1.328061
          1.328061
          1.328061
          1.328061
          1.328061
          1.328061
          1.328061
          1.328061
          1.328061
          1.328061
          1.328061
          1.328061
          1.328061
          1.328061
          1.328061
          1.328061
          1.328061
          1.328061
          1.328061
          1.328061
          1.328061
          1.328061
          1.328061
          1.328061
          1.328061
          1.328061
          1.328061
          1.328061
          1.328061
          1.328061
          1.328061
          1.328061
          1.328061
          1.328061
          1.328061
          1.328061
          1.328061
          1.328061
          1.328061
          1.328061
          1.328061
          1.328061
          1.328061
          1.328061
          1.328061
          1.328061
          1.328061
          1.328061
          1.328061
          1.328061
          1.328061
          1.328061
          1.328061
          1.328061
          1.328061
          1.328061
          1.328061
          1.328061
          1.328061
          1.328061
          1.328061
          1.328061
          1.328061
          1.328061
          1.328061
          1.328061
          1.328061
          1.328061
          1.328061
          1.328061
          1.328061
          1.328061
          1.328061
          1.328061
          1.328061
          1.328061
          1.328061
          1.328061
          1.328061
          1.328061
          1.328061
          1.328061
          1.328061
          1.328061
          1.328061
          1.328061
          1.328061
          1.328061
          1.328061
          1.328061
          1.328061
          1.328061
          1.328061
          1.328061
          1.328061
          1.328061
          1.328061
          1.328061
          1.328061
          1.328061
          1.328061
          1.328061
