          0.281970
          0.282039
          0.282115
          0.282202
          0.282292
          0.282379
          0.282461
          0.282538
          0.282608
          0.282671
          0.282728
          0.282779
          0.282824
          0.282864
          0.282898
          0.282929
          0.282955
          0.282978
          0.282998
          0.283014
          0.283029
          0.283041
          0.283051
          0.283059
          0.283066
          0.283071
          0.283076
          0.283079
          0.283082
          0.283083
          0.283085
          0.283085
          0.283085
          0.283085
          0.283084
          0.283083
          0.283082
          0.283081
          0.283079
          0.283077
          0.283076
          0.283074
          0.283072
          0.283070
          0.283068
          0.283066
          0.283063
          0.283061
          0.283059
          0.283056
          0.283061
          0.283058
          0.283055
          0.283053
          0.283051
          0.283050
          0.283048
          0.283046
          0.283045
          0.283043
          0.283042
          0.283041
          0.283039
          0.283038
          0.283037
          0.283036
          0.283035
          0.283033
          0.283032
          0.283031
          0.283030
          0.283030
          0.283029
          0.283028
          0.283027
          0.283026
          0.283026
          0.283025
          0.283024
          0.283024
          0.283023
          0.283022
          0.283022
          0.283021
          0.283021
          0.283021
          0.283020
          0.283020
          0.283019
          0.283019
          0.283019
          0.283018
          0.283018
          0.283018
          0.283017
          0.283017
          0.283017
          0.283017
          0.283017
          0.283016
          0.283016
          0.283016
          0.283016
          0.283016
          0.283016
          0.283015
          0.283015
          0.283015
          0.283015
          0.283015
          0.283015
          0.283015
          0.283015
          0.283015
          0.283015
          0.283014
          0.283014
          0.283014
          0.283014
          0.283014
          0.283014
          0.283014
          0.283014
          0.283014
          0.283014
          0.283014
          0.283014
          0.283014
          0.283014
          0.283014
          0.283014
          0.283014
          0.283014
          0.283014
          0.283014
          0.283014
          0.283014
          0.283014
          0.283014
          0.283014
          0.283014
          0.283014
          0.283014
          0.283014
          0.283014
          0.283014
          0.283014
          0.283014
          0.283014
          0.283014
          0.283014
          0.283014
          0.283014
          0.283013
          0.283013
          0.283013
          0.283013
          0.283013
          0.283013
          0.283013
          0.283013
          0.283013
          0.283013
          0.283013
          0.283013
          0.283013
          0.283013
          0.283013
          0.283013
          0.283013
          0.283013
          0.283013
          0.283013
          0.283013
          0.283013
          0.283013
          0.283013
          0.283013
          0.283013
          0.283013
          0.283013
          0.283013
          0.283013
          0.283013
          0.283013
          0.283013
          0.283013
          0.283013
          0.283013
          0.283013
          0.283013
          0.283013
          0.283013
          0.283013
          0.283013
          0.283013
          0.283013
          0.283013
          0.283013
          0.283013
          0.283013
          0.283013
          0.283013
          0.283013
          0.283013
          0.283013
          0.283013
          0.283013
          0.283013
          0.283013
          0.283013
          0.283013
          0.283013
          0.283013
          0.283013
          0.283013
          0.283013
          0.283013
          0.283013
          0.283013
          0.283013
          0.283013
          0.283013
          0.283013
          0.283013
          0.283013
          0.283013
          0.283013
          0.283013
          0.283013
          0.283013
          0.283013
          0.283013
          0.283013
          0.283013
          0.283013
          0.283013
          0.283013
          0.283013
          0.283013
          0.283013
          0.283013
          0.283013
          0.283014
          0.283014
          0.283014
          0.283014
          0.283014
          0.283014
          0.283014
          0.283014
          0.283014
