         12.043104
         12.042061
         12.041111
         12.040260
         12.039517
         12.038880
         12.038345
         12.037905
         12.037552
         12.037277
         12.037072
         12.036929
         12.036840
         12.036798
         12.036797
         12.036831
         12.036895
         12.036983
         12.037092
         12.037218
         12.037358
         12.037509
         12.037668
         12.037833
         12.038003
         12.038176
         12.038351
         12.038525
         12.038699
         12.038871
         12.039041
         12.039208
         12.039372
         12.039532
         12.039688
         12.039839
         12.039986
         12.040129
         12.040267
         12.040399
         12.040527
         12.040651
         12.040769
         12.040883
         12.040992
         12.041096
         12.041196
         12.041291
         12.041382
         12.041468
         12.041549
         12.041633
         12.041713
         12.041788
         12.041859
         12.041927
         12.041992
         12.042053
         12.042111
         12.042166
         12.042219
         12.042269
         12.042316
         12.042361
         12.042404
         12.042444
         12.042482
         12.042518
         12.042553
         12.042585
         12.042616
         12.042645
         12.042672
         12.042698
         12.042723
         12.042746
         12.042767
         12.042788
         12.042807
         12.042825
         12.042843
         12.042859
         12.042874
         12.042889
         12.042902
         12.042915
         12.042927
         12.042938
         12.042949
         12.042959
         12.042968
         12.042977
         12.042985
         12.042993
         12.043001
         12.043008
         12.043014
         12.043020
         12.043026
         12.043031
         12.043036
         12.043041
         12.043046
         12.043050
         12.043054
         12.043058
         12.043061
         12.043065
         12.043068
         12.043071
         12.043073
         12.043076
         12.043079
         12.043081
         12.043083
         12.043085
         12.043087
         12.043089
         12.043091
         12.043092
         12.043094
         12.043095
         12.043097
         12.043098
         12.043099
         12.043100
         12.043101
         12.043102
         12.043103
         12.043104
         12.043105
         12.043106
         12.043107
         12.043107
         12.043108
         12.043109
         12.043109
         12.043110
         12.043111
         12.043111
         12.043112
         12.043112
         12.043113
         12.043113
         12.043113
         12.043114
         12.043114
         12.043115
         12.043115
         12.043115
         12.043116
         12.043116
         12.043116
         12.043116
         12.043117
         12.043117
         12.043117
         12.043117
         12.043118
         12.043118
         12.043118
         12.043118
         12.043118
         12.043119
         12.043119
         12.043119
         12.043119
         12.043119
         12.043119
         12.043119
         12.043120
         12.043120
         12.043120
         12.043120
         12.043120
         12.043120
         12.043120
         12.043120
         12.043120
         12.043121
         12.043121
         12.043121
         12.043121
         12.043121
         12.043121
         12.043121
         12.043121
         12.043121
         12.043121
         12.043121
         12.043121
         12.043121
         12.043121
         12.043121
         12.043122
         12.043122
         12.043122
         12.043122
         12.043122
         12.043122
         12.043122
         12.043122
         12.043122
         12.043122
         12.043122
         12.043122
         12.043122
         12.043122
         12.043122
         12.043122
         12.043122
         12.043122
         12.043122
         12.043122
         12.043122
         12.043122
         12.043122
         12.043122
         12.043122
         12.043122
         12.043122
         12.043122
         12.043122
         12.043122
         12.043123
         12.043123
         12.043123
         12.043123
         12.043123
         12.043123
         12.043123
         12.043123
         12.043123
         12.043123
         12.043123
         12.043123
         12.043123
         12.043123
         12.043123
         12.043123
         12.043123
         12.043123
         12.043123
         12.043124
         12.043124
         12.043124
         12.043124
         12.043124
         12.043124
         12.043124
         12.043125
         12.043125
         12.043125
