          0.252515
          0.252787
          0.252863
          0.252850
          0.252796
          0.252726
          0.252652
          0.252580
          0.252513
          0.252450
          0.252393
          0.252342
          0.252295
          0.252252
          0.252214
          0.252179
          0.252148
          0.252120
          0.252094
          0.252071
          0.252050
          0.252031
          0.252014
          0.251999
          0.251985
          0.251973
          0.251961
          0.251951
          0.251942
          0.251933
          0.251926
          0.251919
          0.251913
          0.251907
          0.251902
          0.251897
          0.251893
          0.251889
          0.251886
          0.251883
          0.251880
          0.251877
          0.251875
          0.251873
          0.251871
          0.251869
          0.251867
          0.251866
          0.251865
          0.251863
          0.251863
          0.251862
          0.251860
          0.251860
          0.251859
          0.251858
          0.251857
          0.251857
          0.251856
          0.251856
          0.251855
          0.251855
          0.251855
          0.251854
          0.251854
          0.251854
          0.251853
          0.251853
          0.251853
          0.251853
          0.251852
          0.251852
          0.251852
          0.251852
          0.251852
          0.251852
          0.251852
          0.251851
          0.251851
          0.251851
          0.251851
          0.251851
          0.251851
          0.251851
          0.251851
          0.251851
          0.251851
          0.251851
          0.251851
          0.251851
          0.251851
          0.251851
          0.251850
          0.251850
          0.251850
          0.251850
          0.251850
          0.251850
          0.251850
          0.251850
          0.251850
          0.251850
          0.251850
          0.251850
          0.251850
          0.251850
          0.251850
          0.251850
          0.251850
          0.251850
          0.251850
          0.251850
          0.251850
          0.251850
          0.251850
          0.251850
          0.251850
          0.251850
          0.251850
          0.251850
          0.251850
          0.251850
          0.251850
          0.251850
          0.251850
          0.251850
          0.251850
          0.251850
          0.251850
          0.251850
          0.251850
          0.251850
          0.251850
          0.251850
          0.251850
          0.251850
          0.251850
          0.251850
          0.251850
          0.251850
          0.251850
          0.251850
          0.251850
          0.251850
          0.251850
          0.251850
          0.251850
          0.251850
          0.251850
          0.251850
          0.251850
          0.251850
          0.251850
          0.251850
          0.251850
          0.251850
          0.251850
          0.251850
          0.251850
          0.251850
          0.251850
          0.251850
          0.251850
          0.251850
          0.251850
          0.251850
          0.251850
          0.251850
          0.251850
          0.251850
          0.251850
          0.251850
          0.251850
          0.251850
          0.251850
          0.251850
          0.251850
          0.251850
          0.251850
          0.251850
          0.251850
          0.251850
          0.251850
          0.251850
          0.251850
          0.251850
          0.251850
          0.251850
          0.251850
          0.251850
          0.251850
          0.251850
          0.251850
          0.251850
          0.251850
          0.251850
          0.251850
          0.251850
          0.251850
          0.251850
          0.251850
          0.251850
          0.251850
          0.251850
          0.251850
          0.251850
          0.251850
          0.251850
          0.251850
          0.251850
          0.251850
          0.251850
          0.251850
          0.251850
          0.251850
          0.251850
          0.251850
          0.251850
          0.251850
          0.251850
          0.251850
          0.251850
          0.251850
          0.251850
          0.251850
          0.251850
          0.251850
          0.251850
          0.251850
          0.251850
          0.251850
          0.251850
          0.251850
          0.251850
          0.251850
          0.251850
          0.251850
          0.251850
          0.251850
          0.251850
          0.251850
          0.251850
          0.251850
          0.251850
          0.251850
          0.251850
          0.251850
          0.251850
          0.251850
          0.251850
          0.251850
          0.251850
