          0.040422
          0.040428
          0.040431
          0.040435
          0.040440
          0.040444
          0.040449
          0.040453
          0.040456
          0.040459
          0.040462
          0.040464
          0.040465
          0.040466
          0.040467
          0.040468
          0.040468
          0.040468
          0.040467
          0.040467
          0.040466
          0.040465
          0.040464
          0.040463
          0.040462
          0.040461
          0.040459
          0.040458
          0.040457
          0.040456
          0.040454
          0.040453
          0.040452
          0.040451
          0.040450
          0.040448
          0.040447
          0.040446
          0.040445
          0.040444
          0.040443
          0.040442
          0.040441
          0.040440
          0.040440
          0.040439
          0.040438
          0.040437
          0.040436
          0.040436
          0.040436
          0.040435
          0.040434
          0.040434
          0.040433
          0.040433
          0.040432
          0.040432
          0.040431
          0.040431
          0.040430
          0.040430
          0.040429
          0.040429
          0.040429
          0.040428
          0.040428
          0.040428
          0.040427
          0.040427
          0.040427
          0.040427
          0.040426
          0.040426
          0.040426
          0.040426
          0.040425
          0.040425
          0.040425
          0.040425
          0.040425
          0.040425
          0.040425
          0.040424
          0.040424
          0.040424
          0.040424
          0.040424
          0.040424
          0.040424
          0.040424
          0.040424
          0.040424
          0.040424
          0.040423
          0.040423
          0.040423
          0.040423
          0.040423
          0.040423
          0.040423
          0.040423
          0.040423
          0.040423
          0.040423
          0.040423
          0.040423
          0.040423
          0.040423
          0.040423
          0.040423
          0.040423
          0.040423
          0.040423
          0.040423
          0.040423
          0.040423
          0.040423
          0.040423
          0.040423
          0.040423
          0.040423
          0.040423
          0.040423
          0.040423
          0.040423
          0.040423
          0.040423
          0.040423
          0.040423
          0.040423
          0.040423
          0.040423
          0.040423
          0.040423
          0.040423
          0.040423
          0.040423
          0.040423
          0.040423
          0.040423
          0.040423
          0.040423
          0.040423
          0.040423
          0.040423
          0.040423
          0.040423
          0.040423
          0.040422
          0.040422
          0.040422
          0.040422
          0.040422
          0.040422
          0.040422
          0.040422
          0.040422
          0.040422
          0.040422
          0.040422
          0.040422
          0.040422
          0.040422
          0.040422
          0.040422
          0.040422
          0.040422
          0.040422
          0.040422
          0.040422
          0.040422
          0.040422
          0.040422
          0.040422
          0.040422
          0.040422
          0.040422
          0.040422
          0.040422
          0.040422
          0.040422
          0.040422
          0.040422
          0.040422
          0.040422
          0.040422
          0.040422
          0.040422
          0.040422
          0.040422
          0.040422
          0.040422
          0.040422
          0.040422
          0.040422
          0.040422
          0.040422
          0.040422
          0.040422
          0.040422
          0.040422
          0.040422
          0.040422
          0.040422
          0.040422
          0.040422
          0.040422
          0.040422
          0.040422
          0.040422
          0.040422
          0.040422
          0.040422
          0.040422
          0.040422
          0.040422
          0.040422
          0.040422
          0.040422
          0.040422
          0.040422
          0.040422
          0.040422
          0.040422
          0.040422
          0.040422
          0.040422
          0.040422
          0.040422
          0.040422
          0.040422
          0.040422
          0.040422
          0.040422
          0.040422
          0.040422
          0.040422
          0.040422
          0.040422
          0.040422
          0.040422
          0.040422
          0.040422
          0.040422
          0.040422
          0.040422
          0.040422
          0.040422
          0.040422
          0.040422
          0.040422
