          0.212093
          0.212359
          0.212432
          0.212415
          0.212356
          0.212282
          0.212204
          0.212128
          0.212057
          0.211991
          0.211932
          0.211878
          0.211829
          0.211786
          0.211747
          0.211712
          0.211680
          0.211652
          0.211627
          0.211605
          0.211584
          0.211566
          0.211550
          0.211536
          0.211523
          0.211512
          0.211502
          0.211493
          0.211485
          0.211478
          0.211471
          0.211466
          0.211461
          0.211456
          0.211452
          0.211449
          0.211446
          0.211443
          0.211441
          0.211438
          0.211437
          0.211435
          0.211434
          0.211432
          0.211431
          0.211430
          0.211429
          0.211429
          0.211428
          0.211428
          0.211427
          0.211426
          0.211426
          0.211426
          0.211426
          0.211426
          0.211425
          0.211425
          0.211425
          0.211425
          0.211425
          0.211425
          0.211425
          0.211425
          0.211425
          0.211425
          0.211425
          0.211425
          0.211426
          0.211426
          0.211426
          0.211426
          0.211426
          0.211426
          0.211426
          0.211426
          0.211426
          0.211426
          0.211426
          0.211426
          0.211426
          0.211426
          0.211426
          0.211426
          0.211427
          0.211427
          0.211427
          0.211427
          0.211427
          0.211427
          0.211427
          0.211427
          0.211427
          0.211427
          0.211427
          0.211427
          0.211427
          0.211427
          0.211427
          0.211427
          0.211427
          0.211427
          0.211427
          0.211427
          0.211427
          0.211427
          0.211427
          0.211427
          0.211427
          0.211427
          0.211427
          0.211427
          0.211427
          0.211427
          0.211427
          0.211427
          0.211427
          0.211427
          0.211427
          0.211427
          0.211427
          0.211427
          0.211427
          0.211427
          0.211427
          0.211427
          0.211427
          0.211427
          0.211427
          0.211427
          0.211427
          0.211427
          0.211427
          0.211427
          0.211427
          0.211428
          0.211428
          0.211428
          0.211428
          0.211428
          0.211428
          0.211428
          0.211428
          0.211428
          0.211428
          0.211428
          0.211428
          0.211428
          0.211428
          0.211428
          0.211428
          0.211428
          0.211428
          0.211428
          0.211428
          0.211428
          0.211428
          0.211428
          0.211428
          0.211428
          0.211428
          0.211428
          0.211428
          0.211428
          0.211428
          0.211428
          0.211428
          0.211428
          0.211428
          0.211428
          0.211428
          0.211428
          0.211428
          0.211428
          0.211428
          0.211428
          0.211428
          0.211428
          0.211428
          0.211428
          0.211428
          0.211428
          0.211428
          0.211428
          0.211428
          0.211428
          0.211428
          0.211428
          0.211428
          0.211428
          0.211428
          0.211428
          0.211428
          0.211428
          0.211428
          0.211428
          0.211428
          0.211428
          0.211428
          0.211428
          0.211428
          0.211428
          0.211428
          0.211428
          0.211428
          0.211428
          0.211428
          0.211428
          0.211428
          0.211428
          0.211428
          0.211428
          0.211428
          0.211428
          0.211428
          0.211428
          0.211428
          0.211428
          0.211428
          0.211428
          0.211428
          0.211428
          0.211428
          0.211428
          0.211428
          0.211428
          0.211428
          0.211428
          0.211428
          0.211428
          0.211428
          0.211428
          0.211428
          0.211428
          0.211428
          0.211428
          0.211428
          0.211428
          0.211428
          0.211428
          0.211428
          0.211428
          0.211428
          0.211428
          0.211428
          0.211428
          0.211428
          0.211428
          0.211428
          0.211428
          0.211428
          0.211428
