          1.761407
          1.761388
          1.761359
          1.761321
          1.761279
          1.761239
          1.761201
          1.761168
          1.761139
          1.761114
          1.761094
          1.761078
          1.761066
          1.761057
          1.761052
          1.761049
          1.761049
          1.761051
          1.761055
          1.761060
          1.761067
          1.761074
          1.761083
          1.761092
          1.761101
          1.761111
          1.761122
          1.761132
          1.761143
          1.761153
          1.761164
          1.761174
          1.761185
          1.761195
          1.761205
          1.761214
          1.761224
          1.761233
          1.761242
          1.761250
          1.761259
          1.761267
          1.761274
          1.761282
          1.761289
          1.761296
          1.761302
          1.761309
          1.761315
          1.761321
          1.761320
          1.761327
          1.761332
          1.761338
          1.761343
          1.761348
          1.761352
          1.761356
          1.761360
          1.761364
          1.761368
          1.761371
          1.761374
          1.761378
          1.761380
          1.761383
          1.761386
          1.761388
          1.761391
          1.761393
          1.761395
          1.761397
          1.761399
          1.761401
          1.761403
          1.761404
          1.761406
          1.761407
          1.761408
          1.761410
          1.761411
          1.761412
          1.761413
          1.761414
          1.761415
          1.761416
          1.761417
          1.761418
          1.761418
          1.761419
          1.761420
          1.761420
          1.761421
          1.761422
          1.761422
          1.761423
          1.761423
          1.761423
          1.761424
          1.761424
          1.761425
          1.761425
          1.761425
          1.761426
          1.761426
          1.761426
          1.761426
          1.761427
          1.761427
          1.761427
          1.761427
          1.761427
          1.761428
          1.761428
          1.761428
          1.761428
          1.761428
          1.761428
          1.761428
          1.761428
          1.761429
          1.761429
          1.761429
          1.761429
          1.761429
          1.761429
          1.761429
          1.761429
          1.761429
          1.761429
          1.761429
          1.761429
          1.761429
          1.761430
          1.761430
          1.761430
          1.761430
          1.761430
          1.761430
          1.761430
          1.761430
          1.761430
          1.761430
          1.761430
          1.761430
          1.761430
          1.761430
          1.761430
          1.761430
          1.761430
          1.761430
          1.761430
          1.761430
          1.761430
          1.761430
          1.761430
          1.761430
          1.761430
          1.761430
          1.761430
          1.761430
          1.761430
          1.761430
          1.761430
          1.761430
          1.761430
          1.761430
          1.761430
          1.761430
          1.761430
          1.761430
          1.761430
          1.761430
          1.761430
          1.761430
          1.761430
          1.761430
          1.761430
          1.761430
          1.761430
          1.761430
          1.761430
          1.761430
          1.761430
          1.761430
          1.761430
          1.761430
          1.761430
          1.761430
          1.761430
          1.761430
          1.761430
          1.761430
          1.761430
          1.761430
          1.761430
          1.761430
          1.761430
          1.761430
          1.761430
          1.761430
          1.761430
          1.761430
          1.761430
          1.761431
          1.761431
          1.761431
          1.761431
          1.761431
          1.761431
          1.761431
          1.761431
          1.761431
          1.761431
          1.761431
          1.761431
          1.761431
          1.761431
          1.761431
          1.761431
          1.761431
          1.761431
          1.761431
          1.761431
          1.761431
          1.761431
          1.761431
          1.761431
          1.761431
          1.761431
          1.761431
          1.761431
          1.761431
          1.761431
          1.761431
          1.761431
          1.761431
          1.761431
          1.761431
          1.761431
          1.761431
          1.761431
          1.761431
          1.761431
          1.761431
          1.761431
          1.761431
          1.761431
          1.761431
          1.761431
          1.761431
          1.761431
