          1.509777
          1.509761
          1.509737
          1.509704
          1.509668
          1.509633
          1.509601
          1.509572
          1.509547
          1.509526
          1.509509
          1.509495
          1.509485
          1.509478
          1.509473
          1.509471
          1.509471
          1.509472
          1.509475
          1.509480
          1.509486
          1.509492
          1.509499
          1.509507
          1.509515
          1.509524
          1.509533
          1.509542
          1.509551
          1.509560
          1.509569
          1.509578
          1.509587
          1.509595
          1.509604
          1.509612
          1.509620
          1.509628
          1.509636
          1.509643
          1.509650
          1.509657
          1.509664
          1.509670
          1.509676
          1.509682
          1.509688
          1.509693
          1.509698
          1.509703
          1.509703
          1.509708
          1.509713
          1.509718
          1.509722
          1.509727
          1.509730
          1.509734
          1.509737
          1.509741
          1.509744
          1.509747
          1.509750
          1.509752
          1.509755
          1.509757
          1.509759
          1.509761
          1.509764
          1.509765
          1.509767
          1.509769
          1.509771
          1.509772
          1.509774
          1.509775
          1.509776
          1.509778
          1.509779
          1.509780
          1.509781
          1.509782
          1.509783
          1.509784
          1.509784
          1.509785
          1.509786
          1.509787
          1.509787
          1.509788
          1.509788
          1.509789
          1.509789
          1.509790
          1.509790
          1.509791
          1.509791
          1.509791
          1.509792
          1.509792
          1.509792
          1.509793
          1.509793
          1.509793
          1.509794
          1.509794
          1.509794
          1.509794
          1.509794
          1.509795
          1.509795
          1.509795
          1.509795
          1.509795
          1.509795
          1.509795
          1.509796
          1.509796
          1.509796
          1.509796
          1.509796
          1.509796
          1.509796
          1.509796
          1.509796
          1.509796
          1.509796
          1.509796
          1.509796
          1.509797
          1.509797
          1.509797
          1.509797
          1.509797
          1.509797
          1.509797
          1.509797
          1.509797
          1.509797
          1.509797
          1.509797
          1.509797
          1.509797
          1.509797
          1.509797
          1.509797
          1.509797
          1.509797
          1.509797
          1.509797
          1.509797
          1.509797
          1.509797
          1.509797
          1.509797
          1.509797
          1.509797
          1.509797
          1.509797
          1.509797
          1.509797
          1.509797
          1.509797
          1.509797
          1.509797
          1.509797
          1.509797
          1.509797
          1.509797
          1.509797
          1.509797
          1.509797
          1.509797
          1.509797
          1.509797
          1.509797
          1.509797
          1.509797
          1.509797
          1.509797
          1.509797
          1.509797
          1.509797
          1.509798
          1.509798
          1.509798
          1.509798
          1.509798
          1.509798
          1.509798
          1.509798
          1.509798
          1.509798
          1.509798
          1.509798
          1.509798
          1.509798
          1.509798
          1.509798
          1.509798
          1.509798
          1.509798
          1.509798
          1.509798
          1.509798
          1.509798
          1.509798
          1.509798
          1.509798
          1.509798
          1.509798
          1.509798
          1.509798
          1.509798
          1.509798
          1.509798
          1.509798
          1.509798
          1.509798
          1.509798
          1.509798
          1.509798
          1.509798
          1.509798
          1.509798
          1.509798
          1.509798
          1.509798
          1.509798
          1.509798
          1.509798
          1.509798
          1.509798
          1.509798
          1.509798
          1.509798
          1.509798
          1.509798
          1.509798
          1.509798
          1.509798
          1.509798
          1.509798
          1.509798
          1.509798
          1.509798
          1.509798
          1.509798
          1.509798
          1.509798
          1.509798
          1.509798
