  8.638280483725206E-003  8.638930506949808E-003  8.639953272982864E-003
  8.641319895821949E-003  8.642786445772538E-003  8.644220361229219E-003
  8.645550172393920E-003  8.646739267715526E-003  8.647771257279219E-003
  8.648642231152222E-003  8.649356146977394E-003  8.649921561377040E-003
  8.650349605334940E-003  8.650652997260727E-003  8.650844840190344E-003
  8.650938121194961E-003  8.650945098121726E-003  8.650877276085888E-003
  8.650745437137404E-003  8.650559442415526E-003  8.650328113772709E-003
  8.650059374717830E-003  8.649760277796379E-003  8.649437050207940E-003
  8.649095172553325E-003  8.648739422226598E-003  8.648373945240234E-003
  8.648002308962715E-003  8.647627592947108E-003  8.647252412200815E-003
  8.646879001675361E-003  8.646509225309641E-003  8.646144636142475E-003
  8.645786506694574E-003  8.645435860664182E-003  8.645093544137335E-003
  8.644760199346496E-003  8.644436317787491E-003  8.644122266965154E-003
  8.643818290161297E-003  8.643524538222001E-003  8.643241068358938E-003
  8.642967872191118E-003  8.642704883118416E-003  8.642451967818302E-003
  8.642208915621209E-003  8.641975398386327E-003  8.641751028282818E-003
  8.641535337049991E-003  8.641323620767399E-003  8.641346240792734E-003
  8.641113871466901E-003  8.640906967213190E-003  8.640715879424015E-003
  8.640537345879488E-003  8.640369395887543E-003  8.640210858087700E-003
  8.640060833951670E-003  8.639918647105010E-003  8.639783745428653E-003
  8.639655673091738E-003  8.639534060364903E-003  8.639418596149804E-003
  8.639308991260050E-003  8.639204995583395E-003  8.639106353916414E-003
  8.639012834262725E-003  8.638924199892963E-003  8.638840228677782E-003
  8.638760698280821E-003  8.638685420166861E-003  8.638614193451941E-003
  8.638546815778334E-003  8.638483119283509E-003  8.638422906421455E-003
  8.638366024220799E-003  8.638312295004879E-003  8.638261558146024E-003
  8.638213676334822E-003  8.638168498709402E-003  8.638125876901451E-003
  8.638085683189472E-003  8.638047793238268E-003  8.638012072062797E-003
  8.637978418807009E-003  8.637946709826894E-003  8.637916845429623E-003
  8.637888719171639E-003  8.637862237814079E-003  8.637837304118393E-003
  8.637813841229481E-003  8.637791756280355E-003  8.637770979753228E-003
  8.637751440310643E-003  8.637733043310598E-003  8.637715746605401E-003
  8.637699475803288E-003  8.637684174801080E-003  8.637669791028429E-003
  8.637656254916174E-003  8.637643531041423E-003  8.637631563635756E-003
  8.637620309912620E-003  8.637609731712091E-003  8.637599781352994E-003
  8.637590423115498E-003  8.637581624227205E-003  8.637573353361263E-003
  8.637565567697342E-003  8.637558244692858E-003  8.637551359831687E-003
  8.637544880678673E-003  8.637538788593246E-003  8.637533048316510E-003
  8.637527653897817E-003  8.637522570470593E-003  8.637517785845088E-003
  8.637513281538988E-003  8.637509035075869E-003  8.637505034906637E-003
  8.637501268274596E-003  8.637497718226739E-003  8.637494372943172E-003
  8.637491217281811E-003  8.637488243988356E-003  8.637485434639445E-003
  8.637482784235434E-003  8.637480289521535E-003  8.637477922979961E-003
  8.637475689190368E-003  8.637473582325104E-003  8.637471582304967E-003
  8.637469696697323E-003  8.637467913921773E-003  8.637466216547006E-003
  8.637464615361284E-003  8.637463097021099E-003  8.637461663997417E-003
  8.637460299115253E-003  8.637459006085460E-003  8.637457776214014E-003
  8.637456610385100E-003  8.637455498201951E-003  8.637454445380712E-003
  8.637453443858746E-003  8.637452493969572E-003  8.637451592146770E-003
  8.637450731855031E-003  8.637449908498969E-003  8.637449132855529E-003
  8.637448388215688E-003  8.637447675806055E-003  8.637446993677168E-003
  8.637446345250847E-003  8.637445727701077E-003  8.637445136573840E-003
  8.637444570434302E-003  8.637444028194474E-003  8.637443500693242E-003
  8.637443004590149E-003  8.637442533089642E-003  8.637442086596102E-003
  8.637441651865124E-003  8.637441236864678E-003  8.637440837760324E-003
  8.637440453069960E-003  8.637440085744200E-003  8.637439730454924E-003
  8.637439389094915E-003  8.637439062317806E-003  8.637438744755543E-003
  8.637438445646559E-003  8.637438159399170E-003  8.637437879757053E-003
  8.637437617775995E-003  8.637437364913595E-003  8.637437113477418E-003
  8.637436874335002E-003  8.637436636568564E-003  8.637436411481406E-003
  8.637436195792839E-003  8.637435995779763E-003  8.637435795182996E-003
  8.637435601144591E-003  8.637435420147275E-003  8.637435242052698E-003
  8.637435061678841E-003  8.637434898303811E-003  8.637434731645207E-003
  8.637434578640453E-003  8.637434420859638E-003  8.637434274694079E-003
  8.637434135098470E-003  8.637433994030032E-003  8.637433862739219E-003
  8.637433730603820E-003  8.637433608210282E-003  8.637433485190108E-003
  8.637433369302882E-003  8.637433255677335E-003  8.637433147095244E-003
  8.637433034722612E-003  8.637432929509827E-003  8.637432827138882E-003
  8.637432729578006E-003  8.637432634718729E-003  8.637432542892920E-003
  8.637432454957799E-003  8.637432355379133E-003  8.637432266621494E-003
  8.637432183741321E-003  8.637432098891160E-003  8.637432018226169E-003
  8.637431935297266E-003  8.637431853885413E-003  8.637431773360255E-003
  8.637431701024932E-003  8.637431623582954E-003  8.637431542429436E-003
  8.637431471777753E-003  8.637431395029493E-003  8.637431321474818E-003
  8.637431247529958E-003  8.637431174636832E-003  8.637431104271410E-003
  8.637431030777114E-003  8.637430954851774E-003  8.637430877991436E-003
  8.637430795044664E-003  8.637430719346823E-003  8.637430637818350E-003
  8.637430561650684E-003  8.637430478971449E-003  8.637430391982250E-003
  8.637430304786892E-003  8.637430209641007E-003  8.637430116155167E-003
  8.637430017770944E-003  8.637429917613512E-003  8.637429807108873E-003
  8.637429696621211E-003  8.637429575607793E-003  8.637429452985809E-003
  8.637429325946236E-003  8.637429188565833E-003  8.637429042924557E-003
  8.637428888583213E-003  8.637428728516952E-003  8.637428557950662E-003
  8.637428368336442E-003  8.637428176407112E-003  8.637428003612760E-003
  0.684977991561604       0.683067652355005       0.682279537469485     
  0.681870653558138       0.681656260585048       0.681542254506351     
  0.681480504450483       0.681446239555684       0.681426608642312     
  0.681414870366346       0.681407440109856       0.681402386503873     
  0.681398654678573       0.681395654283173       0.681393053663547     
  0.681390665195323       0.681388387640263       0.681386167535361     
  0.681383977444031       0.681381806658306       0.681379655306361     
  0.681377528651396       0.681375434447007       0.681373381505132     
  0.681371378673219       0.681369434140466       0.681367554937633     
  0.681365746518909       0.681364012896554       0.681362356784809     
  0.681360779759682       0.681359282353883       0.681357864149374     
  0.681356523957650       0.681355259782526       0.681354069121061     
  0.681352949086507       0.681351896382382       0.681350907546447     
  0.681349978770234       0.681349106153260       0.681348285674469     
  0.681347513103749       0.681346784141886       0.681346094246945     
  0.681345438068092       0.681344808938082       0.681344199708132     
  0.681343602485154       0.681342981382761       0.681330780726643     
  0.681331643377568       0.681332277624217       0.681332790338497     
  0.681333228071116       0.681333612034284       0.681333953044548     
  0.681334256873688       0.681334527092852       0.681334766395643     
  0.681334977194655       0.681335161881461       0.681335322844162     
  0.681335462372023       0.681335582704279       0.681335685864949     
  0.681335773788396       0.681335848173562       0.681335910540798     
  0.681335962305767       0.681336004756996       0.681336039044254     
  0.681336066161527       0.681336087070978       0.681336102567527     
  0.681336113418835       0.681336120216599       0.681336123544076     
  0.681336123969237       0.681336121914479       0.681336117765348     
  0.681336111903262       0.681336104629448       0.681336096189412     
  0.681336086857010       0.681336076797977       0.681336066220156     
  0.681336055253498       0.681336044063459       0.681336032736370     
  0.681336021406149       0.681336010095004       0.681335998923350     
  0.681335987992220       0.681335977225268       0.681335966740820     
  0.681335956550100       0.681335946686811       0.681335937167650     
  0.681335927991607       0.681335919176506       0.681335910736154     
  0.681335902659404       0.681335894951720       0.681335887613344     
  0.681335880625820       0.681335873978184       0.681335867705697     
  0.681335861745130       0.681335856099138       0.681335850773038     
  0.681335845758031       0.681335841033059       0.681335836560233     
  0.681335832364253       0.681335828420762       0.681335824713463     
  0.681335821253523       0.681335817983727       0.681335814919360     
  0.681335812062214       0.681335809394331       0.681335806896066     
  0.681335804555492       0.681335802376831       0.681335800344204     
  0.681335798430206       0.681335796677422       0.681335795023905     
  0.681335793479856       0.681335792052494       0.681335790687896     
  0.681335789433772       0.681335788271516       0.681335787146990     
  0.681335786106489       0.681335785134773       0.681335784254243     
  0.681335783405685       0.681335782604331       0.681335781853951     
  0.681335781138432       0.681335780441999       0.681335779784112     
  0.681335779166221       0.681335778595753       0.681335778064139     
  0.681335777545181       0.681335777032600       0.681335776576743     
  0.681335776118223       0.681335775668381       0.681335775209430     
  0.681335774775488       0.681335774377954       0.681335773980090     
  0.681335773569292       0.681335773169564       0.681335772752037     
  0.681335772345900       0.681335771959301       0.681335771596907     
  0.681335771223644       0.681335770853072       0.681335770499501     
  0.681335770120147       0.681335769749102       0.681335769372633     
  0.681335769001202       0.681335768615625       0.681335768236358     
  0.681335767859180       0.681335767488753       0.681335767103016     
  0.681335766734702       0.681335766386258       0.681335766011646     
  0.681335765633627       0.681335765213311       0.681335764798837     
  0.681335764378731       0.681335764000467       0.681335763608913     
  0.681335763204286       0.681335762813271       0.681335762429500     
  0.681335761992953       0.681335761597113       0.681335761174168     
  0.681335760782668       0.681335760363516       0.681335759941688     
  0.681335759542969       0.681335759119404       0.681335758708875     
  0.681335758280370       0.681335757863020       0.681335757446813     
  0.681335757034738       0.681335756631986       0.681335756234533     
  0.681335755824345       0.681335755406594       0.681335755003841     
  0.681335754605507       0.681335754212404       0.681335753852206     
  0.681335753501233       0.681335753095392       0.681335752717403     
  0.681335752374357       0.681335752013386       0.681335751675636     
  0.681335751327023       0.681335751004510       0.681335750669775     
  0.681335750366997       0.681335750084170       0.681335749780582     
  0.681335749525622       0.681335749277741       0.681335749046421     
  0.681335748828093       0.681335748629826       0.681335748463834     
  0.681335748324956       0.681335748208038       0.681335748107152     
  0.681335748023511       0.681335747992062       0.681335747993212     
  0.681335748056922       0.681335748144285       0.681335748278487     
  0.681335748458084       0.681335748677066       0.681335748976503     
  0.681335749355655       0.681335749817051       0.681335750350912     
  0.681335750992901       0.681335751731602       0.681335752617647     
  0.681335753660624       0.681335754878913       0.681335756267731     
  0.681335757890671       0.681335759820504       0.681335762074930     
  0.681335764689862       0.681335767803982       0.681335771596672     
  1.759044885683543E-005 -1.212743397548564E-005 -2.605701617135060E-005
 -3.438006445263384E-005 -3.914913343425798E-005 -4.159315371776096E-005
 -4.248599797865833E-005 -4.234068886833621E-005 -4.150732397687843E-005
 -4.023055057835747E-005 -3.868309040087736E-005 -3.698516702894348E-005
 -3.521880061156881E-005 -3.344203912417356E-005 -3.169368342559883E-005
 -2.999922525109406E-005 -2.837289960954372E-005 -2.682243264246358E-005
 -2.535169173844419E-005 -2.396152006536455E-005 -2.265011529223957E-005
 -2.141434157751594E-005 -2.025040986787545E-005 -1.915405997758101E-005
 -1.812075009133456E-005 -1.714599957096982E-005 -1.622546915081052E-005
 -1.535528369789490E-005 -1.453179944420651E-005 -1.375176971530904E-005
 -1.301218074798851E-005 -1.231039232202287E-005 -1.164400311161226E-005
 -1.101087969422058E-005 -1.040924016402239E-005 -9.837389777598084E-006
 -9.293892060063354E-006 -8.777512979074967E-006 -8.287085065482265E-006
 -7.821704724682874E-006 -7.380546669092651E-006 -6.962980086744076E-006
 -6.568566203510628E-006 -6.196921314644575E-006 -5.847963832893150E-006
 -5.522198006632330E-006 -5.221241296392183E-006 -4.947677637594799E-006
 -4.705815483625660E-006 -4.540554505081534E-006 -2.332025864309687E-006
 -2.401440940360096E-006 -2.357194759816970E-006 -2.270815714265033E-006
 -2.163228167585529E-006 -2.045774461041029E-006 -1.924192492222409E-006
 -1.802400643065256E-006 -1.682844239416722E-006 -1.567199558326109E-006
 -1.456553652258213E-006 -1.351407681843296E-006 -1.251918299969338E-006
 -1.158119467435546E-006 -1.069812108285011E-006 -9.868810555740980E-007
 -9.090057609189899E-007 -8.360633385815004E-007 -7.678135534881626E-007
 -7.040551288258020E-007 -6.444561405154525E-007 -5.887954239417036E-007
 -5.369161226525507E-007 -4.884788365619682E-007 -4.433518454932681E-007
 -4.012322021183420E-007 -3.620322879012696E-007 -3.255435914553921E-007
 -2.914952274487415E-007 -2.597769247377873E-007 -2.302530884083264E-007
 -2.027255165214268E-007 -1.770547301015906E-007 -1.531702386462794E-007
 -1.308683808677645E-007 -1.101132380171761E-007 -9.073411129428107E-008
 -7.267295960530759E-008 -5.580529966146595E-008 -4.007565237384722E-008
 -2.534099349782311E-008 -1.162106987372405E-008  1.221417771237800E-009
  1.332566098472167E-008  2.453524580731772E-008  3.507909205055446E-008
  4.494596837399219E-008  5.421067474885689E-008  6.290955853966466E-008
  7.103143344697222E-008  7.868597808911919E-008  8.588430047841893E-008
  9.264934455408797E-008  9.903537277584549E-008  1.050507471298531E-007
  1.107146279471465E-007  1.160352006543158E-007  1.211091024550823E-007
  1.258607073300653E-007  1.303632703989634E-007  1.346359317216439E-007
  1.386840091702694E-007  1.425406235101943E-007  1.461343002090091E-007
  1.495990363853111E-007  1.528568056795203E-007  1.559525409637482E-007
  1.589248456072154E-007  1.617084266813636E-007  1.643589769792623E-007
  1.669033321542718E-007  1.693198523612003E-007  1.716131997146765E-007
  1.738032926871985E-007  1.759014018993444E-007  1.778969068092091E-007
  1.797798060062233E-007  1.816287008842059E-007  1.833407458101471E-007
  1.849865660944435E-007  1.865751255068753E-007  1.880317691404169E-007
  1.894654136901727E-007  1.908354052440458E-007  1.920780736180318E-007
  1.933100993735623E-007  1.944610679048513E-007  1.956220345738345E-007
  1.966675613178125E-007  1.976585214633347E-007  1.985971735655365E-007
  1.994904631662799E-007  2.003025827464871E-007  2.010748384908270E-007
  2.018215710698461E-007  2.025481479464147E-007  2.032497218883384E-007
  2.038808978238097E-007  2.044502110735273E-007  2.050497334518442E-007
  2.055580236615006E-007  2.060321944747557E-007  2.064447843613840E-007
  2.068521444461452E-007  2.072634165812890E-007  2.076183588128898E-007
  2.079213343960446E-007  2.082125786923381E-007  2.084080313259011E-007
  2.086280133124008E-007  2.088396006836725E-007  2.090541420722467E-007
  2.091975038716519E-007  2.093375140169240E-007  2.094564872994639E-007
  2.095354409632384E-007  2.096075545737854E-007  2.096488835846568E-007
  2.096680295799482E-007  2.096525361584957E-007  2.096257725961273E-007
  2.096048963864937E-007  2.095670936309154E-007  2.094877718228622E-007
  2.094348143219092E-007  2.093713346267101E-007  2.092543361635069E-007
  2.091362181982895E-007  2.089383674717980E-007  2.087571312895549E-007
  2.085722721318510E-007  2.084387974366436E-007  2.082409071276234E-007
  2.080317126978323E-007  2.078441286061575E-007  2.076425486783840E-007
  2.073553058029005E-007  2.071400104253637E-007  2.068704998176409E-007
  2.066488351194131E-007  2.063603360533425E-007  2.060763858750214E-007
  2.058323442836876E-007  2.055216781043398E-007  2.052357036206832E-007
  2.049198227505464E-007  2.046235524209342E-007  2.043123377934315E-007
  2.040064995454426E-007  2.036993419694195E-007  2.033983544611282E-007
  2.030697191559488E-007  2.027399989144432E-007  2.024199168377562E-007
  2.020952461836977E-007  2.017804026483626E-007  2.014967688304483E-007
  2.012278975867975E-007  2.008479277929464E-007  2.005407063973499E-007
  2.002752468627763E-007  1.999545583274835E-007  1.996659500378565E-007
  1.993634811839050E-007  1.990770650335609E-007  1.987822029343590E-007
  1.985386822905467E-007  1.982852988325920E-007  1.979992827692109E-007
  1.977952004318476E-007  1.975767265982764E-007  1.973752475972226E-007
  1.971860144165823E-007  1.970133413785068E-007  1.968738543189015E-007
  1.967464412232229E-007  1.966306414852692E-007  1.965386499561109E-007
  1.964446255058593E-007  1.964293263563882E-007  1.964254567525999E-007
  1.964982387287033E-007  1.965688759236435E-007  1.966872012493292E-007
  1.968508735447671E-007  1.970241793940519E-007  1.972898222129817E-007
  1.976314463879211E-007  1.980668249908246E-007  1.985388525757862E-007
  1.991106591543239E-007  1.997594598470242E-007  2.005623706271673E-007
  2.015062380974188E-007  2.026077793669116E-007  2.038642069136181E-007
  2.053303329498341E-007  2.070878823856247E-007  2.091430923112784E-007
  2.115156877207587E-007  2.144161896441073E-007  2.181871023054298E-007
