          1.328094
          1.328006
          1.327944
          1.327907
          1.327885
          1.327874
          1.327870
          1.327871
          1.327875
          1.327881
          1.327888
          1.327895
          1.327903
          1.327911
          1.327919
          1.327926
          1.327934
          1.327941
          1.327947
          1.327953
          1.327959
          1.327965
          1.327970
          1.327975
          1.327980
          1.327984
          1.327988
          1.327992
          1.327996
          1.327999
          1.328002
          1.328005
          1.328008
          1.328011
          1.328014
          1.328017
          1.328019
          1.328021
          1.328023
          1.328026
          1.328028
          1.328029
          1.328031
          1.328033
          1.328034
          1.328036
          1.328037
          1.328038
          1.328040
          1.328040
          1.328050
          1.328050
          1.328050
          1.328050
          1.328051
          1.328051
          1.328052
          1.328052
          1.328053
          1.328054
          1.328054
          1.328055
          1.328055
          1.328055
          1.328056
          1.328056
          1.328056
          1.328057
          1.328057
          1.328057
          1.328058
          1.328058
          1.328058
          1.328058
          1.328059
          1.328059
          1.328059
          1.328059
          1.328059
          1.328059
          1.328060
          1.328060
          1.328060
          1.328060
          1.328060
          1.328060
          1.328060
          1.328060
          1.328060
          1.328060
          1.328060
          1.328061
          1.328061
          1.328061
          1.328061
          1.328061
          1.328061
          1.328061
          1.328061
          1.328061
          1.328061
          1.328061
          1.328061
          1.328061
          1.328061
          1.328061
          1.328061
          1.328061
          1.328061
          1.328061
          1.328061
          1.328061
          1.328061
          1.328061
          1.328061
          1.328061
          1.328061
          1.328061
          1.328061
          1.328061
          1.328061
          1.328061
          1.328061
          1.328061
          1.328061
          1.328061
          1.328061
          1.328061
          1.328061
          1.328061
          1.328061
          1.328061
          1.328061
          1.328061
          1.328061
          1.328061
          1.328061
          1.328061
          1.328061
          1.328061
          1.328061
          1.328061
          1.328061
          1.328061
          1.328061
          1.328061
          1.328061
          1.328062
          1.328062
          1.328062
          1.328062
          1.328062
          1.328062
          1.328062
          1.328062
          1.328062
          1.328062
          1.328062
          1.328062
          1.328062
          1.328062
          1.328062
          1.328062
          1.328062
          1.328062
          1.328062
          1.328062
          1.328062
          1.328062
          1.328062
          1.328062
          1.328062
          1.328062
          1.328062
          1.328062
          1.328062
          1.328062
          1.328062
          1.328062
          1.328062
          1.328062
          1.328062
          1.328062
          1.328062
          1.328062
          1.328062
          1.328062
          1.328062
          1.328062
          1.328062
          1.328062
          1.328062
          1.328062
          1.328062
          1.328062
          1.328062
          1.328062
          1.328062
          1.328062
          1.328062
          1.328062
          1.328062
          1.328062
          1.328062
          1.328062
          1.328062
          1.328062
          1.328062
          1.328062
          1.328062
          1.328062
          1.328062
          1.328062
          1.328062
          1.328062
          1.328062
          1.328062
          1.328062
          1.328062
          1.328062
          1.328062
          1.328062
          1.328062
          1.328062
          1.328062
          1.328062
          1.328062
          1.328062
          1.328062
          1.328062
          1.328062
          1.328062
          1.328062
          1.328062
          1.328062
          1.328062
          1.328062
          1.328062
          1.328062
          1.328062
          1.328062
          1.328062
          1.328062
          1.328062
          1.328062
          1.328062
          1.328062
          1.328062
          1.328062
          1.328062
          1.328062
          1.328062
