         13.371165
         13.370943
         13.370260
         13.369429
         13.368603
         13.367850
         13.367194
         13.366641
         13.366186
         13.365820
         13.365535
         13.365318
         13.365162
         13.365057
         13.364997
         13.364975
         13.364985
         13.365022
         13.365082
         13.365161
         13.365256
         13.365363
         13.365480
         13.365605
         13.365736
         13.365872
         13.366010
         13.366151
         13.366292
         13.366433
         13.366574
         13.366713
         13.366850
         13.366985
         13.367117
         13.367246
         13.367373
         13.367496
         13.367616
         13.367732
         13.367845
         13.367954
         13.368060
         13.368162
         13.368261
         13.368357
         13.368449
         13.368538
         13.368624
         13.368706
         13.368786
         13.368863
         13.368937
         13.369008
         13.369076
         13.369142
         13.369205
         13.369266
         13.369325
         13.369382
         13.369436
         13.369488
         13.369539
         13.369587
         13.369634
         13.369679
         13.369722
         13.369764
         13.369804
         13.369843
         13.369880
         13.369916
         13.369951
         13.369985
         13.370017
         13.370048
         13.370078
         13.370107
         13.370136
         13.370163
         13.370189
         13.370214
         13.370239
         13.370263
         13.370286
         13.370308
         13.370330
         13.370351
         13.370371
         13.370391
         13.370410
         13.370428
         13.370446
         13.370464
         13.370481
         13.370497
         13.370513
         13.370528
         13.370543
         13.370558
         13.370572
         13.370586
         13.370600
         13.370613
         13.370625
         13.370638
         13.370650
         13.370662
         13.370673
         13.370684
         13.370695
         13.370705
         13.370716
         13.370726
         13.370736
         13.370745
         13.370754
         13.370763
         13.370772
         13.370781
         13.370789
         13.370797
         13.370805
         13.370813
         13.370821
         13.370828
         13.370835
         13.370842
         13.370849
         13.370856
         13.370862
         13.370868
         13.370874
         13.370880
         13.370886
         13.370892
         13.370897
         13.370903
         13.370908
         13.370913
         13.370918
         13.370923
         13.370927
         13.370932
         13.370936
         13.370940
         13.370944
         13.370948
         13.370952
         13.370955
         13.370959
         13.370962
         13.370965
         13.370968
         13.370970
         13.370973
         13.370975
         13.370977
         13.370979
         13.370980
         13.370981
