          0.614565
          0.614525
          0.614511
          0.614512
          0.614523
          0.614538
          0.614557
          0.614579
          0.614600
          0.614623
          0.614646
          0.614668
          0.614691
          0.614713
          0.614734
          0.614755
          0.614775
          0.614794
          0.614812
          0.614830
          0.614847
          0.614863
          0.614878
          0.614893
          0.614907
          0.614920
          0.614933
          0.614945
          0.614956
          0.614967
          0.614978
          0.614987
          0.614997
          0.615006
          0.615014
          0.615022
          0.615029
          0.615036
          0.615043
          0.615050
          0.615056
          0.615062
          0.615067
          0.615072
          0.615077
          0.615082
          0.615086
          0.615091
          0.615095
          0.615099
          0.615102
          0.615106
          0.615109
          0.615112
          0.615115
          0.615118
          0.615121
          0.615123
          0.615126
          0.615128
          0.615130
          0.615132
          0.615134
          0.615136
          0.615138
          0.615140
          0.615142
          0.615143
          0.615145
          0.615146
          0.615148
          0.615149
          0.615150
          0.615152
          0.615153
          0.615154
          0.615155
          0.615156
          0.615157
          0.615158
          0.615159
          0.615160
          0.615161
          0.615162
          0.615162
          0.615163
          0.615164
          0.615165
          0.615165
          0.615166
          0.615167
          0.615167
          0.615168
          0.615168
          0.615169
          0.615170
          0.615170
          0.615171
          0.615171
          0.615172
          0.615172
          0.615172
          0.615173
          0.615173
          0.615174
          0.615174
          0.615174
          0.615175
          0.615175
          0.615176
          0.615176
          0.615176
          0.615177
          0.615177
          0.615177
          0.615178
          0.615178
          0.615178
          0.615178
          0.615179
          0.615179
          0.615179
          0.615179
          0.615180
          0.615180
          0.615180
          0.615180
          0.615181
          0.615181
          0.615181
          0.615181
          0.615181
          0.615182
          0.615182
          0.615182
          0.615182
          0.615182
          0.615183
          0.615183
          0.615183
          0.615183
          0.615183
          0.615183
          0.615184
          0.615184
          0.615184
          0.615184
          0.615184
          0.615184
          0.615185
          0.615185
          0.615185
          0.615185
          0.615185
          0.615186
          0.615186
          0.615186
          0.615186
          0.615186
          0.615187
