          1.328061
          1.328725
          1.329008
          1.329092
          1.329079
          1.329021
          1.328945
          1.328865
          1.328786
          1.328712
          1.328645
          1.328583
          1.328527
          1.328477
          1.328432
          1.328392
          1.328356
          1.328323
          1.328294
          1.328268
          1.328245
          1.328224
          1.328205
          1.328189
          1.328174
          1.328161
          1.328149
          1.328138
          1.328129
          1.328120
          1.328113
          1.328106
          1.328100
          1.328095
          1.328090
          1.328086
          1.328082
          1.328079
          1.328076
          1.328074
          1.328071
          1.328069
          1.328068
          1.328066
          1.328065
          1.328063
          1.328062
          1.328061
          1.328061
          1.328060
          1.328059
          1.328059
          1.328058
          1.328058
          1.328058
          1.328057
          1.328057
          1.328057
          1.328057
          1.328057
          1.328057
          1.328057
          1.328056
          1.328056
          1.328056
          1.328056
          1.328056
          1.328056
          1.328057
          1.328057
          1.328057
          1.328057
          1.328057
          1.328057
          1.328057
          1.328057
          1.328057
          1.328057
          1.328057
          1.328057
          1.328057
          1.328057
          1.328057
          1.328057
          1.328058
          1.328058
          1.328058
          1.328058
          1.328058
          1.328058
          1.328058
          1.328058
          1.328058
          1.328058
          1.328058
          1.328058
          1.328058
          1.328058
          1.328058
          1.328058
          1.328058
          1.328059
          1.328059
          1.328059
          1.328059
          1.328059
          1.328059
          1.328059
          1.328059
          1.328059
          1.328059
          1.328059
          1.328059
          1.328059
          1.328059
          1.328059
          1.328059
          1.328059
          1.328059
          1.328059
          1.328059
          1.328059
          1.328059
          1.328059
          1.328059
          1.328059
          1.328059
          1.328059
          1.328059
          1.328060
          1.328060
          1.328060
          1.328060
          1.328060
          1.328060
          1.328060
          1.328060
          1.328060
          1.328060
          1.328060
          1.328060
          1.328060
          1.328060
          1.328060
          1.328060
          1.328060
          1.328060
          1.328060
          1.328060
          1.328060
          1.328060
          1.328060
          1.328060
          1.328060
          1.328060
          1.328060
          1.328060
          1.328060
          1.328060
          1.328060
          1.328060
