          0.282127
          0.282027
          0.282054
          0.282135
          0.282233
          0.282333
          0.282426
          0.282511
          0.282587
          0.282654
          0.282712
          0.282763
          0.282807
          0.282845
          0.282878
          0.282906
          0.282930
          0.282951
          0.282969
          0.282985
          0.282998
          0.283009
          0.283018
          0.283025
          0.283032
          0.283037
          0.283041
          0.283044
          0.283046
          0.283048
          0.283050
          0.283050
          0.283051
          0.283051
          0.283051
          0.283050
          0.283050
          0.283049
          0.283048
          0.283047
          0.283046
          0.283045
          0.283044
          0.283043
          0.283041
          0.283040
          0.283039
          0.283038
          0.283037
          0.283035
          0.283034
          0.283033
          0.283032
          0.283031
          0.283030
          0.283029
          0.283028
          0.283027
          0.283026
          0.283026
          0.283025
          0.283024
          0.283023
          0.283023
          0.283022
          0.283021
          0.283021
          0.283020
          0.283020
          0.283019
          0.283019
          0.283018
          0.283018
          0.283018
          0.283017
          0.283017
          0.283017
          0.283016
          0.283016
          0.283016
          0.283015
          0.283015
          0.283015
          0.283015
          0.283015
          0.283014
          0.283014
          0.283014
          0.283014
          0.283014
          0.283014
          0.283014
          0.283013
          0.283013
          0.283013
          0.283013
          0.283013
          0.283013
          0.283013
          0.283013
          0.283013
          0.283013
          0.283013
          0.283013
          0.283013
          0.283013
          0.283013
          0.283013
          0.283013
          0.283012
          0.283012
          0.283012
          0.283012
          0.283012
          0.283012
          0.283012
          0.283012
          0.283012
          0.283012
          0.283012
          0.283012
          0.283012
          0.283012
          0.283012
          0.283012
          0.283012
          0.283012
          0.283012
          0.283012
          0.283012
          0.283012
          0.283012
          0.283012
          0.283012
          0.283012
          0.283012
          0.283012
          0.283012
          0.283012
          0.283012
          0.283012
          0.283012
          0.283012
          0.283012
          0.283012
          0.283012
          0.283012
          0.283012
          0.283011
          0.283011
          0.283011
          0.283011
          0.283011
          0.283011
          0.283011
          0.283011
          0.283010
          0.283010
          0.283010
          0.283009
