         12.043104
         12.042218
         12.041252
         12.040337
         12.039525
         12.038829
         12.038249
         12.037776
         12.037400
         12.037108
         12.036890
         12.036735
         12.036634
         12.036580
         12.036565
         12.036583
         12.036630
         12.036699
         12.036788
         12.036893
         12.037011
         12.037139
         12.037275
         12.037416
         12.037562
         12.037711
         12.037862
         12.038012
         12.038163
         12.038313
         12.038461
         12.038606
         12.038749
         12.038890
         12.039027
         12.039160
         12.039290
         12.039417
         12.039540
         12.039658
         12.039774
         12.039885
         12.039993
         12.040097
         12.040197
         12.040294
         12.040387
         12.040477
         12.040563
         12.040647
         12.040727
         12.040804
         12.040878
         12.040950
         12.041018
         12.041085
         12.041148
         12.041209
         12.041268
         12.041325
         12.041379
         12.041432
         12.041482
         12.041531
         12.041577
         12.041622
         12.041666
         12.041707
         12.041748
         12.041786
         12.041824
         12.041860
         12.041894
         12.041928
         12.041960
         12.041991
         12.042021
         12.042050
         12.042078
         12.042106
         12.042132
         12.042157
         12.042182
         12.042205
         12.042228
         12.042251
         12.042272
         12.042293
         12.042313
         12.042333
         12.042352
         12.042370
         12.042388
         12.042406
         12.042422
         12.042439
         12.042455
         12.042470
         12.042485
         12.042500
         12.042514
         12.042528
         12.042541
         12.042554
         12.042567
         12.042579
         12.042591
         12.042603
         12.042614
         12.042625
         12.042636
         12.042647
         12.042657
         12.042667
         12.042676
         12.042686
         12.042695
         12.042704
         12.042713
         12.042722
         12.042730
         12.042738
         12.042746
         12.042754
         12.042761
         12.042769
         12.042776
         12.042783
         12.042789
         12.042796
         12.042802
         12.042809
         12.042815
         12.042821
         12.042827
         12.042832
         12.042838
         12.042843
         12.042848
         12.042853
         12.042858
         12.042863
         12.042868
         12.042872
         12.042876
         12.042880
         12.042884
         12.042888
         12.042892
         12.042895
         12.042899
         12.042902
         12.042905
         12.042908
         12.042910
         12.042913
         12.042915
         12.042917
         12.042919
         12.042920
         12.042921
