          0.426441
          0.426324
          0.426290
          0.426294
          0.426315
          0.426341
          0.426368
          0.426394
          0.426418
          0.426439
          0.426457
          0.426473
          0.426487
          0.426499
          0.426509
          0.426518
          0.426525
          0.426532
          0.426537
          0.426541
          0.426545
          0.426548
          0.426551
          0.426552
          0.426554
          0.426555
          0.426556
          0.426556
          0.426557
          0.426557
          0.426557
          0.426556
          0.426556
          0.426556
          0.426555
          0.426555
          0.426554
          0.426553
          0.426553
          0.426552
          0.426551
          0.426551
          0.426550
          0.426549
          0.426549
          0.426548
          0.426547
          0.426547
          0.426546
          0.426545
          0.426545
          0.426544
          0.426543
          0.426543
          0.426542
          0.426542
          0.426541
          0.426541
          0.426540
          0.426540
          0.426540
          0.426539
          0.426539
          0.426538
          0.426538
          0.426538
          0.426538
          0.426537
          0.426537
          0.426537
          0.426536
          0.426536
          0.426536
          0.426536
          0.426535
          0.426535
          0.426535
          0.426535
          0.426535
          0.426535
          0.426534
          0.426534
          0.426534
          0.426534
          0.426534
          0.426534
          0.426534
          0.426533
          0.426533
          0.426533
          0.426533
          0.426533
          0.426533
          0.426533
          0.426533
          0.426533
          0.426533
          0.426533
          0.426532
          0.426532
          0.426532
          0.426532
          0.426532
          0.426532
          0.426532
          0.426532
          0.426532
          0.426532
          0.426532
          0.426532
          0.426532
          0.426532
          0.426532
          0.426532
          0.426532
          0.426532
          0.426532
          0.426532
          0.426532
          0.426531
          0.426531
          0.426531
          0.426531
          0.426531
          0.426531
          0.426531
          0.426531
          0.426531
          0.426531
          0.426531
          0.426531
          0.426531
          0.426531
          0.426531
          0.426531
          0.426531
          0.426531
          0.426531
          0.426531
          0.426531
          0.426531
          0.426531
          0.426531
          0.426531
          0.426531
          0.426531
          0.426531
          0.426531
          0.426531
          0.426531
          0.426531
          0.426531
          0.426531
          0.426531
          0.426531
          0.426531
          0.426531
          0.426531
          0.426531
          0.426530
