          0.680258
          0.679764
          0.679609
          0.679620
          0.679709
          0.679830
          0.679959
          0.680086
          0.680206
          0.680317
          0.680418
          0.680510
          0.680592
          0.680667
          0.680734
          0.680794
          0.680848
          0.680897
          0.680941
          0.680980
          0.681015
          0.681047
          0.681075
          0.681101
          0.681124
          0.681145
          0.681163
          0.681180
          0.681195
          0.681209
          0.681221
          0.681232
          0.681241
          0.681250
          0.681258
          0.681265
          0.681272
          0.681278
          0.681283
          0.681287
          0.681292
          0.681295
          0.681299
          0.681302
          0.681305
          0.681307
          0.681309
          0.681312
          0.681313
          0.681315
          0.681317
          0.681318
          0.681319
          0.681320
          0.681321
          0.681322
          0.681323
          0.681324
          0.681324
          0.681325
          0.681326
          0.681326
          0.681327
          0.681327
          0.681327
          0.681328
          0.681328
          0.681329
          0.681329
          0.681329
          0.681329
          0.681330
          0.681330
          0.681330
          0.681330
          0.681330
          0.681330
          0.681331
          0.681331
          0.681331
          0.681331
          0.681331
          0.681331
          0.681331
          0.681332
          0.681332
          0.681332
          0.681332
          0.681332
          0.681332
          0.681332
          0.681332
          0.681332
          0.681332
          0.681332
          0.681332
          0.681333
          0.681333
          0.681333
          0.681333
          0.681333
          0.681333
          0.681333
          0.681333
          0.681333
          0.681333
          0.681333
          0.681333
          0.681333
          0.681333
          0.681333
          0.681333
          0.681333
          0.681333
          0.681334
          0.681334
          0.681334
          0.681334
          0.681334
          0.681334
          0.681334
          0.681334
          0.681334
          0.681334
          0.681334
          0.681334
          0.681334
          0.681334
          0.681334
          0.681334
          0.681334
          0.681334
          0.681334
          0.681334
          0.681334
          0.681334
          0.681334
          0.681334
          0.681334
          0.681334
          0.681334
          0.681334
          0.681334
          0.681334
          0.681334
          0.681334
          0.681334
          0.681334
          0.681334
          0.681334
          0.681334
          0.681335
          0.681335
          0.681335
          0.681335
          0.681335
          0.681334
          0.681334
          0.681334
          0.681334
