          0.252514
          0.252756
          0.252838
          0.252830
          0.252781
          0.252715
          0.252644
          0.252573
          0.252507
          0.252445
          0.252389
          0.252337
          0.252291
          0.252249
          0.252211
          0.252176
          0.252145
          0.252117
          0.252092
          0.252069
          0.252049
          0.252030
          0.252013
          0.251998
          0.251984
          0.251972
          0.251961
          0.251951
          0.251942
          0.251933
          0.251926
          0.251919
          0.251913
          0.251907
          0.251902
          0.251898
          0.251894
          0.251890
          0.251887
          0.251884
          0.251881
          0.251878
          0.251876
          0.251874
          0.251872
          0.251870
          0.251869
          0.251867
          0.251866
          0.251865
          0.251864
          0.251863
          0.251862
          0.251861
          0.251860
          0.251860
          0.251859
          0.251859
          0.251858
          0.251858
          0.251857
          0.251857
          0.251856
          0.251856
          0.251856
          0.251855
          0.251855
          0.251855
          0.251855
          0.251854
          0.251854
          0.251854
          0.251854
          0.251854
          0.251854
          0.251853
          0.251853
          0.251853
          0.251853
          0.251853
          0.251853
          0.251853
          0.251853
          0.251853
          0.251852
          0.251852
          0.251852
          0.251852
          0.251852
          0.251852
          0.251852
          0.251852
          0.251852
          0.251852
          0.251852
          0.251852
          0.251852
          0.251852
          0.251852
          0.251852
          0.251852
          0.251852
          0.251852
          0.251851
          0.251851
          0.251851
          0.251851
          0.251851
          0.251851
          0.251851
          0.251851
          0.251851
          0.251851
          0.251851
          0.251851
          0.251851
          0.251851
          0.251851
          0.251851
          0.251851
          0.251851
          0.251851
          0.251851
          0.251851
          0.251851
          0.251851
          0.251851
          0.251851
          0.251851
          0.251851
          0.251851
          0.251851
          0.251851
          0.251851
          0.251851
          0.251851
          0.251851
          0.251851
          0.251851
          0.251851
          0.251851
          0.251851
          0.251851
          0.251851
          0.251851
          0.251851
          0.251851
          0.251851
          0.251851
          0.251851
          0.251851
          0.251851
          0.251851
          0.251851
          0.251851
          0.251851
          0.251851
          0.251851
          0.251851
          0.251851
