          0.212091
          0.212374
          0.212458
          0.212445
          0.212387
          0.212311
          0.212231
          0.212152
          0.212078
          0.212011
          0.211949
          0.211893
          0.211843
          0.211798
          0.211758
          0.211722
          0.211690
          0.211661
          0.211635
          0.211611
          0.211591
          0.211572
          0.211555
          0.211541
          0.211527
          0.211516
          0.211505
          0.211496
          0.211487
          0.211480
          0.211473
          0.211467
          0.211462
          0.211457
          0.211453
          0.211449
          0.211446
          0.211443
          0.211440
          0.211438
          0.211436
          0.211434
          0.211433
          0.211431
          0.211430
          0.211429
          0.211428
          0.211427
          0.211427
          0.211426
          0.211426
          0.211425
          0.211425
          0.211425
          0.211424
          0.211424
          0.211424
          0.211424
          0.211424
          0.211424
          0.211423
          0.211423
          0.211423
          0.211423
          0.211423
          0.211423
          0.211423
          0.211423
          0.211423
          0.211424
          0.211424
          0.211424
          0.211424
          0.211424
          0.211424
          0.211424
          0.211424
          0.211424
          0.211424
          0.211424
          0.211424
          0.211424
          0.211424
          0.211424
          0.211425
          0.211425
          0.211425
          0.211425
          0.211425
          0.211425
          0.211425
          0.211425
          0.211425
          0.211425
          0.211425
          0.211425
          0.211425
          0.211425
          0.211425
          0.211425
          0.211425
          0.211425
          0.211426
          0.211426
          0.211426
          0.211426
          0.211426
          0.211426
          0.211426
          0.211426
          0.211426
          0.211426
          0.211426
          0.211426
          0.211426
          0.211426
          0.211426
          0.211426
          0.211426
          0.211426
          0.211426
          0.211426
          0.211426
          0.211426
          0.211426
          0.211426
          0.211426
          0.211426
          0.211426
          0.211426
          0.211426
          0.211426
          0.211427
          0.211427
          0.211427
          0.211427
          0.211427
          0.211427
          0.211427
          0.211427
          0.211427
          0.211427
          0.211427
          0.211427
          0.211427
          0.211427
          0.211427
          0.211427
          0.211427
          0.211427
          0.211427
          0.211427
          0.211427
          0.211427
          0.211427
          0.211427
          0.211427
          0.211427
          0.211427
          0.211427
