          0.008633
          0.008629
          0.008629
          0.008631
          0.008633
          0.008636
          0.008638
          0.008640
          0.008642
          0.008643
          0.008645
          0.008646
          0.008647
          0.008647
          0.008648
          0.008648
          0.008649
          0.008649
          0.008649
          0.008649
          0.008649
          0.008649
          0.008649
          0.008649
          0.008648
          0.008648
          0.008648
          0.008648
          0.008647
          0.008647
          0.008647
          0.008647
          0.008646
          0.008646
          0.008646
          0.008646
          0.008645
          0.008645
          0.008645
          0.008645
          0.008644
          0.008644
          0.008644
          0.008644
          0.008643
          0.008643
          0.008643
          0.008643
          0.008643
          0.008643
          0.008642
          0.008642
          0.008642
          0.008642
          0.008642
          0.008642
          0.008641
          0.008641
          0.008641
          0.008641
          0.008641
          0.008641
          0.008641
          0.008641
          0.008641
          0.008640
          0.008640
          0.008640
          0.008640
          0.008640
          0.008640
          0.008640
          0.008640
          0.008640
          0.008640
          0.008640
          0.008640
          0.008640
          0.008639
          0.008639
          0.008639
          0.008639
          0.008639
          0.008639
          0.008639
          0.008639
          0.008639
          0.008639
          0.008639
          0.008639
          0.008639
          0.008639
          0.008639
          0.008639
          0.008639
          0.008639
          0.008639
          0.008639
          0.008639
          0.008639
          0.008639
          0.008639
          0.008639
          0.008639
          0.008639
          0.008638
          0.008638
          0.008638
          0.008638
          0.008638
          0.008638
          0.008638
          0.008638
          0.008638
          0.008638
          0.008638
          0.008638
          0.008638
          0.008638
          0.008638
          0.008638
          0.008638
          0.008638
          0.008638
          0.008638
          0.008638
          0.008638
          0.008638
          0.008638
          0.008638
          0.008638
          0.008638
          0.008638
          0.008638
          0.008638
          0.008638
          0.008638
          0.008638
          0.008638
          0.008638
          0.008638
          0.008638
          0.008638
          0.008638
          0.008638
          0.008638
          0.008638
          0.008638
          0.008638
          0.008638
          0.008638
          0.008638
          0.008638
          0.008638
          0.008638
          0.008638
          0.008638
          0.008638
          0.008638
          0.008638
