          1.761555
          1.761674
          1.761674
          1.761623
          1.761554
          1.761482
          1.761415
          1.761356
          1.761304
          1.761261
          1.761224
          1.761194
          1.761170
          1.761150
          1.761135
          1.761124
          1.761116
          1.761110
          1.761107
          1.761106
          1.761107
          1.761109
          1.761113
          1.761117
          1.761122
          1.761128
          1.761134
          1.761141
          1.761148
          1.761155
          1.761163
          1.761170
          1.761178
          1.761185
          1.761193
          1.761200
          1.761207
          1.761215
          1.761222
          1.761228
          1.761235
          1.761242
          1.761248
          1.761254
          1.761260
          1.761266
          1.761271
          1.761277
          1.761282
          1.761287
          1.761291
          1.761296
          1.761301
          1.761305
          1.761309
          1.761313
          1.761317
          1.761321
          1.761324
          1.761327
          1.761331
          1.761334
          1.761337
          1.761340
          1.761343
          1.761345
          1.761348
          1.761350
          1.761353
          1.761355
          1.761357
          1.761359
          1.761361
          1.761363
          1.761365
          1.761367
          1.761369
          1.761371
          1.761372
          1.761374
          1.761375
          1.761377
          1.761378
          1.761380
          1.761381
          1.761382
          1.761383
          1.761385
          1.761386
          1.761387
          1.761388
          1.761389
          1.761390
          1.761391
          1.761392
          1.761393
          1.761394
          1.761395
          1.761396
          1.761396
          1.761397
          1.761398
          1.761399
          1.761399
          1.761400
          1.761401
          1.761401
          1.761402
          1.761403
          1.761403
          1.761404
          1.761405
          1.761405
          1.761406
          1.761406
          1.761407
          1.761407
          1.761408
          1.761408
          1.761409
          1.761409
          1.761410
          1.761410
          1.761410
          1.761411
          1.761411
          1.761412
          1.761412
          1.761412
          1.761413
          1.761413
          1.761413
          1.761414
          1.761414
          1.761414
          1.761415
          1.761415
          1.761415
          1.761416
          1.761416
          1.761416
          1.761416
          1.761417
          1.761417
          1.761417
          1.761417
          1.761418
          1.761418
          1.761418
          1.761418
          1.761419
          1.761419
          1.761419
          1.761419
          1.761419
          1.761419
          1.761420
          1.761420
          1.761420
          1.761420
