          1.509904
          1.510006
          1.510006
          1.509962
          1.509903
          1.509842
          1.509785
          1.509733
          1.509689
          1.509652
          1.509621
          1.509595
          1.509574
          1.509557
          1.509545
          1.509535
          1.509528
          1.509523
          1.509521
          1.509520
          1.509520
          1.509522
          1.509525
          1.509529
          1.509533
          1.509538
          1.509544
          1.509549
          1.509555
          1.509562
          1.509568
          1.509574
          1.509581
          1.509587
          1.509594
          1.509600
          1.509606
          1.509612
          1.509618
          1.509624
          1.509630
          1.509636
          1.509641
          1.509646
          1.509651
          1.509656
          1.509661
          1.509666
          1.509670
          1.509674
          1.509678
          1.509682
          1.509686
          1.509690
          1.509693
          1.509697
          1.509700
          1.509703
          1.509706
          1.509709
          1.509712
          1.509715
          1.509717
          1.509720
          1.509722
          1.509725
          1.509727
          1.509729
          1.509731
          1.509733
          1.509735
          1.509737
          1.509738
          1.509740
          1.509742
          1.509743
          1.509745
          1.509746
          1.509748
          1.509749
          1.509750
          1.509752
          1.509753
          1.509754
          1.509755
          1.509756
          1.509757
          1.509758
          1.509759
          1.509760
          1.509761
          1.509762
          1.509763
          1.509764
          1.509765
          1.509765
          1.509766
          1.509767
          1.509768
          1.509768
          1.509769
          1.509770
          1.509770
          1.509771
          1.509772
          1.509772
          1.509773
          1.509773
          1.509774
          1.509774
          1.509775
          1.509775
          1.509776
          1.509776
          1.509777
          1.509777
          1.509778
          1.509778
          1.509778
          1.509779
          1.509779
          1.509780
          1.509780
          1.509780
          1.509781
          1.509781
          1.509781
          1.509782
          1.509782
          1.509782
          1.509783
          1.509783
          1.509783
          1.509784
          1.509784
          1.509784
          1.509784
          1.509785
          1.509785
          1.509785
          1.509785
          1.509786
          1.509786
          1.509786
          1.509786
          1.509786
          1.509787
          1.509787
          1.509787
          1.509787
          1.509787
          1.509787
          1.509788
          1.509788
          1.509788
          1.509788
          1.509788
          1.509788
          1.509788
          1.509789
