          0.008633
          0.008629
          0.008629
          0.008631
          0.008633
          0.008636
          0.008638
          0.008640
          0.008642
          0.008643
          0.008645
          0.008646
          0.008647
          0.008647
          0.008648
          0.008648
          0.008649
          0.008649
          0.008649
          0.008649
          0.008649
          0.008649
          0.008649
          0.008649
          0.008648
          0.008648
          0.008648
          0.008648
          0.008647
          0.008647
          0.008647
          0.008647
          0.008646
          0.008646
          0.008646
          0.008646
          0.008645
          0.008645
          0.008645
          0.008645
          0.008644
          0.008644
          0.008644
          0.008644
          0.008643
          0.008643
          0.008643
          0.008643
          0.008643
          0.008643
          0.008642
          0.008642
          0.008642
          0.008642
          0.008642
          0.008642
          0.008641
          0.008641
          0.008641
          0.008641
          0.008641
          0.008641
          0.008641
          0.008641
          0.008641
          0.008640
          0.008640
          0.008640
          0.008640
          0.008640
          0.008640
          0.008640
          0.008640
          0.008640
          0.008640
          0.008640
          0.008640
          0.008640
          0.008639
          0.008639
          0.008639
          0.008639
          0.008639
          0.008639
          0.008639
          0.008639
          0.008639
          0.008639
          0.008639
          0.008639
          0.008639
          0.008639
          0.008639
          0.008639
          0.008639
          0.008639
          0.008639
          0.008639
          0.008639
          0.008639
          0.008639
          0.008639
          0.008639
          0.008639
          0.008639
          0.008638
          0.008638
          0.008638
          0.008638
          0.008638
          0.008638
          0.008638
          0.008638
          0.008638
          0.008638
          0.008638
          0.008638
          0.008638
          0.008638
          0.008638
          0.008638
          0.008638
          0.008638
          0.008638
          0.008638
          0.008638
          0.008638
          0.008638
          0.008638
          0.008638
          0.008638
          0.008638
          0.008638
          0.008638
          0.008638
          0.008638
          0.008638
          0.008638
          0.008638
          0.008638
          0.008638
          0.008638
          0.008638
          0.008638
          0.008638
          0.008638
          0.008638
          0.008638
          0.008638
          0.008638
          0.008638
          0.008638
          0.008638
          0.008638
          0.008638
          0.008638
          0.008638
          0.008638
          0.008638
          0.008638
          0.680258
          0.679764
          0.679609
          0.679620
          0.679709
          0.679830
          0.679959
          0.680086
          0.680206
          0.680317
          0.680418
          0.680510
          0.680592
          0.680667
          0.680734
          0.680794
          0.680848
          0.680897
          0.680941
          0.680980
          0.681015
          0.681047
          0.681075
          0.681101
          0.681124
          0.681145
          0.681163
          0.681180
          0.681195
          0.681209
          0.681221
          0.681232
          0.681241
          0.681250
          0.681258
          0.681265
          0.681272
          0.681278
          0.681283
          0.681287
          0.681292
          0.681295
          0.681299
          0.681302
          0.681305
          0.681307
          0.681309
          0.681312
          0.681313
          0.681315
          0.681317
          0.681318
          0.681319
          0.681320
          0.681321
          0.681322
          0.681323
          0.681324
          0.681324
          0.681325
          0.681326
          0.681326
          0.681327
          0.681327
          0.681327
          0.681328
          0.681328
          0.681329
          0.681329
          0.681329
          0.681329
          0.681330
          0.681330
          0.681330
          0.681330
          0.681330
          0.681330
          0.681331
          0.681331
          0.681331
          0.681331
          0.681331
          0.681331
          0.681331
          0.681332
          0.681332
          0.681332
          0.681332
          0.681332
          0.681332
          0.681332
          0.681332
          0.681332
          0.681332
          0.681332
          0.681332
          0.681333
          0.681333
          0.681333
          0.681333
          0.681333
          0.681333
          0.681333
          0.681333
          0.681333
          0.681333
          0.681333
          0.681333
          0.681333
          0.681333
          0.681333
          0.681333
          0.681333
          0.681333
          0.681334
          0.681334
          0.681334
          0.681334
          0.681334
          0.681334
          0.681334
          0.681334
          0.681334
          0.681334
          0.681334
          0.681334
          0.681334
          0.681334
          0.681334
          0.681334
          0.681334
          0.681334
          0.681334
          0.681334
          0.681334
          0.681334
          0.681334
          0.681334
          0.681334
          0.681334
          0.681334
          0.681334
          0.681334
          0.681334
          0.681334
          0.681334
          0.681334
          0.681334
          0.681334
          0.681334
          0.681334
          0.681335
          0.681335
          0.681335
          0.681335
          0.681335
          0.681334
          0.681334
          0.681334
          0.681334
         -0.000094
         -0.000102
         -0.000126
         -0.000131
         -0.000129
         -0.000122
         -0.000115
         -0.000107
         -0.000099
         -0.000092
         -0.000085
         -0.000079
         -0.000073
         -0.000068
         -0.000064
         -0.000060
         -0.000056
         -0.000052
         -0.000049
         -0.000046
         -0.000044
         -0.000041
         -0.000039
         -0.000037
         -0.000035
         -0.000033
         -0.000032
         -0.000030
         -0.000029
         -0.000028
         -0.000026
         -0.000025
         -0.000024
         -0.000023
         -0.000022
         -0.000022
         -0.000021
         -0.000020
         -0.000019
         -0.000019
         -0.000018
         -0.000017
         -0.000017
         -0.000016
         -0.000016
         -0.000015
         -0.000015
         -0.000014
         -0.000014
         -0.000014
         -0.000013
         -0.000013
         -0.000012
         -0.000012
         -0.000012
         -0.000012
         -0.000011
         -0.000011
         -0.000011
         -0.000010
         -0.000010
         -0.000010
         -0.000010
         -0.000009
         -0.000009
         -0.000009
         -0.000009
         -0.000008
         -0.000008
         -0.000008
         -0.000008
         -0.000008
         -0.000008
         -0.000007
         -0.000007
         -0.000007
         -0.000007
         -0.000007
         -0.000007
         -0.000006
         -0.000006
         -0.000006
         -0.000006
         -0.000006
         -0.000006
         -0.000006
         -0.000005
         -0.000005
         -0.000005
         -0.000005
         -0.000005
         -0.000005
         -0.000005
         -0.000005
         -0.000005
         -0.000004
         -0.000004
         -0.000004
         -0.000004
         -0.000004
         -0.000004
         -0.000004
         -0.000004
         -0.000004
         -0.000004
         -0.000004
         -0.000004
         -0.000003
         -0.000003
         -0.000003
         -0.000003
         -0.000003
         -0.000003
         -0.000003
         -0.000003
         -0.000003
         -0.000003
         -0.000003
         -0.000003
         -0.000003
         -0.000003
         -0.000003
         -0.000002
         -0.000002
         -0.000002
         -0.000002
         -0.000002
         -0.000002
         -0.000002
         -0.000002
         -0.000002
         -0.000002
         -0.000002
         -0.000002
         -0.000002
         -0.000002
         -0.000002
         -0.000002
         -0.000002
         -0.000002
         -0.000002
         -0.000002
         -0.000002
         -0.000002
         -0.000002
         -0.000002
         -0.000002
         -0.000002
         -0.000002
         -0.000002
         -0.000001
         -0.000001
         -0.000001
         -0.000001
         -0.000001
         -0.000001
         -0.000001
         -0.000001
         -0.000001
         -0.000001
          1.000000
          1.000000
          1.000000
          1.000000
          1.000000
          1.000000
          1.000000
          1.000000
          1.000000
          1.000000
          1.000000
          1.000000
          1.000000
          1.000000
          1.000000
          1.000000
          1.000000
          1.000000
          1.000000
          1.000000
          1.000000
          1.000000
          1.000000
          1.000000
          1.000000
          1.000000
          1.000000
          1.000000
          1.000000
          1.000000
          1.000000
          1.000000
          1.000000
          1.000000
          1.000000
          1.000000
          1.000000
          1.000000
          1.000000
          1.000000
          1.000000
          1.000000
          1.000000
          1.000000
          1.000000
          1.000000
          1.000000
          1.000000
          1.000000
          1.000000
          1.000000
          1.000000
          1.000000
          1.000000
          1.000000
          1.000000
          1.000000
          1.000000
          1.000000
          1.000000
          1.000000
          1.000000
          1.000000
          1.000000
          1.000000
          1.000000
          1.000000
          1.000000
          1.000000
          1.000000
          1.000000
          1.000000
          1.000000
          1.000000
          1.000000
          1.000000
          1.000000
          1.000000
          1.000000
          1.000000
          1.000000
          1.000000
          1.000000
          1.000000
          1.000000
          1.000000
          1.000000
          1.000000
          1.000000
          1.000000
          1.000000
          1.000000
          1.000000
          1.000000
          1.000000
          1.000000
          1.000000
          1.000000
          1.000000
          1.000000
          1.000000
          1.000000
          1.000000
          1.000000
          1.000000
          1.000000
          1.000000
          1.000000
          1.000000
          1.000000
          1.000000
          1.000000
          1.000000
          1.000000
          1.000000
          1.000000
          1.000000
          1.000000
          1.000000
          1.000000
          1.000000
          1.000000
          1.000000
          1.000000
          1.000000
          1.000000
          1.000000
          1.000000
          1.000000
          1.000000
          1.000000
          1.000000
          1.000000
          1.000000
          1.000000
          1.000000
          1.000000
          1.000000
          1.000000
          1.000000
          1.000000
          1.000000
          1.000000
          1.000000
          1.000000
          1.000000
          1.000000
          1.000000
          1.000000
          1.000000
          1.000000
          1.000000
          1.000000
          1.000000
          1.000000
          1.000000
          1.000000
          1.000000
          1.000000
          1.000000
