  8.633024159972299E-003  8.628809531014475E-003  8.628820086617642E-003
  8.630631151928931E-003  8.633075603749376E-003  8.635604880996222E-003
  8.637972077740974E-003  8.640081981026206E-003  8.641907343649379E-003
  8.643453592998743E-003  8.644744751598543E-003  8.645807847188302E-003
  8.646670217873322E-003  8.647357344874507E-003  8.647892004354479E-003
  8.648294555692928E-003  8.648583089181042E-003  8.648773615256554E-003
  8.648880327934094E-003  8.648915601508780E-003  8.648890381147429E-003
  8.648814243129389E-003  8.648695569414553E-003  8.648541715613937E-003
  8.648359047425773E-003  8.648153078682072E-003  8.647928575640203E-003
  8.647689657660045E-003  8.647439872846370E-003  8.647182270077797E-003
  8.646919456859787E-003  8.646653653408769E-003  8.646386744253691E-003
  8.646120321229162E-003  8.645855722110787E-003  8.645594061429890E-003
  8.645336260766514E-003  8.645083070946911E-003  8.644835096187884E-003
  8.644592815999040E-003  8.644356598056216E-003  8.644126717498384E-003
  8.643903370833279E-003  8.643686680802025E-003  8.643476719700064E-003
  8.643273509595992E-003  8.643077028684798E-003  8.642887222329183E-003
  8.642704005339657E-003  8.642527270947808E-003  8.642356890887415E-003
  8.642192724911223E-003  8.642034616060562E-003  8.641882400801965E-003
  8.641735908382733E-003  8.641594963723851E-003  8.641459387726874E-003
  8.641329000694279E-003  8.641203622841077E-003  8.641083075746016E-003
  8.640967178886429E-003  8.640855758372139E-003  8.640748641803061E-003
  8.640645659097496E-003  8.640546649194473E-003  8.640451447928450E-003
  8.640359902686278E-003  8.640271861463824E-003  8.640187177930470E-003
  8.640105711640299E-003  8.640027325208710E-003  8.639951888079787E-003
  8.639879271597877E-003  8.639809356819315E-003  8.639742026039638E-003
  8.639677167508962E-003  8.639614674151062E-003  8.639554442433318E-003
  8.639496374432946E-003  8.639440373981263E-003  8.639386353573093E-003
  8.639334226383168E-003  8.639283909615171E-003  8.639235325448767E-003
  8.639188399841400E-003  8.639143060913925E-003  8.639099241266284E-003
  8.639056875625469E-003  8.639015901728412E-003  8.638976262823157E-003
  8.638937903310995E-003  8.638900767500738E-003  8.638864807507257E-003
  8.638829972638233E-003  8.638796218630940E-003  8.638763501931827E-003
  8.638731780544272E-003  8.638701015651966E-003  8.638671169838815E-003
  8.638642206805028E-003  8.638614091259893E-003  8.638586793963838E-003
  8.638560281582970E-003  8.638534526168633E-003  8.638509500467191E-003
  8.638485176080395E-003  8.638461529607976E-003  8.638438535288588E-003
  8.638416173075210E-003  8.638394417369301E-003  8.638373250254693E-003
  8.638352650278402E-003  8.638332600421300E-003  8.638313081661155E-003
  8.638294075006629E-003  8.638275566881772E-003  8.638257541101107E-003
  8.638239981334452E-003  8.638222875494057E-003  8.638206208809064E-003
  8.638189968952313E-003  8.638174143275727E-003  8.638158718867448E-003
  8.638143686486995E-003  8.638129033581196E-003  8.638114752335444E-003
  8.638100831876787E-003  8.638087262138968E-003  8.638074034748176E-003
  8.638061140644835E-003  8.638048572662036E-003  8.638036322611771E-003
  8.638024384295079E-003  8.638012750879661E-003  8.638001414003756E-003
  8.637990369489812E-003  8.637979610569868E-003  8.637969132938574E-003
  8.637958931423825E-003  8.637948999962862E-003  8.637939337166969E-003
  8.637929937852991E-003  8.637920797896447E-003  8.637911915713442E-003
  8.637903288958970E-003  8.637894914687980E-003  8.637886794136056E-003
  8.637878926809185E-003  8.637871311588033E-003  8.637863950601296E-003
  8.637856844622658E-003  8.637849994015952E-003  8.637843398763700E-003
  8.637837058404324E-003  8.637830972966561E-003  8.637825143550800E-003
  8.637819559394673E-003  8.637814218572673E-003  8.637809117455826E-003
  8.637803918749904E-003  0.680258328245317       0.679763769418263     
  0.679608655213132       0.679620152146886       0.679708969667243     
  0.679829541961053       0.679959022356127       0.680086314483245     
  0.680206341824790       0.680317095832045       0.680418104516615     
  0.680509632022702       0.680592267967079       0.680666722230163     
  0.680733725226991       0.680793980924836       0.680848147345788     
  0.680896828563060       0.680940574377824       0.680979882263337     
  0.681015201198438       0.681046935585468       0.681075449439639     
  0.681101070285960       0.681124092504578       0.681144780671740     
  0.681163372470474       0.681180081416039       0.681195099300674     
  0.681208598397383       0.681220733430848       0.681231643349443     
  0.681241452921577       0.681250274198373       0.681258207831011     
  0.681265344215666       0.681271764524536       0.681277541656423     
  0.681282741070117       0.681287421556709       0.681291635895047     
  0.681295431484371       0.681298850899054       0.681301932342570     
  0.681304710149358       0.681307215168593       0.681309475088173     
  0.681311514781969       0.681313356581366       0.681315020552191     
  0.681316524709275       0.681317885252719       0.681319116704490     
  0.681320232122281       0.681321243236763       0.681322160586299     
  0.681322993624464       0.681323750856052       0.681324439915908     
  0.681325067670331       0.681325640260146       0.681326163227333     
  0.681326641542113       0.681327079655538       0.681327481587395     
  0.681327850916507       0.681328190883235       0.681328504383867     
  0.681328794019656       0.681329062135354       0.681329310820791     
  0.681329541968848       0.681329757257593       0.681329958217747     
  0.681330146204419       0.681330322445586       0.681330488034662     
  0.681330643958161       0.681330791101979       0.681330930245325     
  0.681331062113963       0.681331187344849       0.681331306507181     
  0.681331420109529       0.681331528623247       0.681331632461455     
  0.681331731995196       0.681331827554249       0.681331919438968     
  0.681332007928051       0.681332093266604       0.681332175655852     
  0.681332255308534       0.681332332386583       0.681332407060071     
  0.681332479471893       0.681332549747710       0.681332618007220     
  0.681332684357808       0.681332748890823       0.681332811684832     
  0.681332872837467       0.681332932404364       0.681332990456540     
  0.681333047057062       0.681333102250134       0.681333156095236     
  0.681333208627928       0.681333259903210       0.681333309937045     
  0.681333358780677       0.681333406457296       0.681333453008464     
  0.681333498452470       0.681333542803236       0.681333586105441     
  0.681333628370766       0.681333669613329       0.681333709859155     
  0.681333749122503       0.681333787419613       0.681333824764187     
  0.681333861165664       0.681333896639834       0.681333931187864     
  0.681333964837287       0.681333997588262       0.681334029439812     
  0.681334060404009       0.681334090477292       0.681334119667381     
  0.681334147974929       0.681334175399592       0.681334201942361     
  0.681334227585368       0.681334252333202       0.681334276167530     
  0.681334299081512       0.681334321055442       0.681334342064002     
  0.681334362095919       0.681334381112080       0.681334399070139     
  0.681334415938813       0.681334431664538       0.681334446185812     
  0.681334459448687       0.681334471368600       0.681334481851304     
  0.681334490797939       0.681334498068553       0.681334503505115     
  0.681334506897155       0.681334507982135       0.681334506433424     
  0.681334501843146       0.681334493640311       0.681334481177226     
  0.681334463639390       0.681334439038941      -9.396676427971561E-005
 -1.020440711450733E-004 -1.257305583223381E-004 -1.314357451856900E-004
 -1.287308374345892E-004 -1.223523445620050E-004 -1.146178695418258E-004
 -1.066342234135783E-004 -9.893335316717824E-005 -9.173275497357591E-005
 -8.509812567067365E-005 -7.902651227996026E-005 -7.348635870893085E-005
 -6.843779869727352E-005 -6.383993266334483E-005 -5.965261812580933E-005
 -5.583740719356276E-005 -5.235873956577648E-005 -4.918358581612920E-005
 -4.628274957890401E-005 -4.362920487493696E-005 -4.119872254996730E-005
 -3.896937427003678E-005 -3.692131370886139E-005 -3.503680148221430E-005
 -3.329989704695882E-005 -3.169632660102258E-005 -3.021329814565742E-005
 -2.883934970059333E-005 -2.756420088071471E-005 -2.637864958008772E-005
 -2.527446337371679E-005 -2.424427412916916E-005 -2.328146434194554E-005
 -2.238007223151110E-005 -2.153473636080728E-005 -2.074064766984873E-005
 -1.999348109042930E-005 -1.928934794267674E-005 -1.862473264027965E-005
 -1.799648617009515E-005 -1.740176506368793E-005 -1.683798503418171E-005
 -1.630284627201270E-005 -1.579421804986911E-005 -1.531016025032823E-005
 -1.484893295446262E-005 -1.440894145452971E-005 -1.398874311355552E-005
 -1.358700388350482E-005 -1.320251975095502E-005 -1.283415586790446E-005
 -1.248091359115634E-005 -1.214184886968690E-005 -1.181609918150883E-005
 -1.150286242334137E-005 -1.120141025575227E-005 -1.091105798206020E-005
 -1.063117352430302E-005 -1.036116349271535E-005 -1.010051381981432E-005
 -9.848705435894396E-006 -9.605269039106166E-006 -9.369788450721354E-006
 -9.141830630307223E-006 -8.921058197096471E-006 -8.707099878603936E-006
 -8.499637213177102E-006 -8.298370818966146E-006 -8.103005539315312E-006
 -7.913285575255196E-006 -7.728954927375145E-006 -7.549801503522519E-006
 -7.375584939247969E-006 -7.206111714963028E-006 -7.041186904004803E-006
 -6.880628990667920E-006 -6.724275828463756E-006 -6.571961243744761E-006
 -6.423556751171990E-006 -6.278899239061253E-006 -6.137863688366823E-006
 -6.000330516455055E-006 -5.866183801008948E-006 -5.735302859849616E-006
 -5.607588177160908E-006 -5.482938813889604E-006 -5.361264115584872E-006
 -5.242479186189982E-006 -5.126482702901352E-006 -5.013194978360510E-006
 -4.902557159985023E-006 -4.794478105705333E-006 -4.688904450887119E-006
 -4.585757592823048E-006 -4.484976033234805E-006 -4.386501153413822E-006
 -4.290270155158477E-006 -4.196227308353165E-006 -4.104323391078502E-006
 -4.014518794632264E-006 -3.926735818482644E-006 -3.840952905917281E-006
 -3.757112782536575E-006 -3.675164664553695E-006 -3.595083054723406E-006
 -3.516810317246196E-006 -3.440325643237337E-006 -3.365565451540068E-006
 -3.292525562200470E-006 -3.221149618723011E-006 -3.151414995983469E-006
 -3.083270575839843E-006 -3.016697556882280E-006 -2.951682615442116E-006
 -2.888169587605748E-006 -2.826138019801888E-006 -2.765574562684941E-006
 -2.706436834746367E-006 -2.648706488948160E-006 -2.592357294204614E-006
 -2.537369322955916E-006 -2.483728291493463E-006 -2.431399968649190E-006
 -2.380382041219789E-006 -2.330632030516598E-006 -2.282144514415342E-006
 -2.234912472954183E-006 -2.188915355242863E-006 -2.144144990507375E-006
 -2.100584532164676E-006 -2.058228343400382E-006 -2.017063673258571E-006
 -1.977076745162839E-006 -1.938285697999108E-006 -1.900670095686422E-006
 -1.864242569544713E-006 -1.828999043970608E-006 -1.794948428256335E-006
 -1.762110075074259E-006 -1.730478236581461E-006 -1.700085923672923E-006
 -1.670966264191728E-006 -1.643135451803765E-006 -1.616635569624384E-006
 -1.591517987403789E-006 -1.567818686965612E-006 -1.545607178439362E-006
 -1.524968615228379E-006 -1.505982945945476E-006 -1.488773708780425E-006
 -1.473486798503945E-006 -1.460316304416680E-006 -1.449504274509454E-006
 -1.441344454915365E-006 -1.436208996680316E-006 -1.434667436626295E-006
 -1.437401305499731E-006 -1.445345658295564E-006 -1.462683572490136E-006
   1.00000000000000        1.00000000000000        1.00000000000000     
   1.00000000000000        1.00000000000000        1.00000000000000     
   1.00000000000000        1.00000000000000        1.00000000000000     
   1.00000000000000        1.00000000000000        1.00000000000000     
   1.00000000000000        1.00000000000000        1.00000000000000     
   1.00000000000000        1.00000000000000        1.00000000000000     
   1.00000000000000        1.00000000000000        1.00000000000000     
   1.00000000000000        1.00000000000000        1.00000000000000     
   1.00000000000000        1.00000000000000        1.00000000000000     
   1.00000000000000        1.00000000000000        1.00000000000000     
   1.00000000000000        1.00000000000000        1.00000000000000     
   1.00000000000000        1.00000000000000        1.00000000000000     
   1.00000000000000        1.00000000000000        1.00000000000000     
   1.00000000000000        1.00000000000000        1.00000000000000     
   1.00000000000000        1.00000000000000        1.00000000000000     
   1.00000000000000        1.00000000000000        1.00000000000000     
   1.00000000000000        1.00000000000000        1.00000000000000     
   1.00000000000000        1.00000000000000        1.00000000000000     
   1.00000000000000        1.00000000000000        1.00000000000000     
   1.00000000000000        1.00000000000000        1.00000000000000     
   1.00000000000000        1.00000000000000        1.00000000000000     
   1.00000000000000        1.00000000000000        1.00000000000000     
   1.00000000000000        1.00000000000000        1.00000000000000     
   1.00000000000000        1.00000000000000        1.00000000000000     
   1.00000000000000        1.00000000000000        1.00000000000000     
   1.00000000000000        1.00000000000000        1.00000000000000     
   1.00000000000000        1.00000000000000        1.00000000000000     
   1.00000000000000        1.00000000000000        1.00000000000000     
   1.00000000000000        1.00000000000000        1.00000000000000     
   1.00000000000000        1.00000000000000        1.00000000000000     
   1.00000000000000        1.00000000000000        1.00000000000000     
   1.00000000000000        1.00000000000000        1.00000000000000     
   1.00000000000000        1.00000000000000        1.00000000000000     
   1.00000000000000        1.00000000000000        1.00000000000000     
   1.00000000000000        1.00000000000000        1.00000000000000     
   1.00000000000000        1.00000000000000        1.00000000000000     
   1.00000000000000        1.00000000000000        1.00000000000000     
   1.00000000000000        1.00000000000000        1.00000000000000     
   1.00000000000000        1.00000000000000        1.00000000000000     
   1.00000000000000        1.00000000000000        1.00000000000000     
   1.00000000000000        1.00000000000000        1.00000000000000     
   1.00000000000000        1.00000000000000        1.00000000000000     
   1.00000000000000        1.00000000000000        1.00000000000000     
   1.00000000000000        1.00000000000000        1.00000000000000     
   1.00000000000000        1.00000000000000        1.00000000000000     
   1.00000000000000        1.00000000000000        1.00000000000000     
   1.00000000000000        1.00000000000000        1.00000000000000     
   1.00000000000000        1.00000000000000        1.00000000000000     
   1.00000000000000        1.00000000000000        1.00000000000000     
   1.00000000000000        1.00000000000000        1.00000000000000     
   1.00000000000000        1.00000000000000        1.00000000000000     
   1.00000000000000        1.00000000000000        1.00000000000000     
   1.00000000000000        1.00000000000000        1.00000000000000     
   1.00000000000000     
