          1.327877
          1.327604
          1.327498
          1.327472
          1.327484
          1.327512
          1.327546
          1.327581
          1.327616
          1.327648
          1.327677
          1.327704
          1.327729
          1.327752
          1.327772
          1.327791
          1.327808
          1.327824
          1.327838
          1.327851
          1.327863
          1.327874
          1.327884
          1.327893
          1.327902
          1.327910
          1.327917
          1.327924
          1.327930
          1.327936
          1.327941
          1.327946
          1.327951
          1.327955
          1.327959
          1.327963
          1.327967
          1.327970
          1.327973
          1.327976
          1.327979
          1.327982
          1.327985
          1.327987
          1.327989
          1.327992
          1.327994
          1.327996
          1.327998
          1.327999
          1.328001
          1.328003
          1.328005
          1.328006
          1.328008
          1.328009
          1.328010
          1.328012
          1.328013
          1.328014
          1.328015
          1.328017
          1.328018
          1.328019
          1.328020
          1.328021
          1.328022
          1.328023
          1.328024
          1.328025
          1.328025
          1.328026
          1.328027
          1.328028
          1.328029
          1.328029
          1.328030
          1.328031
          1.328031
          1.328032
          1.328033
          1.328033
          1.328034
          1.328035
          1.328035
          1.328036
          1.328036
          1.328037
          1.328037
          1.328038
          1.328038
          1.328039
          1.328039
          1.328040
          1.328040
          1.328041
          1.328041
          1.328042
          1.328042
          1.328043
          1.328043
          1.328043
          1.328044
          1.328044
          1.328044
          1.328045
          1.328045
          1.328045
          1.328046
          1.328046
          1.328046
          1.328047
          1.328047
          1.328047
          1.328048
          1.328048
          1.328048
          1.328048
          1.328049
          1.328049
          1.328049
          1.328050
          1.328050
          1.328050
          1.328050
          1.328050
          1.328051
          1.328051
          1.328051
          1.328051
          1.328051
          1.328052
          1.328052
          1.328052
          1.328052
          1.328052
          1.328052
          1.328053
          1.328053
          1.328053
          1.328053
          1.328053
          1.328053
          1.328053
          1.328054
          1.328054
          1.328054
          1.328054
          1.328054
          1.328054
          1.328054
          1.328054
          1.328054
          1.328054
          1.328054
          1.328054
          1.328054
          1.328054
          1.328054
          1.328054
