         13.861634
         13.852252
         13.852679
         13.853092
         13.853474
         13.853827
         13.854152
         13.854453
         13.854730
         13.854987
         13.855226
         13.855447
         13.855653
         13.855844
         13.856023
         13.856190
         13.856347
         13.856494
         13.856632
         13.856762
         13.856885
         13.857001
         13.857111
         13.857215
         13.857314
         13.857409
         13.857499
         13.857585
         13.857668
         13.857747
         13.857823
         13.857896
         13.857966
         13.858034
         13.858100
         13.858164
         13.858225
         13.858285
         13.858343
         13.858399
         13.858454
         13.858507
         13.858559
         13.858610
         13.858660
         13.858708
         13.858755
         13.858801
         13.858846
         13.858891
         13.858934
         13.858976
         13.859018
         13.859059
         13.859099
         13.859138
         13.859176
         13.859214
         13.859251
         13.859287
         13.859323
         13.859358
         13.859393
         13.859427
         13.859460
         13.859493
         13.859525
         13.859557
         13.859588
         13.859619
         13.859649
         13.859679
         13.859708
         13.859737
         13.859765
         13.859793
         13.859820
         13.859847
         13.859874
         13.859900
         13.859926
         13.859951
         13.859976
         13.860000
         13.860025
         13.860048
         13.860072
         13.860095
         13.860118
         13.860140
         13.860162
         13.860184
         13.860205
         13.860226
         13.860247
         13.860267
         13.860287
         13.860307
         13.860327
         13.860346
         13.860365
         13.860383
         13.860402
         13.860420
         13.860438
         13.860455
         13.860472
         13.860490
         13.860506
         13.860523
         13.860539
         13.860555
         13.860571
         13.860586
         13.860602
         13.860617
         13.860632
         13.860646
         13.860661
         13.860675
         13.860689
         13.860703
         13.860716
         13.860730
         13.860743
         13.860756
         13.860768
         13.860781
         13.860793
         13.860806
         13.860818
         13.860830
         13.860841
         13.860853
         13.860864
         13.860875
         13.860886
         13.860897
         13.860908
         13.860918
         13.860928
         13.860939
         13.860949
         13.860959
         13.860968
         13.860978
         13.860987
         13.860997
         13.861006
         13.861015
         13.861024
         13.861033
         13.861041
         13.861050
         13.861058
         13.861066
         13.861074
         13.861082
         13.861090
         13.861098
         13.861106
         13.861113
         13.861120
         13.861128
         13.861135
         13.861142
         13.861149
         13.861156
         13.861162
         13.861169
         13.861175
         13.861182
         13.861188
         13.861194
         13.861200
         13.861206
         13.861212
         13.861218
         13.861224
         13.861229
         13.861235
         13.861240
         13.861246
         13.861251
         13.861256
         13.861261
         13.861266
         13.861271
         13.861276
         13.861280
         13.861285
         13.861289
         13.861294
         13.861298
         13.861302
         13.861306
         13.861310
         13.861314
         13.861318
         13.861321
         13.861325
         13.861328
         13.861332
         13.861335
         13.861338
         13.861342
         13.861345
         13.861348
         13.861351
         13.861354
         13.861357
         13.861360
         13.861363
         13.861366
         13.861369
         13.861372
         13.861374
         13.861377
         13.861379
         13.861381
         13.861383
         13.861385
         13.861386
         13.861387
         13.861388
         13.861389
         13.861389
         13.861390
         13.861390
         13.861390
         13.861390
         13.861389
         13.861389
         13.861389
         13.861388
         13.861388
         13.861388
         13.861388
         13.861389
         13.861389
         13.861389
         13.861390
         13.861391
         13.861392
         13.861392
         13.861393
         13.861393
         13.861393
         13.861392
         13.861391
         13.861389
         13.861386
         13.861382
