          1.376775
          1.377868
          1.377718
          1.377604
          1.377512
          1.377435
          1.377367
          1.377306
          1.377252
          1.377204
          1.377160
          1.377121
          1.377086
          1.377055
          1.377026
          1.377001
          1.376978
          1.376957
          1.376939
          1.376922
          1.376907
          1.376893
          1.376881
          1.376870
          1.376860
          1.376852
          1.376844
          1.376836
          1.376830
          1.376824
          1.376819
          1.376814
          1.376810
          1.376806
          1.376803
          1.376800
          1.376797
          1.376795
          1.376792
          1.376790
          1.376789
          1.376787
          1.376786
          1.376784
          1.376783
          1.376782
          1.376781
          1.376780
          1.376780
          1.376779
          1.376778
          1.376778
          1.376777
          1.376777
          1.376776
          1.376776
          1.376776
          1.376775
          1.376775
          1.376775
          1.376775
          1.376775
          1.376775
          1.376774
          1.376774
          1.376774
          1.376774
          1.376774
          1.376774
          1.376774
          1.376774
          1.376774
          1.376774
          1.376774
          1.376774
          1.376774
          1.376774
          1.376774
          1.376774
          1.376774
          1.376774
          1.376774
          1.376774
          1.376774
          1.376774
          1.376774
          1.376774
          1.376774
          1.376774
          1.376774
          1.376774
          1.376774
          1.376774
          1.376774
          1.376774
          1.376774
          1.376774
          1.376774
          1.376774
          1.376774
          1.376774
          1.376774
          1.376774
          1.376774
          1.376774
          1.376774
          1.376774
          1.376774
          1.376774
          1.376774
          1.376774
          1.376774
          1.376774
          1.376774
          1.376774
          1.376774
          1.376774
          1.376774
          1.376774
          1.376774
          1.376774
          1.376774
          1.376774
          1.376774
          1.376774
          1.376774
          1.376774
          1.376774
          1.376774
          1.376774
          1.376774
          1.376774
          1.376774
          1.376774
          1.376774
          1.376774
          1.376774
          1.376774
          1.376774
          1.376774
          1.376774
          1.376774
          1.376774
          1.376774
          1.376774
          1.376774
          1.376774
          1.376774
          1.376774
          1.376774
          1.376774
          1.376774
          1.376774
          1.376774
          1.376774
          1.376775
          1.376775
          1.376775
          1.376775
          1.376775
          1.376775
          1.376775
          1.376775
          1.376775
          1.376775
          1.376775
          1.376775
          1.376775
          1.376775
          1.376775
          1.376775
          1.376775
          1.376775
          1.376775
          1.376775
          1.376775
          1.376775
          1.376775
          1.376775
          1.376775
          1.376775
          1.376775
          1.376775
          1.376775
          1.376775
          1.376775
          1.376775
          1.376775
          1.376775
          1.376775
          1.376775
          1.376775
          1.376775
          1.376775
          1.376775
          1.376775
          1.376775
          1.376775
          1.376775
          1.376775
          1.376775
          1.376775
          1.376775
          1.376775
          1.376775
          1.376775
          1.376775
          1.376775
          1.376775
          1.376775
          1.376775
          1.376775
          1.376775
          1.376775
          1.376775
          1.376775
          1.376775
          1.376775
          1.376775
          1.376775
          1.376775
          1.376775
          1.376775
          1.376775
          1.376775
          1.376775
          1.376775
          1.376775
          1.376775
          1.376775
          1.376775
          1.376775
          1.376775
          1.376775
          1.376775
          1.376775
          1.376775
          1.376775
          1.376775
          1.376775
          1.376775
          1.376775
          1.376775
          1.376775
          1.376775
          1.376774
          1.376774
          1.376774
          1.376774
          1.376775
          1.376775
          1.376775
          1.376775
