          0.292751
          0.292811
          0.292865
          0.292913
          0.292956
          0.292995
          0.293030
          0.293062
          0.293090
          0.293116
          0.293139
          0.293160
          0.293179
          0.293196
          0.293212
          0.293226
          0.293238
          0.293250
          0.293260
          0.293270
          0.293278
          0.293286
          0.293293
          0.293300
          0.293305
          0.293311
          0.293315
          0.293320
          0.293324
          0.293327
          0.293331
          0.293334
          0.293336
          0.293339
          0.293341
          0.293343
          0.293345
          0.293347
          0.293349
          0.293351
          0.293352
          0.293353
          0.293355
          0.293356
          0.293357
          0.293358
          0.293359
          0.293360
          0.293361
          0.293361
          0.293362
          0.293363
          0.293363
          0.293364
          0.293365
          0.293365
          0.293366
          0.293366
          0.293367
          0.293367
          0.293368
          0.293368
          0.293369
          0.293369
          0.293370
          0.293370
          0.293370
          0.293371
          0.293371
          0.293372
          0.293372
          0.293372
          0.293373
          0.293373
          0.293373
          0.293374
          0.293374
          0.293374
          0.293374
          0.293375
          0.293375
          0.293375
          0.293376
          0.293376
          0.293376
          0.293376
          0.293377
          0.293377
          0.293377
          0.293377
          0.293378
          0.293378
          0.293378
          0.293378
          0.293379
          0.293379
          0.293379
          0.293379
          0.293379
          0.293380
          0.293380
          0.293380
          0.293380
          0.293380
          0.293381
          0.293381
          0.293381
          0.293381
          0.293381
          0.293382
          0.293382
          0.293382
          0.293382
          0.293382
          0.293382
          0.293383
          0.293383
          0.293383
          0.293383
          0.293383
          0.293383
          0.293384
          0.293384
          0.293384
          0.293384
          0.293384
          0.293384
          0.293384
          0.293385
          0.293385
          0.293385
          0.293385
          0.293385
          0.293385
          0.293385
          0.293385
          0.293386
          0.293386
          0.293386
          0.293386
          0.293386
          0.293386
          0.293386
          0.293386
          0.293386
          0.293387
          0.293387
          0.293387
          0.293387
          0.293387
          0.293387
          0.293387
          0.293387
          0.293387
          0.293387
          0.293388
          0.293388
          0.293388
          0.293388
          0.293388
          0.293388
          0.293388
          0.293388
          0.293388
          0.293388
          0.293388
          0.293388
          0.293389
          0.293389
          0.293389
          0.293389
          0.293389
          0.293389
          0.293389
          0.293389
          0.293389
          0.293389
          0.293389
          0.293389
          0.293389
          0.293389
          0.293389
          0.293389
          0.293390
          0.293390
          0.293390
          0.293390
          0.293390
          0.293390
          0.293390
          0.293390
          0.293390
          0.293390
          0.293390
          0.293390
          0.293390
          0.293390
          0.293390
          0.293390
          0.293390
          0.293390
          0.293390
          0.293390
          0.293390
          0.293390
          0.293390
          0.293390
          0.293390
          0.293390
          0.293390
          0.293390
          0.293390
          0.293390
          0.293390
          0.293390
          0.293390
          0.293390
          0.293390
          0.293390
          0.293390
          0.293390
          0.293390
          0.293390
          0.293390
          0.293390
          0.293390
          0.293390
          0.293390
          0.293390
          0.293390
          0.293390
          0.293390
          0.293389
          0.293389
          0.293389
          0.293389
          0.293389
          0.293389
          0.293389
          0.293389
          0.293389
          0.293389
          0.293389
          0.293389
          0.293389
          0.293389
          0.293389
          0.293389
          0.293389
          0.293389
          0.293389
          0.293388
