         12.484859
         12.484216
         12.483648
         12.483147
         12.482706
         12.482319
         12.481979
         12.481683
         12.481425
         12.481202
         12.481009
         12.480845
         12.480705
         12.480588
         12.480490
         12.480410
         12.480346
         12.480297
         12.480260
         12.480234
         12.480218
         12.480212
         12.480213
         12.480221
         12.480235
         12.480255
         12.480280
         12.480308
         12.480341
         12.480376
         12.480415
         12.480456
         12.480499
         12.480544
         12.480590
         12.480637
         12.480686
         12.480735
         12.480785
         12.480836
         12.480887
         12.480938
         12.480989
         12.481040
         12.481092
         12.481143
         12.481194
         12.481245
         12.481295
         12.481345
         12.481395
         12.481444
         12.481493
         12.481541
         12.481589
         12.481637
         12.481684
         12.481730
         12.481776
         12.481821
         12.481865
         12.481910
         12.481953
         12.481996
         12.482038
         12.482080
         12.482121
         12.482162
         12.482202
         12.482241
         12.482280
         12.482319
         12.482356
         12.482394
         12.482430
         12.482466
         12.482502
         12.482537
         12.482572
         12.482606
         12.482639
         12.482672
         12.482705
         12.482737
         12.482768
         12.482799
         12.482830
         12.482860
         12.482890
         12.482919
         12.482948
         12.482976
         12.483004
         12.483032
         12.483059
         12.483085
         12.483112
         12.483138
         12.483163
         12.483188
         12.483213
         12.483237
         12.483261
         12.483285
         12.483308
         12.483331
         12.483354
         12.483376
         12.483398
         12.483419
         12.483440
         12.483461
         12.483482
         12.483502
         12.483522
         12.483542
         12.483561
         12.483580
         12.483599
         12.483618
         12.483636
         12.483654
         12.483671
         12.483689
         12.483706
         12.483723
         12.483740
         12.483756
         12.483772
         12.483788
         12.483804
         12.483819
         12.483834
         12.483849
         12.483864
         12.483879
         12.483893
         12.483907
         12.483921
         12.483935
         12.483948
         12.483961
         12.483974
         12.483987
         12.484000
         12.484012
         12.484025
         12.484037
         12.484049
         12.484061
         12.484072
         12.484084
         12.484095
         12.484106
         12.484117
         12.484127
         12.484138
         12.484148
         12.484159
         12.484169
         12.484179
         12.484189
         12.484198
         12.484208
         12.484217
         12.484226
         12.484235
         12.484244
         12.484253
         12.484262
         12.484270
         12.484279
         12.484287
         12.484295
         12.484303
         12.484311
         12.484319
         12.484326
         12.484334
         12.484341
         12.484349
         12.484356
         12.484363
         12.484370
         12.484377
         12.484383
         12.484390
         12.484396
         12.484403
         12.484409
         12.484415
         12.484421
         12.484427
         12.484433
         12.484439
         12.484445
         12.484450
         12.484456
         12.484461
         12.484466
         12.484471
         12.484476
         12.484481
         12.484486
         12.484491
         12.484496
         12.484500
         12.484505
         12.484509
         12.484513
         12.484518
         12.484522
         12.484526
         12.484530
         12.484534
         12.484538
         12.484541
         12.484545
         12.484549
         12.484552
         12.484556
         12.484559
         12.484562
         12.484565
         12.484568
         12.484571
         12.484574
         12.484576
         12.484579
         12.484581
         12.484583
         12.484585
         12.484587
         12.484588
         12.484590
         12.484591
         12.484592
         12.484594
         12.484595
         12.484596
         12.484597
         12.484598
         12.484599
         12.484601
         12.484602
         12.484603
         12.484604
         12.484604
         12.484605
         12.484606
         12.484606
         12.484607
         12.484607
