          0.442157
          0.442171
          0.442172
          0.442173
          0.442174
          0.442174
          0.442174
          0.442174
          0.442175
          0.442175
          0.442175
          0.442176
          0.442176
          0.442176
          0.442176
          0.442177
          0.442177
          0.442177
          0.442177
          0.442177
          0.442178
          0.442178
          0.442178
          0.442178
          0.442178
          0.442178
          0.442178
          0.442178
          0.442178
          0.442178
          0.442178
          0.442178
          0.442178
          0.442178
          0.442178
          0.442178
          0.442178
          0.442178
          0.442178
          0.442178
          0.442178
          0.442178
          0.442178
          0.442178
          0.442178
          0.442178
          0.442178
          0.442178
          0.442178
          0.442178
          0.442178
          0.442178
          0.442178
          0.442178
          0.442178
          0.442178
          0.442178
          0.442178
          0.442178
          0.442178
          0.442178
          0.442178
          0.442178
          0.442178
          0.442178
          0.442178
          0.442178
          0.442178
          0.442178
          0.442178
          0.442178
          0.442178
          0.442178
          0.442177
          0.442177
          0.442177
          0.442177
          0.442177
          0.442177
          0.442177
          0.442177
          0.442177
          0.442177
          0.442177
          0.442177
          0.442177
          0.442177
          0.442177
          0.442177
          0.442177
          0.442177
          0.442177
          0.442177
          0.442177
          0.442177
          0.442177
          0.442177
          0.442177
          0.442177
          0.442177
          0.442177
          0.442177
          0.442177
          0.442177
          0.442177
          0.442177
          0.442177
          0.442177
          0.442177
          0.442177
          0.442177
          0.442177
          0.442177
          0.442177
          0.442177
          0.442177
          0.442177
          0.442177
          0.442176
          0.442176
          0.442176
          0.442176
          0.442176
          0.442176
          0.442176
          0.442176
          0.442176
          0.442176
          0.442176
          0.442176
          0.442176
          0.442176
          0.442176
          0.442176
          0.442176
          0.442176
          0.442176
          0.442176
          0.442176
          0.442176
          0.442176
          0.442176
          0.442176
          0.442176
          0.442176
          0.442176
          0.442176
          0.442176
          0.442176
          0.442176
          0.442176
          0.442176
          0.442176
          0.442176
          0.442176
          0.442176
          0.442176
          0.442176
          0.442176
          0.442176
          0.442176
          0.442176
          0.442176
          0.442176
          0.442176
          0.442176
          0.442176
          0.442176
          0.442176
          0.442176
          0.442176
          0.442176
          0.442176
          0.442176
          0.442176
          0.442176
          0.442176
          0.442176
          0.442176
          0.442176
          0.442176
          0.442176
          0.442176
          0.442176
          0.442176
          0.442176
          0.442176
          0.442176
          0.442176
          0.442176
          0.442176
          0.442176
          0.442176
          0.442176
          0.442176
          0.442176
          0.442176
          0.442176
          0.442176
          0.442176
          0.442176
          0.442176
          0.442176
          0.442176
          0.442176
          0.442176
          0.442176
          0.442176
          0.442176
          0.442176
          0.442176
          0.442176
          0.442176
          0.442176
          0.442176
          0.442176
          0.442176
          0.442176
          0.442176
          0.442176
          0.442176
          0.442176
          0.442176
          0.442176
          0.442176
          0.442176
          0.442176
          0.442175
          0.442175
          0.442175
          0.442175
          0.442175
          0.442175
          0.442175
          0.442175
          0.442175
          0.442175
          0.442175
          0.442175
          0.442175
          0.442175
          0.442175
          0.442176
          0.442176
          0.442176
          0.442176
          0.442176
          0.442176
          0.442176
          0.442176
          0.442176
          0.442176
