          0.680494
          0.680685
          0.680817
          0.680922
          0.681012
          0.681090
          0.681159
          0.681221
          0.681277
          0.681328
          0.681373
          0.681414
          0.681450
          0.681483
          0.681513
          0.681540
          0.681564
          0.681586
          0.681606
          0.681624
          0.681640
          0.681655
          0.681668
          0.681680
          0.681691
          0.681701
          0.681709
          0.681717
          0.681725
          0.681731
          0.681737
          0.681743
          0.681748
          0.681753
          0.681757
          0.681761
          0.681764
          0.681767
          0.681770
          0.681773
          0.681775
          0.681777
          0.681780
          0.681782
          0.681783
          0.681785
          0.681786
          0.681788
          0.681789
          0.681790
          0.681792
          0.681793
          0.681794
          0.681795
          0.681796
          0.681796
          0.681797
          0.681798
          0.681799
          0.681799
          0.681800
          0.681801
          0.681801
          0.681802
          0.681802
          0.681803
          0.681804
          0.681804
          0.681804
          0.681805
          0.681805
          0.681806
          0.681806
          0.681807
          0.681807
          0.681807
          0.681808
          0.681808
          0.681809
          0.681809
          0.681809
          0.681810
          0.681810
          0.681810
          0.681811
          0.681811
          0.681811
          0.681811
          0.681812
          0.681812
          0.681812
          0.681813
          0.681813
          0.681813
          0.681813
          0.681814
          0.681814
          0.681814
          0.681814
          0.681815
          0.681815
          0.681815
          0.681815
          0.681815
          0.681816
          0.681816
          0.681816
          0.681816
          0.681816
          0.681817
          0.681817
          0.681817
          0.681817
          0.681817
          0.681818
          0.681818
          0.681818
          0.681818
          0.681818
          0.681818
          0.681819
          0.681819
          0.681819
          0.681819
          0.681819
          0.681819
          0.681820
          0.681820
          0.681820
          0.681820
          0.681820
          0.681820
          0.681820
          0.681821
          0.681821
          0.681821
          0.681821
          0.681821
          0.681821
          0.681821
          0.681821
          0.681822
          0.681822
          0.681822
          0.681822
          0.681822
          0.681822
          0.681822
          0.681822
          0.681822
          0.681823
          0.681823
          0.681823
          0.681823
          0.681823
          0.681823
          0.681823
          0.681823
          0.681823
          0.681823
          0.681823
          0.681824
          0.681824
          0.681824
          0.681824
          0.681824
          0.681824
          0.681824
          0.681824
          0.681824
          0.681824
          0.681824
          0.681824
          0.681824
          0.681825
          0.681825
          0.681825
          0.681825
          0.681825
          0.681825
          0.681825
          0.681825
          0.681825
          0.681825
          0.681825
          0.681825
          0.681825
          0.681825
          0.681826
          0.681826
          0.681826
          0.681826
          0.681826
          0.681826
          0.681826
          0.681826
          0.681826
          0.681826
          0.681826
          0.681826
          0.681826
          0.681826
          0.681826
          0.681826
          0.681826
          0.681826
          0.681826
          0.681826
          0.681826
          0.681826
          0.681827
          0.681827
          0.681827
          0.681827
          0.681827
          0.681827
          0.681827
          0.681827
          0.681827
          0.681827
          0.681827
          0.681827
          0.681827
          0.681827
          0.681827
          0.681827
          0.681826
          0.681826
          0.681826
          0.681826
          0.681826
          0.681826
          0.681826
          0.681826
          0.681826
          0.681826
          0.681826
          0.681826
          0.681827
          0.681827
          0.681827
          0.681827
          0.681828
          0.681828
          0.681829
          0.681829
          0.681829
          0.681829
          0.681829
          0.681829
          0.681829
          0.681829
