          0.261051
          0.262679
          0.262498
          0.262345
          0.262215
          0.262100
          0.261999
          0.261908
          0.261827
          0.261754
          0.261688
          0.261628
          0.261575
          0.261527
          0.261484
          0.261445
          0.261410
          0.261378
          0.261350
          0.261324
          0.261301
          0.261280
          0.261262
          0.261245
          0.261230
          0.261216
          0.261204
          0.261193
          0.261183
          0.261174
          0.261166
          0.261158
          0.261152
          0.261146
          0.261141
          0.261136
          0.261132
          0.261128
          0.261124
          0.261121
          0.261118
          0.261115
          0.261113
          0.261111
          0.261109
          0.261107
          0.261106
          0.261105
          0.261103
          0.261102
          0.261101
          0.261100
          0.261099
          0.261099
          0.261098
          0.261097
          0.261097
          0.261096
          0.261096
          0.261095
          0.261095
          0.261094
          0.261094
          0.261094
          0.261094
          0.261093
          0.261093
          0.261093
          0.261093
          0.261093
          0.261092
          0.261092
          0.261092
          0.261092
          0.261092
          0.261092
          0.261092
          0.261091
          0.261091
          0.261091
          0.261091
          0.261091
          0.261091
          0.261091
          0.261091
          0.261091
          0.261091
          0.261091
          0.261091
          0.261091
          0.261091
          0.261091
          0.261091
          0.261090
          0.261090
          0.261090
          0.261090
          0.261090
          0.261090
          0.261090
          0.261090
          0.261090
          0.261090
          0.261090
          0.261090
          0.261090
          0.261090
          0.261090
          0.261090
          0.261090
          0.261090
          0.261090
          0.261090
          0.261090
          0.261090
          0.261090
          0.261090
          0.261090
          0.261090
          0.261090
          0.261090
          0.261090
          0.261090
          0.261090
          0.261090
          0.261090
          0.261090
          0.261090
          0.261090
          0.261089
          0.261089
          0.261089
          0.261089
          0.261089
          0.261089
          0.261089
          0.261089
          0.261089
          0.261089
          0.261089
          0.261089
          0.261089
          0.261089
          0.261089
          0.261089
          0.261089
          0.261089
          0.261089
          0.261089
          0.261089
          0.261089
          0.261089
          0.261089
          0.261089
          0.261089
          0.261089
          0.261089
          0.261089
          0.261089
          0.261089
          0.261089
          0.261089
          0.261089
          0.261089
          0.261089
          0.261089
          0.261089
          0.261089
          0.261089
          0.261089
          0.261089
          0.261089
          0.261089
          0.261089
          0.261089
          0.261089
          0.261089
          0.261089
          0.261089
          0.261089
          0.261089
          0.261089
          0.261089
          0.261089
          0.261089
          0.261089
          0.261089
          0.261089
          0.261089
          0.261089
          0.261089
          0.261089
          0.261089
          0.261089
          0.261089
          0.261089
          0.261089
          0.261089
          0.261089
          0.261089
          0.261089
          0.261089
          0.261089
          0.261089
          0.261089
          0.261089
          0.261089
          0.261089
          0.261089
          0.261089
          0.261089
          0.261089
          0.261089
          0.261089
          0.261089
          0.261089
          0.261089
          0.261089
          0.261089
          0.261089
          0.261089
          0.261088
          0.261088
          0.261088
          0.261088
          0.261088
          0.261088
          0.261088
          0.261088
          0.261088
          0.261088
          0.261088
          0.261088
          0.261088
          0.261088
          0.261089
          0.261089
          0.261089
          0.261089
          0.261089
          0.261089
          0.261089
          0.261089
          0.261089
          0.261089
          0.261089
          0.261089
          0.261089
          0.261089
          0.261088
          0.261088
          0.261088
