          0.040775
          0.042554
          0.042487
          0.042426
          0.042373
          0.042327
          0.042286
          0.042249
          0.042216
          0.042186
          0.042159
          0.042135
          0.042113
          0.042093
          0.042075
          0.042059
          0.042045
          0.042032
          0.042020
          0.042010
          0.042000
          0.041992
          0.041984
          0.041977
          0.041971
          0.041965
          0.041960
          0.041955
          0.041951
          0.041947
          0.041944
          0.041941
          0.041938
          0.041935
          0.041933
          0.041931
          0.041929
          0.041928
          0.041926
          0.041925
          0.041923
          0.041922
          0.041921
          0.041920
          0.041919
          0.041919
          0.041918
          0.041917
          0.041917
          0.041916
          0.041916
          0.041915
          0.041915
          0.041914
          0.041914
          0.041914
          0.041913
          0.041913
          0.041913
          0.041913
          0.041912
          0.041912
          0.041912
          0.041912
          0.041912
          0.041912
          0.041911
          0.041911
          0.041911
          0.041911
          0.041911
          0.041911
          0.041911
          0.041911
          0.041910
          0.041910
          0.041910
          0.041910
          0.041910
          0.041910
          0.041910
          0.041910
          0.041910
          0.041910
          0.041910
          0.041910
          0.041909
          0.041909
          0.041909
          0.041909
          0.041909
          0.041909
          0.041909
          0.041909
          0.041909
          0.041909
          0.041909
          0.041909
          0.041909
          0.041909
          0.041909
          0.041909
          0.041909
          0.041909
          0.041908
          0.041908
          0.041908
          0.041908
          0.041908
          0.041908
          0.041908
          0.041908
          0.041908
          0.041908
          0.041908
          0.041908
          0.041908
          0.041908
          0.041908
          0.041908
          0.041908
          0.041908
          0.041908
          0.041908
          0.041908
          0.041908
          0.041908
          0.041908
          0.041908
          0.041908
          0.041907
          0.041907
          0.041907
          0.041907
          0.041907
          0.041907
          0.041907
          0.041907
          0.041907
          0.041907
          0.041907
          0.041907
          0.041907
          0.041907
          0.041907
          0.041907
          0.041907
          0.041907
          0.041907
          0.041907
          0.041907
          0.041907
          0.041907
          0.041907
          0.041907
          0.041907
          0.041907
          0.041907
          0.041907
          0.041907
          0.041907
          0.041907
          0.041907
          0.041907
          0.041907
          0.041907
          0.041907
          0.041907
          0.041907
          0.041907
          0.041907
          0.041906
          0.041906
          0.041906
          0.041906
          0.041906
          0.041906
          0.041906
          0.041906
          0.041906
          0.041906
          0.041906
          0.041906
          0.041906
          0.041906
          0.041906
          0.041906
          0.041906
          0.041906
          0.041906
          0.041906
          0.041906
          0.041906
          0.041906
          0.041906
          0.041906
          0.041906
          0.041906
          0.041906
          0.041906
          0.041906
          0.041906
          0.041906
          0.041906
          0.041906
          0.041906
          0.041906
          0.041906
          0.041906
          0.041906
          0.041906
          0.041906
          0.041906
          0.041906
          0.041906
          0.041906
          0.041906
          0.041906
          0.041906
          0.041906
          0.041906
          0.041906
          0.041906
          0.041906
          0.041906
          0.041906
          0.041905
          0.041905
          0.041905
          0.041905
          0.041905
          0.041905
          0.041905
          0.041905
          0.041906
          0.041906
          0.041906
          0.041906
          0.041906
          0.041906
          0.041906
          0.041906
          0.041906
          0.041907
          0.041907
          0.041907
          0.041907
          0.041906
          0.041906
          0.041906
          0.041906
          0.041906
