          0.220275
          0.220125
          0.220011
          0.219919
          0.219841
          0.219774
          0.219713
          0.219659
          0.219611
          0.219568
          0.219529
          0.219494
          0.219462
          0.219434
          0.219408
          0.219385
          0.219365
          0.219346
          0.219329
          0.219314
          0.219301
          0.219289
          0.219278
          0.219268
          0.219259
          0.219251
          0.219244
          0.219238
          0.219232
          0.219227
          0.219222
          0.219218
          0.219214
          0.219211
          0.219208
          0.219205
          0.219202
          0.219200
          0.219198
          0.219196
          0.219195
          0.219193
          0.219192
          0.219191
          0.219190
          0.219189
          0.219188
          0.219187
          0.219187
          0.219186
          0.219185
          0.219185
          0.219185
          0.219184
          0.219184
          0.219183
          0.219183
          0.219183
          0.219183
          0.219183
          0.219182
          0.219182
          0.219182
          0.219182
          0.219182
          0.219182
          0.219182
          0.219182
          0.219182
          0.219182
          0.219181
          0.219181
          0.219181
          0.219181
          0.219181
          0.219181
          0.219181
          0.219181
          0.219181
          0.219181
          0.219181
          0.219181
          0.219181
          0.219181
          0.219181
          0.219181
          0.219181
          0.219181
          0.219181
          0.219181
          0.219181
          0.219181
          0.219181
          0.219181
          0.219181
          0.219181
          0.219181
          0.219181
          0.219182
          0.219182
          0.219182
          0.219182
          0.219182
          0.219182
          0.219182
          0.219182
          0.219182
          0.219182
          0.219182
          0.219182
          0.219182
          0.219182
          0.219182
          0.219182
          0.219182
          0.219182
          0.219182
          0.219182
          0.219182
          0.219182
          0.219182
          0.219182
          0.219182
          0.219182
          0.219182
          0.219182
          0.219182
          0.219182
          0.219182
          0.219182
          0.219182
          0.219182
          0.219182
          0.219182
          0.219182
          0.219182
          0.219182
          0.219182
          0.219182
          0.219182
          0.219182
          0.219182
          0.219182
          0.219182
          0.219182
          0.219182
          0.219182
          0.219182
          0.219182
          0.219182
          0.219182
          0.219182
          0.219182
          0.219182
          0.219182
          0.219182
          0.219182
          0.219182
          0.219182
          0.219182
          0.219182
          0.219182
          0.219182
          0.219182
          0.219182
          0.219182
          0.219182
          0.219182
          0.219182
          0.219182
          0.219182
          0.219182
          0.219182
          0.219182
          0.219182
          0.219182
          0.219182
          0.219182
          0.219182
          0.219182
          0.219182
          0.219182
          0.219182
          0.219182
          0.219182
          0.219182
          0.219182
          0.219182
          0.219182
          0.219183
          0.219183
          0.219183
          0.219183
          0.219183
          0.219183
          0.219183
          0.219183
          0.219183
          0.219183
          0.219183
          0.219183
          0.219183
          0.219183
          0.219183
          0.219183
          0.219183
          0.219183
          0.219183
          0.219183
          0.219183
          0.219183
          0.219183
          0.219183
          0.219183
          0.219183
          0.219183
          0.219183
          0.219183
          0.219183
          0.219183
          0.219183
          0.219183
          0.219183
          0.219183
          0.219183
          0.219183
          0.219183
          0.219183
          0.219183
          0.219183
          0.219183
          0.219183
          0.219183
          0.219183
          0.219183
          0.219183
          0.219183
          0.219183
          0.219183
          0.219183
          0.219182
          0.219182
          0.219182
          0.219182
          0.219182
          0.219182
          0.219182
          0.219182
          0.219182
          0.219182
          0.219183
          0.219183
