          0.008682
          0.008678
          0.008675
          0.008672
          0.008669
          0.008666
          0.008664
          0.008662
          0.008661
          0.008659
          0.008658
          0.008656
          0.008655
          0.008654
          0.008653
          0.008652
          0.008651
          0.008651
          0.008650
          0.008649
          0.008649
          0.008648
          0.008648
          0.008647
          0.008647
          0.008647
          0.008646
          0.008646
          0.008646
          0.008645
          0.008645
          0.008645
          0.008645
          0.008645
          0.008644
          0.008644
          0.008644
          0.008644
          0.008644
          0.008644
          0.008643
          0.008643
          0.008643
          0.008643
          0.008643
          0.008643
          0.008643
          0.008643
          0.008643
          0.008642
          0.008642
          0.008642
          0.008642
          0.008642
          0.008642
          0.008642
          0.008642
          0.008642
          0.008642
          0.008642
          0.008642
          0.008641
          0.008641
          0.008641
          0.008641
          0.008641
          0.008641
          0.008641
          0.008641
          0.008641
          0.008641
          0.008641
          0.008641
          0.008641
          0.008641
          0.008641
          0.008641
          0.008641
          0.008641
          0.008640
          0.008640
          0.008640
          0.008640
          0.008640
          0.008640
          0.008640
          0.008640
          0.008640
          0.008640
          0.008640
          0.008640
          0.008640
          0.008640
          0.008640
          0.008640
          0.008640
          0.008640
          0.008640
          0.008640
          0.008640
          0.008640
          0.008640
          0.008640
          0.008640
          0.008640
          0.008640
          0.008639
          0.008639
          0.008639
          0.008639
          0.008639
          0.008639
          0.008639
          0.008639
          0.008639
          0.008639
          0.008639
          0.008639
          0.008639
          0.008639
          0.008639
          0.008639
          0.008639
          0.008639
          0.008639
          0.008639
          0.008639
          0.008639
          0.008639
          0.008639
          0.008639
          0.008639
          0.008639
          0.008639
          0.008639
          0.008639
          0.008639
          0.008639
          0.008639
          0.008639
          0.008639
          0.008639
          0.008639
          0.008639
          0.008639
          0.008639
          0.008639
          0.008639
          0.008639
          0.008639
          0.008639
          0.008639
          0.008638
          0.008638
          0.008638
          0.008638
          0.008638
          0.008638
          0.008638
          0.008638
          0.008638
          0.008638
          0.008638
          0.008638
          0.008638
          0.008638
          0.008638
          0.008638
          0.008638
          0.008638
          0.008638
          0.008638
          0.008638
          0.008638
          0.008638
          0.008638
          0.008638
          0.008638
          0.008638
          0.008638
          0.008638
          0.008638
          0.008638
          0.008638
          0.008638
          0.008638
          0.008638
          0.008638
          0.008638
          0.008638
          0.008638
          0.008638
          0.008638
          0.008638
          0.008638
          0.008638
          0.008638
          0.008638
          0.008638
          0.008638
          0.008638
          0.008638
          0.008638
          0.008638
          0.008638
          0.008638
          0.008638
          0.008638
          0.008638
          0.008638
          0.008638
          0.008638
          0.008638
          0.008638
          0.008638
          0.008638
          0.008638
          0.008638
          0.008638
          0.008638
          0.008638
          0.008638
          0.008638
          0.008638
          0.008638
          0.008638
          0.008638
          0.008638
          0.008638
          0.008638
          0.008638
          0.008638
          0.008638
          0.008638
          0.008638
          0.008638
          0.008638
          0.008638
          0.008638
          0.008638
          0.008638
          0.008638
          0.008638
          0.008638
          0.008638
          0.008638
          0.008638
          0.008638
          0.008638
          0.008638
          0.008638
          0.008638
          1.000231
          1.000208
          1.000187
          1.000169
          1.000153
          1.000139
          1.000126
          1.000115
          1.000104
          1.000095
          1.000086
          1.000078
          1.000072
          1.000065
          1.000060
          1.000054
          1.000050
          1.000046
          1.000042
          1.000039
          1.000035
          1.000033
          1.000030
          1.000028
          1.000026
          1.000024
          1.000022
          1.000021
          1.000019
          1.000018
          1.000017
          1.000016
          1.000015
          1.000014
          1.000013
          1.000013
          1.000012
          1.000011
          1.000011
          1.000010
          1.000010
          1.000010
          1.000009
          1.000009
          1.000008
          1.000008
          1.000008
          1.000008
          1.000007
          1.000007
          1.000007
          1.000007
          1.000007
          1.000006
          1.000006
          1.000006
          1.000006
          1.000006
          1.000006
          1.000006
          1.000005
          1.000005
          1.000005
          1.000005
          1.000005
          1.000005
          1.000005
          1.000005
          1.000005
          1.000005
          1.000005
          1.000004
          1.000004
          1.000004
          1.000004
          1.000004
          1.000004
          1.000004
          1.000004
          1.000004
          1.000004
          1.000004
          1.000004
          1.000004
          1.000004
          1.000004
          1.000004
          1.000003
          1.000003
          1.000003
          1.000003
          1.000003
          1.000003
          1.000003
          1.000003
          1.000003
          1.000003
          1.000003
          1.000003
          1.000003
          1.000003
          1.000003
          1.000003
          1.000003
          1.000003
          1.000003
          1.000003
          1.000003
          1.000003
          1.000003
          1.000002
          1.000002
          1.000002
          1.000002
          1.000002
          1.000002
          1.000002
          1.000002
          1.000002
          1.000002
          1.000002
          1.000002
          1.000002
          1.000002
          1.000002
          1.000002
          1.000002
          1.000002
          1.000002
          1.000002
          1.000002
          1.000002
          1.000002
          1.000002
          1.000002
          1.000002
          1.000002
          1.000002
          1.000002
          1.000002
          1.000002
          1.000002
          1.000002
          1.000002
          1.000002
          1.000002
          1.000001
          1.000001
          1.000001
          1.000001
          1.000001
          1.000001
          1.000001
          1.000001
          1.000001
          1.000001
          1.000001
          1.000001
          1.000001
          1.000001
          1.000001
          1.000001
          1.000001
          1.000001
          1.000001
          1.000001
          1.000001
          1.000001
          1.000001
          1.000001
          1.000001
          1.000001
          1.000001
          1.000001
          1.000001
          1.000001
          1.000001
          1.000001
          1.000001
          1.000001
          1.000001
          1.000001
          1.000001
          1.000001
          1.000001
          1.000001
          1.000001
          1.000001
          1.000001
          1.000001
          1.000001
          1.000001
          1.000001
          1.000001
          1.000001
          1.000001
          1.000001
          1.000001
          1.000001
          1.000001
          1.000001
          1.000001
          1.000001
          1.000001
          1.000001
          1.000001
          1.000001
          1.000001
          1.000001
          1.000001
          1.000001
          1.000001
          1.000001
          1.000001
          1.000001
          1.000001
          1.000001
          1.000001
          1.000001
          1.000001
          1.000001
          1.000000
          1.000000
          1.000000
          1.000000
          1.000000
          1.000000
          1.000000
          1.000000
          1.000000
          1.000000
          1.000000
          1.000000
          1.000001
          1.000001
          1.000001
          1.000001
          1.000001
          1.000001
          1.000001
          1.000001
          1.000001
          1.000001
          1.000001
          1.000001
          1.000001
          1.000001
          1.000001
          1.000000
          1.000000
          1.000000
          1.000000
          1.511066
          1.510892
          1.510730
          1.510602
          1.510494
          1.510399
          1.510315
          1.510240
          1.510174
          1.510114
          1.510060
          1.510012
          1.509969
          1.509931
          1.509897
          1.509866
          1.509839
          1.509815
          1.509794
          1.509775
          1.509758
          1.509743
          1.509730
          1.509718
          1.509708
          1.509699
          1.509692
          1.509685
          1.509679
          1.509674
          1.509670
          1.509667
          1.509664
          1.509661
          1.509659
          1.509658
          1.509657
          1.509656
          1.509656
          1.509656
          1.509656
          1.509656
          1.509656
          1.509657
          1.509658
          1.509659
          1.509660
          1.509661
          1.509662
          1.509663
          1.509664
          1.509666
          1.509667
          1.509669
          1.509670
          1.509672
          1.509673
          1.509675
          1.509676
          1.509678
          1.509679
          1.509681
          1.509682
          1.509684
          1.509685
          1.509687
          1.509688
          1.509690
          1.509691
          1.509693
          1.509694
          1.509696
          1.509697
          1.509699
          1.509700
          1.509702
          1.509703
          1.509704
          1.509706
          1.509707
          1.509708
          1.509710
          1.509711
          1.509712
          1.509714
          1.509715
          1.509716
          1.509717
          1.509718
          1.509720
          1.509721
          1.509722
          1.509723
          1.509724
          1.509725
          1.509726
          1.509727
          1.509728
          1.509729
          1.509730
          1.509731
          1.509732
          1.509733
          1.509734
          1.509735
          1.509736
          1.509737
          1.509738
          1.509739
          1.509740
          1.509740
          1.509741
          1.509742
          1.509743
          1.509744
          1.509744
          1.509745
          1.509746
          1.509747
          1.509747
          1.509748
          1.509749
          1.509750
          1.509750
          1.509751
          1.509752
          1.509752
          1.509753
          1.509754
          1.509754
          1.509755
          1.509756
          1.509756
          1.509757
          1.509757
          1.509758
          1.509758
          1.509759
          1.509760
          1.509760
          1.509761
          1.509761
          1.509762
          1.509762
          1.509763
          1.509763
          1.509764
          1.509764
          1.509765
          1.509765
          1.509766
          1.509766
          1.509767
          1.509767
          1.509767
          1.509768
          1.509768
          1.509769
          1.509769
          1.509770
          1.509770
          1.509770
          1.509771
          1.509771
          1.509771
          1.509772
          1.509772
          1.509773
          1.509773
          1.509773
          1.509774
          1.509774
          1.509774
          1.509775
          1.509775
          1.509775
          1.509775
          1.509776
          1.509776
          1.509776
          1.509777
          1.509777
          1.509777
          1.509778
          1.509778
          1.509778
          1.509779
          1.509779
          1.509779
          1.509779
          1.509780
          1.509780
          1.509780
          1.509780
          1.509780
          1.509781
          1.509781
          1.509781
          1.509781
          1.509781
          1.509781
          1.509782
          1.509782
          1.509782
          1.509782
          1.509782
          1.509782
          1.509783
          1.509783
          1.509783
          1.509784
          1.509784
          1.509784
          1.509784
          1.509785
          1.509785
          1.509785
          1.509785
          1.509786
          1.509786
          1.509786
          1.509786
          1.509786
          1.509786
          1.509786
          1.509786
          1.509786
          1.509785
          1.509785
          1.509785
          1.509785
          1.509785
          1.509785
          1.509784
          1.509784
          1.509784
          1.509785
          1.509785
          1.509785
          1.509786
          1.509786
          1.509787
          1.509788
          1.509788
          1.509789
          1.509790
          1.509791
          1.509791
          1.509792
          1.509792
          1.509792
          1.509792
          0.680494
          0.680685
          0.680817
          0.680922
          0.681012
          0.681090
          0.681159
          0.681221
          0.681277
          0.681328
          0.681373
          0.681414
          0.681450
          0.681483
          0.681513
          0.681540
          0.681564
          0.681586
          0.681606
          0.681624
          0.681640
          0.681655
          0.681668
          0.681680
          0.681691
          0.681701
          0.681709
          0.681717
          0.681725
          0.681731
          0.681737
          0.681743
          0.681748
          0.681753
          0.681757
          0.681761
          0.681764
          0.681767
          0.681770
          0.681773
          0.681775
          0.681778
          0.681780
          0.681782
          0.681783
          0.681785
          0.681786
          0.681788
          0.681789
          0.681790
          0.681792
          0.681793
          0.681794
          0.681795
          0.681796
          0.681796
          0.681797
          0.681798
          0.681799
          0.681799
          0.681800
          0.681801
          0.681801
          0.681802
          0.681802
          0.681803
          0.681804
          0.681804
          0.681804
          0.681805
          0.681805
          0.681806
          0.681806
          0.681807
          0.681807
          0.681807
          0.681808
          0.681808
          0.681809
          0.681809
          0.681809
          0.681810
          0.681810
          0.681810
          0.681811
          0.681811
          0.681811
          0.681811
          0.681812
          0.681812
          0.681812
          0.681813
          0.681813
          0.681813
          0.681813
          0.681814
          0.681814
          0.681814
          0.681814
          0.681815
          0.681815
          0.681815
          0.681815
          0.681815
          0.681816
          0.681816
          0.681816
          0.681816
          0.681816
          0.681817
          0.681817
          0.681817
          0.681817
          0.681817
          0.681818
          0.681818
          0.681818
          0.681818
          0.681818
          0.681818
          0.681819
          0.681819
          0.681819
          0.681819
          0.681819
          0.681819
          0.681820
          0.681820
          0.681820
          0.681820
          0.681820
          0.681820
          0.681820
          0.681821
          0.681821
          0.681821
          0.681821
          0.681821
          0.681821
          0.681821
          0.681821
          0.681822
          0.681822
          0.681822
          0.681822
          0.681822
          0.681822
          0.681822
          0.681822
          0.681822
          0.681823
          0.681823
          0.681823
          0.681823
          0.681823
          0.681823
          0.681823
          0.681823
          0.681823
          0.681823
          0.681823
          0.681824
          0.681824
          0.681824
          0.681824
          0.681824
          0.681824
          0.681824
          0.681824
          0.681824
          0.681824
          0.681824
          0.681824
          0.681824
          0.681825
          0.681825
          0.681825
          0.681825
          0.681825
          0.681825
          0.681825
          0.681825
          0.681825
          0.681825
          0.681825
          0.681825
          0.681825
          0.681825
          0.681826
          0.681826
          0.681826
          0.681826
          0.681826
          0.681826
          0.681826
          0.681826
          0.681826
          0.681826
          0.681826
          0.681826
          0.681826
          0.681826
          0.681826
          0.681826
          0.681826
          0.681826
          0.681826
          0.681826
          0.681826
          0.681826
          0.681826
          0.681827
          0.681827
          0.681827
          0.681827
          0.681827
          0.681827
          0.681827
          0.681827
          0.681827
          0.681827
          0.681827
          0.681827
          0.681827
          0.681827
          0.681827
          0.681826
          0.681826
          0.681826
          0.681826
          0.681826
          0.681826
          0.681826
          0.681826
          0.681826
          0.681826
          0.681826
          0.681826
          0.681827
          0.681827
          0.681827
          0.681827
          0.681828
          0.681828
          0.681829
          0.681829
          0.681829
          0.681829
          0.681829
          0.681829
          0.681829
          0.681829
         -0.007503
         -0.001007
         -0.000890
         -0.000796
         -0.000716
         -0.000645
         -0.000583
         -0.000527
         -0.000477
         -0.000432
         -0.000391
         -0.000354
         -0.000321
         -0.000291
         -0.000264
         -0.000240
         -0.000218
         -0.000198
         -0.000180
         -0.000164
         -0.000150
         -0.000136
         -0.000125
         -0.000114
         -0.000104
         -0.000096
         -0.000088
         -0.000081
         -0.000074
         -0.000068
         -0.000063
         -0.000058
         -0.000054
         -0.000050
         -0.000047
         -0.000044
         -0.000041
         -0.000038
         -0.000036
         -0.000033
         -0.000032
         -0.000030
         -0.000028
         -0.000027
         -0.000025
         -0.000024
         -0.000023
         -0.000022
         -0.000021
         -0.000020
         -0.000019
         -0.000018
         -0.000018
         -0.000017
         -0.000017
         -0.000016
         -0.000016
         -0.000015
         -0.000015
         -0.000014
         -0.000014
         -0.000013
         -0.000013
         -0.000013
         -0.000013
         -0.000012
         -0.000012
         -0.000012
         -0.000011
         -0.000011
         -0.000011
         -0.000011
         -0.000011
         -0.000010
         -0.000010
         -0.000010
         -0.000010
         -0.000010
         -0.000010
         -0.000009
         -0.000009
         -0.000009
         -0.000009
         -0.000009
         -0.000009
         -0.000009
         -0.000008
         -0.000008
         -0.000008
         -0.000008
         -0.000008
         -0.000008
         -0.000008
         -0.000008
         -0.000007
         -0.000007
         -0.000007
         -0.000007
         -0.000007
         -0.000007
         -0.000007
         -0.000007
         -0.000007
         -0.000007
         -0.000006
         -0.000006
         -0.000006
         -0.000006
         -0.000006
         -0.000006
         -0.000006
         -0.000006
         -0.000006
         -0.000006
         -0.000006
         -0.000006
         -0.000005
         -0.000005
         -0.000005
         -0.000005
         -0.000005
         -0.000005
         -0.000005
         -0.000005
         -0.000005
         -0.000005
         -0.000005
         -0.000005
         -0.000005
         -0.000005
         -0.000005
         -0.000004
         -0.000004
         -0.000004
         -0.000004
         -0.000004
         -0.000004
         -0.000004
         -0.000004
         -0.000004
         -0.000004
         -0.000004
         -0.000004
         -0.000004
         -0.000004
         -0.000004
         -0.000004
         -0.000004
         -0.000004
         -0.000003
         -0.000003
         -0.000003
         -0.000003
         -0.000003
         -0.000003
         -0.000003
         -0.000003
         -0.000003
         -0.000003
         -0.000003
         -0.000003
         -0.000003
         -0.000003
         -0.000003
         -0.000003
         -0.000003
         -0.000003
         -0.000003
         -0.000003
         -0.000003
         -0.000003
         -0.000003
         -0.000003
         -0.000002
         -0.000002
         -0.000002
         -0.000002
         -0.000002
         -0.000002
         -0.000002
         -0.000002
         -0.000002
         -0.000002
         -0.000002
         -0.000002
         -0.000002
         -0.000002
         -0.000002
         -0.000002
         -0.000002
         -0.000002
         -0.000002
         -0.000002
         -0.000002
         -0.000002
         -0.000002
         -0.000002
         -0.000002
         -0.000002
         -0.000002
         -0.000002
         -0.000002
         -0.000002
         -0.000002
         -0.000002
         -0.000002
         -0.000002
         -0.000002
         -0.000002
         -0.000002
         -0.000002
         -0.000002
         -0.000002
         -0.000002
         -0.000002
         -0.000002
         -0.000002
         -0.000002
         -0.000002
         -0.000002
         -0.000002
         -0.000002
         -0.000002
         -0.000002
         -0.000002
         -0.000002
         -0.000002
         -0.000002
         -0.000001
         -0.000001
         -0.000001
         -0.000001
         -0.000001
         -0.000001
         -0.000001
         -0.000001
         -0.000001
         -0.000001
         -0.000001
         -0.000001
         -0.000002
         -0.000002
         -0.000003
         -0.000003
         -0.000004
         -0.000004
         -0.000005
         -0.000005
         -0.000006
         -0.000006
         -0.000006
         -0.000006
