  8.681632437039496E-003  8.678435401446366E-003  8.674631370230525E-003
  8.671516906318797E-003  8.668833664099460E-003  8.666458147467448E-003
  8.664332189313300E-003  8.662416567057438E-003  8.660684456653710E-003
  8.659114616894593E-003  8.657688756412761E-003  8.656394774818207E-003
  8.655221208504867E-003  8.654154112254999E-003  8.653182729318540E-003
  8.652298586527007E-003  8.651492298229811E-003  8.650755513178194E-003
  8.650082201649485E-003  8.649466101402803E-003  8.648901874851603E-003
  8.648384571056824E-003  8.647909176325019E-003  8.647471989219245E-003
  8.647069397156454E-003  8.646698299539780E-003  8.646355376264533E-003
  8.646038245416177E-003  8.645744064705115E-003  8.645471174829288E-003
  8.645216999015361E-003  8.644980140607723E-003  8.644758870190890E-003
  8.644551808064888E-003  8.644357517841806E-003  8.644175093728312E-003
  8.644003255697063E-003  8.643841017353708E-003  8.643687775281029E-003
  8.643542694519763E-003  8.643404649787457E-003  8.643273570457907E-003
  8.643148682275829E-003  8.643029262379961E-003  8.642915182356421E-003
  8.642805884410711E-003  8.642700954326902E-003  8.642599933335287E-003
  8.642502911699327E-003  8.642409267929195E-003  8.642318733307319E-003
  8.642231306630700E-003  8.642146625440047E-003  8.642064650372781E-003
  8.641984887979858E-003  8.641907576659637E-003  8.641832172624779E-003
  8.641759114016380E-003  8.641687760292321E-003  8.641618179328858E-003
  8.641550471858954E-003  8.641484205834540E-003  8.641419381878379E-003
  8.641356035016555E-003  8.641294324888542E-003  8.641233709475171E-003
  8.641174432263735E-003  8.641116203567637E-003  8.641059210240370E-003
  8.641003528712521E-003  8.640948793442528E-003  8.640895111218787E-003
  8.640842454544703E-003  8.640790548360614E-003  8.640739673875816E-003
  8.640689808198165E-003  8.640640775862633E-003  8.640592580491862E-003
  8.640545225092014E-003  8.640498765671332E-003  8.640453055924837E-003
  8.640408101923265E-003  8.640363675112105E-003  8.640320321074505E-003
  8.640277580077911E-003  8.640235371095789E-003  8.640193851916323E-003
  8.640153091908052E-003  8.640113005039435E-003  8.640073607025634E-003
  8.640034536243390E-003  8.639996358170653E-003  8.639958767235126E-003
  8.639921821530692E-003  8.639885260246080E-003  8.639849356285933E-003
  8.639814010792132E-003  8.639779133358864E-003  8.639744964929683E-003
  8.639711087618388E-003  8.639677915080093E-003  8.639645134108781E-003
  8.639612914646422E-003  8.639581209468856E-003  8.639550009813569E-003
  8.639519035878453E-003  8.639488837787314E-003  8.639458979452728E-003
  8.639429443143906E-003  8.639400595939701E-003  8.639371966545299E-003
  8.639344017137991E-003  8.639316189768024E-003  8.639289018225487E-003
  8.639262129685498E-003  8.639235495724958E-003  8.639209670890404E-003
  8.639184046850847E-003  8.639158797944616E-003  8.639133885225378E-003
  8.639109409778252E-003  8.639085294280442E-003  8.639061481215555E-003
  8.639038197681314E-003  8.639014985112126E-003  8.638992300684297E-003
  8.638969752469574E-003  8.638947832827299E-003  8.638926068476851E-003
  8.638904653254242E-003  8.638883616136213E-003  8.638862665548265E-003
  8.638842293805061E-003  8.638821982452138E-003  8.638802176014048E-003
  8.638782555671852E-003  8.638763280410763E-003  8.638744247508523E-003
  8.638725439990808E-003  8.638707094898831E-003  8.638688981425321E-003
  8.638670923180311E-003  8.638653363031481E-003  8.638636219148264E-003
  8.638619185567164E-003  8.638602398928982E-003  8.638585677303558E-003
  8.638569426829352E-003  8.638553588228808E-003  8.638537800099440E-003
  8.638522347667653E-003  8.638507012645180E-003  8.638492090918253E-003
  8.638477299080870E-003  8.638462496688768E-003  8.638448290471232E-003
  8.638434097350491E-003  8.638420057232971E-003  8.638406376417667E-003
  8.638392749117079E-003  8.638379295987979E-003  8.638365882264352E-003
  8.638352893274465E-003  8.638339844693041E-003  8.638327076461451E-003
  8.638314402471049E-003  8.638302163371817E-003  8.638290004218582E-003
  8.638278024523056E-003  8.638266222091757E-003  8.638254575284087E-003
  8.638243135231224E-003  8.638232032768887E-003  8.638221207392313E-003
  8.638210770860705E-003  8.638200254801194E-003  8.638190124959819E-003
  8.638180182036086E-003  8.638170718131557E-003  8.638161384448730E-003
  8.638152143875746E-003  8.638143210539935E-003  8.638134485681095E-003
  8.638125847494415E-003  8.638117239471355E-003  8.638108783834962E-003
  8.638100307420828E-003  8.638092115403843E-003  8.638083710236255E-003
  8.638075415331752E-003  8.638066819999003E-003  8.638058548657507E-003
  8.638050135418292E-003  8.638041509120512E-003  8.638033037733171E-003
  8.638024483767458E-003  8.638016054839780E-003  8.638007819322481E-003
  8.637999423648689E-003  8.637991504305493E-003  8.637983874540614E-003
  8.637976492118202E-003  8.637969462349035E-003  8.637962954836004E-003
  8.637957186513752E-003  8.637951843816516E-003  8.637947211810734E-003
  8.637943031865785E-003  8.637939450424457E-003  8.637936565356124E-003
  8.637934120036304E-003  8.637932282339594E-003  8.637930571028593E-003
  8.637929054479477E-003  8.637927614688413E-003  8.637926124020721E-003
  8.637924347193435E-003  8.637922275290829E-003  8.637919615755177E-003
  8.637916158128461E-003  8.637911911480754E-003  8.637906824457914E-003
  8.637900652047207E-003  8.637893761908471E-003  8.637885897707377E-003
  8.637877379376555E-003  8.637868185276747E-003  8.637858768184034E-003
  8.637849190701275E-003  8.637839939525022E-003  8.637831354073327E-003
  8.637823559796975E-003  8.637817393936995E-003  8.637812973171689E-003
  8.637810729046496E-003  8.637810971631450E-003  8.637813853188398E-003
  8.637819497555252E-003  8.637828238536533E-003  8.637839687583328E-003
  8.637853745548499E-003  8.637870224115217E-003  8.637888474836992E-003
  8.637908018371367E-003  8.637928138955713E-003  8.637948057173883E-003
  8.637966931607842E-003  8.637983951601797E-003  8.637998119413782E-003
  8.638008621585168E-003  8.638014792636711E-003  8.638016393753022E-003
   1.00023094339982        1.00020797243756        1.00018743632021     
   1.00016945026270        1.00015344794541        1.00013910454533     
   1.00012620553724        1.00011458549072        1.00010410905195     
   1.00009465986489        1.00008613578718        1.00007844656999     
   1.00007150933104        1.00006524824742        1.00005959654016     
   1.00005449421583        1.00004988650702        1.00004572467428     
   1.00004196532844        1.00003856879423        1.00003549937644     
   1.00003272474151        1.00003021569439        1.00002794628112     
   1.00002589285867        1.00002403407839        1.00002235054437     
   1.00002082501446        1.00001944172778        1.00001818678251     
   1.00001704727670        1.00001601202018        1.00001507066955     
   1.00001421400029        1.00001343366112        1.00001272223163     
   1.00001207283891        1.00001147945117        1.00001093666636     
   1.00001043943799        1.00000998325776        1.00000956437794     
   1.00000917902976        1.00000882396079        1.00000849639657     
   1.00000819360281        1.00000791321337        1.00000765312476     
   1.00000741153198        1.00000718652326        1.00000697661691     
   1.00000678049479        1.00000659680863        1.00000642445252     
   1.00000626232144        1.00000610965353        1.00000596548339     
   1.00000582922999        1.00000569996282        1.00000557721046     
   1.00000546042937        1.00000534898346        1.00000524254231     
   1.00000514075604        1.00000504323355        1.00000494945060     
   1.00000485927321        1.00000477236942        1.00000468861178     
   1.00000460771899        1.00000452934198        1.00000445339268     
   1.00000437969005        1.00000430806269        1.00000423853340     
   1.00000417090360        1.00000410498402        1.00000404070559     
   1.00000397798607        1.00000391673085        1.00000385679522     
   1.00000379813440        1.00000374068947        1.00000368456370     
   1.00000362944395        1.00000357535549        1.00000352237357     
   1.00000347044696        1.00000341946669        1.00000336938102     
   1.00000332011827        1.00000327186894        1.00000322439309     
   1.00000317767583        1.00000313164947        1.00000308643455     
   1.00000304194000        1.00000299814456        1.00000295508690     
   1.00000291262023        1.00000287090435        1.00000282978301     
   1.00000278932906        1.00000274948221        1.00000271021277     
   1.00000267149119        1.00000263349117        1.00000259596947     
   1.00000255900618        1.00000252268666        1.00000248681821     
   1.00000245155539        1.00000241670196        1.00000238247427     
   1.00000234868335        1.00000231541602        1.00000228277398     
   1.00000225044095        1.00000221855279        1.00000218710759     
   1.00000215612884        1.00000212556059        1.00000209540094     
   1.00000206568716        1.00000203628338        1.00000200739270     
   1.00000197887195        1.00000195086765        1.00000192315527     
   1.00000189586205        1.00000186896452        1.00000184241412     
   1.00000181637753        1.00000179064955        1.00000176541022     
   1.00000174050283        1.00000171600650        1.00000169187715     
   1.00000166814487        1.00000164484827        1.00000162184527     
   1.00000159916485        1.00000157696192        1.00000155505727     
   1.00000153333257        1.00000151189421        1.00000149074136     
   1.00000147000618        1.00000144951534        1.00000142914026     
   1.00000140901831        1.00000138907084        1.00000136937975     
   1.00000134980539        1.00000133041918        1.00000131139348     
   1.00000129244729        1.00000127373600        1.00000125530746     
   1.00000123705408        1.00000121909638        1.00000120146297     
   1.00000118428176        1.00000116739138        1.00000115099123     
   1.00000113502361        1.00000111956761        1.00000110444490     
   1.00000108974074        1.00000107546104        1.00000106160887     
   1.00000104820022        1.00000103520901        1.00000102250759     
   1.00000101001119        1.00000099754782        1.00000098529045     
   1.00000097306022        1.00000096082600        1.00000094833756     
   1.00000093560588        1.00000092266697        1.00000090939800     
   1.00000089575367        1.00000088178222        1.00000086757599     
   1.00000085314189        1.00000083862089        1.00000082393100     
   1.00000080936826        1.00000079498990        1.00000078116457     
   1.00000076779822        1.00000075514919        1.00000074352825     
   1.00000073296994        1.00000072368502        1.00000071572448     
   1.00000070908261        1.00000070400905        1.00000070026589     
   1.00000069774595        1.00000069635935        1.00000069592279     
   1.00000069611199        1.00000069642917        1.00000069659871     
   1.00000069611840        1.00000069467234        1.00000069182874     
   1.00000068708379        1.00000068012911        1.00000067053907     
   1.00000065826054        1.00000064320625        1.00000062540077     
   1.00000060499282        1.00000058233735        1.00000055782968     
   1.00000053212003        1.00000050604930        1.00000048048544     
   1.00000045636608        1.00000043483703        1.00000041678871     
   1.00000040331444        1.00000039526885        1.00000039351342     
   1.00000039855038        1.00000041080334        1.00000043028763     
   1.00000045671220        1.00000048962743        1.00000052788830     
   1.00000057019071        1.00000061483073        1.00000065980016     
   1.00000070291014        1.00000074182276        1.00000077391016     
   1.00000079681313        1.00000080824386        1.00000080608189     
   1.00000078874288        1.00000075508032        1.00000070459182     
   1.00000063749316        1.00000055478982        1.00000045827426     
   1.00000035067975        1.00000023554902        1.00000011712224     
   1.51106608856569        1.51089189275199        1.51073045869292     
   1.51060208573952        1.51049360806059        1.51039890559568     
   1.51031510040226        1.51024039170828        1.51017358414188     
   1.51011375749000        1.51006013445798        1.51001216603747     
   1.50996933817352        1.50993106989053        1.50989689942222     
   1.50986644930402        1.50983932072670        1.50981515850065     
   1.50979369128595        1.50977464586501        1.50975778590873     
   1.50974289350325        1.50972975412964        1.50971820154674     
   1.50970807634154        1.50969923990346        1.50969154995890     
   1.50968489884112        1.50967916626361        1.50967427382466     
   1.50967011496175        1.50966662470863        1.50966372861474     
   1.50966136568187        1.50965947464349        1.50965801322755     
   1.50965692794419        1.50965617647349        1.50965573000450     
   1.50965555291215        1.50965560115827        1.50965586636296     
   1.50965631708119        1.50965692475236        1.50965768090642     
   1.50965856314277        1.50965955450580        1.50966063710146     
   1.50966181136507        1.50966305436753        1.50966435567563     
   1.50966571362431        1.50966711479297        1.50966855683992     
   1.50967002254471        1.50967151916679        1.50967302808451     
   1.50967456338072        1.50967610346783        1.50967765063348     
   1.50967920800526        1.50968076128669        1.50968231084009     
   1.50968385791813        1.50968540784629        1.50968694299260     
   1.50968847195037        1.50968998541094        1.50969149007233     
   1.50969298869219        1.50969446964540        1.50969593712131     
   1.50969739069277        1.50969882187543        1.50970024058544     
   1.50970164636910        1.50970303404646        1.50970440438747     
   1.50970575812456        1.50970709759542        1.50970841857861     
   1.50970972194924        1.50971100080097        1.50971227375754     
   1.50971352590671        1.50971475543670        1.50971596823694     
   1.50971716700683        1.50971834940516        1.50971951658047     
   1.50972065726145        1.50972179077101        1.50972290720055     
   1.50972400922306        1.50972508880172        1.50972615561299     
   1.50972720670802        1.50972823973979        1.50972926311115     
   1.50973026349756        1.50973125516880        1.50973222816964     
   1.50973318865193        1.50973413544038        1.50973506877972     
   1.50973597996797        1.50973688767577        1.50973777767114     
   1.50973865009476        1.50973951739056        1.50974036438280     
   1.50974120682274        1.50974202664822        1.50974284207251     
   1.50974364099089        1.50974442306186        1.50974520687058     
   1.50974597247886        1.50974672634607        1.50974746752729     
   1.50974819970759        1.50974892064700        1.50974962880424     
   1.50975033197772        1.50975101535691        1.50975169449658     
   1.50975235671042        1.50975301853979        1.50975366449002     
   1.50975430151181        1.50975493084333        1.50975554312372     
   1.50975615496490        1.50975674940546        1.50975734154208     
   1.50975792101729        1.50975849347495        1.50975905573700     
   1.50975960761447        1.50976015720430        1.50976069697528     
   1.50976122164005        1.50976174610075        1.50976226759849     
   1.50976277636166        1.50976327739270        1.50976376497439     
   1.50976425270512        1.50976473852178        1.50976521084774     
   1.50976567942448        1.50976613727794        1.50976659426508     
   1.50976704110490        1.50976747359826        1.50976791181811     
   1.50976833643076        1.50976875242230        1.50976916673543     
   1.50976956933036        1.50976996441974        1.50977034771916     
   1.50977073206633        1.50977110153770        1.50977146765078     
   1.50977182439828        1.50977218320726        1.50977253240785     
   1.50977287569134        1.50977321329888        1.50977354473829     
   1.50977387195175        1.50977419947346        1.50977452539422     
   1.50977485362440        1.50977516909150        1.50977548753339     
   1.50977580241775        1.50977612345675        1.50977643910146     
   1.50977674848444        1.50977705871344        1.50977736633598     
   1.50977766731012        1.50977795984646        1.50977824773808     
   1.50977852509862        1.50977880179949        1.50977906110461     
   1.50977931371561        1.50977954589382        1.50977977808956     
   1.50977999458865        1.50978019321126        1.50978038620201     
   1.50978056568512        1.50978073873668        1.50978090779400     
   1.50978106162573        1.50978122187502        1.50978138259422     
   1.50978154310974        1.50978170766219        1.50978188253277     
   1.50978207531858        1.50978227624761        1.50978249555794     
   1.50978272508743        1.50978297017240        1.50978323401557     
   1.50978350807370        1.50978379764812        1.50978408640516     
   1.50978437607219        1.50978466176305        1.50978493799226     
   1.50978519569411        1.50978543306987        1.50978563876127     
   1.50978580435798        1.50978592856676        1.50978600809929     
   1.50978603358119        1.50978601605334        1.50978594621842     
   1.50978583439037        1.50978567995907        1.50978549851920     
   1.50978529323625        1.50978508195055        1.50978487792361     
   1.50978468809714        1.50978454312035        1.50978444986566     
   1.50978442614938        1.50978448555701        1.50978463634076     
   1.50978488547322        1.50978524613490        1.50978570685674     
   1.50978626511635        1.50978691397113        1.50978763024872     
   1.50978839513551        1.50978918056024        1.50978995510700     
   1.50979068403152        1.50979133254201        1.50979185888643     
   1.50979222699987        1.50979240556416        1.50979237814464     
  0.680494157434145       0.680685363953773       0.680816822273411     
  0.680922141214038       0.681011555224291       0.681089779522045     
  0.681159288120320       0.681221495499170       0.681277356920377     
  0.681327595596476       0.681372801163552       0.681413522063506     
  0.681450241108793       0.681483347680977       0.681513200604048     
  0.681540135688903       0.681564438208634       0.681586362775228     
  0.681606154119959       0.681624026462383       0.681640174987617     
  0.681654773927391       0.681667973526050       0.681679916486428     
  0.681690729466017       0.681700527844449       0.681709409754908     
  0.681717468988581       0.681724783161644       0.681731430757068     
  0.681737472062590       0.681742969639682       0.681747976049519     
  0.681752540003047       0.681756703424482       0.681760507971762     
  0.681763986774331       0.681767170712487       0.681770090842224     
  0.681772772597226       0.681775234343552       0.681777502049489     
  0.681779593088936       0.681781521875136       0.681783306755549     
  0.681784960455961       0.681786494780405       0.681787919437534     
  0.681789248553082       0.681790488182383       0.681791645806238     
  0.681792731067847       0.681793749346166       0.681794708063256     
  0.681795609312861       0.681796461659462       0.681797265756587     
  0.681798031146292       0.681798756689063       0.681799446687299     
  0.681800106322249       0.681800734915721       0.681801335138399     
  0.681801910344820       0.681802465256388       0.681802996943392     
  0.681803509399204       0.681804001814960       0.681804477731883     
  0.681804940087758       0.681805386785052       0.681805819760121     
  0.681806240079624       0.681806645951281       0.681807041058658     
  0.681807426698725       0.681807802069615       0.681808167757494     
  0.681808524534340       0.681808873757250       0.681809214647269     
  0.681809547632048       0.681809870736252       0.681810190044564     
  0.681810502087045       0.681810805791372       0.681811102971376     
  0.681811395097001       0.681811681908280       0.681811963859681     
  0.681812237330405       0.681812508104185       0.681812774155969     
  0.681813036093928       0.681813291316411       0.681813542529258     
  0.681813789337952       0.681814030967717       0.681814270094359     
  0.681814502830882       0.681814733183145       0.681814958614299     
  0.681815180735522       0.681815399451909       0.681815614835991     
  0.681815823969394       0.681816032478261       0.681816236775822     
  0.681816436225136       0.681816634775040       0.681816828170316     
  0.681817020836748       0.681817207552011       0.681817393357491     
  0.681817575172777       0.681817752311799       0.681817930793169     
  0.681818105212179       0.681818276605545       0.681818444699168     
  0.681818610672161       0.681818774016784       0.681818934113389     
  0.681819093403287       0.681819247407915       0.681819400400796     
  0.681819548957334       0.681819697997090       0.681819843309905     
  0.681819986369528       0.681820127776631       0.681820264553528     
  0.681820401632767       0.681820534345972       0.681820666844289     
  0.681820796438826       0.681820924509450       0.681821050209508     
  0.681821173307632       0.681821296438216       0.681821417640375     
  0.681821534715332       0.681821652118390       0.681821769851587     
  0.681821884674157       0.681821997451205       0.681822106331084     
  0.681822215511265       0.681822325202490       0.681822431594557     
  0.681822537036486       0.681822639545674       0.681822742036440     
  0.681822841961626       0.681822937380411       0.681823034558750     
  0.681823128356141       0.681823219452961       0.681823310190857     
  0.681823397748745       0.681823482998835       0.681823564674709     
  0.681823646905595       0.681823725301156       0.681823802923385     
  0.681823878381926       0.681823955336485       0.681824030666441     
  0.681824104978961       0.681824178384040       0.681824250758249     
  0.681824322739544       0.681824395976891       0.681824470165883     
  0.681824546467627       0.681824619889765       0.681824694488583     
  0.681824768723427       0.681824845489122       0.681824921334390     
  0.681824995048262       0.681825068491185       0.681825140761321     
  0.681825210226494       0.681825275800177       0.681825338464952     
  0.681825396472612       0.681825452854224       0.681825502729077     
  0.681825548820432       0.681825587215124       0.681825624288305     
  0.681825656407449       0.681825682517164       0.681825706760955     
  0.681825727777446       0.681825748123620       0.681825769470346     
  0.681825788740104       0.681825812758495       0.681825841104058     
  0.681825873621316       0.681825911561351       0.681825957076180     
  0.681826012884847       0.681826075837543       0.681826148039273     
  0.681826226361766       0.681826311114309       0.681826402507972     
  0.681826496817276       0.681826594081862       0.681826687839443     
  0.681826776468599       0.681826857230177       0.681826927282468     
  0.681826982733592       0.681827022162257       0.681827041744169     
  0.681827038463116       0.681827012172502       0.681826963043464     
  0.681826889621935       0.681826797207240       0.681826685881667     
  0.681826561410749       0.681826427027048       0.681826290905026     
  0.681826157882076       0.681826036791674       0.681825935322789     
  0.681825858341080       0.681825817442701       0.681825816973308     
  0.681825862720349       0.681825958420271       0.681826104837191     
  0.681826300910069       0.681826546588629       0.681826833223446     
  0.681827152932248       0.681827496207351       0.681827847820978     
  0.681828193048227       0.681828514631831       0.681828794508108     
  0.681829014376010       0.681829157177659       0.681829205304886     
  0.681829144626989       0.681828965102352       0.681828664305079     
 -7.502901258941264E-003 -1.007434850454375E-003 -8.897312311438730E-004
 -7.955334240128559E-004 -7.155165065048895E-004 -6.453324966646788E-004
 -5.829389119523817E-004 -5.270469737948953E-004 -4.767999857405030E-004
 -4.315375287051923E-004 -3.907013585048426E-004 -3.539029398744414E-004
 -3.207782572588550E-004 -2.909103860844573E-004 -2.639705704209371E-004
 -2.396924068894968E-004 -2.177917714957862E-004 -1.980158975380929E-004
 -1.801741491813134E-004 -1.640732765153841E-004 -1.495467216292878E-004
 -1.364407396051790E-004 -1.246030541413822E-004 -1.139169479850328E-004
 -1.042700328173757E-004 -9.556486238910638E-005 -8.770046351227705E-005
 -8.060133672642988E-005 -7.418184936661609E-005 -6.838750810695845E-005
 -6.314200935168896E-005 -5.840002248188006E-005 -5.410867372300563E-005
 -5.022487692430100E-005 -4.670499231743253E-005 -4.351945102078692E-005
 -4.062992829503243E-005 -3.800625910054386E-005 -3.562831033079082E-005
 -3.347060207471860E-005 -3.150104520165966E-005 -2.971438435084952E-005
 -2.808782067792878E-005 -2.660052003705906E-005 -2.524676004257122E-005
 -2.401019558590580E-005 -2.287847301732914E-005 -2.183841700617746E-005
 -2.089068523578567E-005 -2.001819611407025E-005 -1.921318759499978E-005
 -1.847453160021527E-005 -1.779215479690380E-005 -1.716430521433021E-005
 -1.657792920531781E-005 -1.603846066933235E-005 -1.553172383480566E-005
 -1.506827173068865E-005 -1.463163876095994E-005 -1.422336827762513E-005
 -1.384567338216810E-005 -1.348754063649616E-005 -1.314899944909240E-005
 -1.283078567397574E-005 -1.253672886798523E-005 -1.225323730829116E-005
 -1.198654219184517E-005 -1.172935407950870E-005 -1.148646634130336E-005
 -1.125973562599023E-005 -1.104009565143109E-005 -1.083042875449669E-005
 -1.063014868409205E-005 -1.043254623255429E-005 -1.024484504403332E-005
 -1.006646511910223E-005 -9.893203884776641E-006 -9.725362545302274E-006
 -9.563217972425733E-006 -9.408288695092750E-006 -9.257110358811607E-006
 -9.110072714931955E-006 -8.961673395188884E-006 -8.825758510608365E-006
 -8.690826395485771E-006 -8.555212105001018E-006 -8.423109371529480E-006
 -8.296338300532348E-006 -8.172891959319377E-006 -8.053391818618494E-006
 -7.929044041329426E-006 -7.814234934101812E-006 -7.701282210944922E-006
 -7.591954676770641E-006 -7.479936104276676E-006 -7.372315646294656E-006
 -7.266672857553595E-006 -7.160996486504301E-006 -7.061451513332891E-006
 -6.957739917033383E-006 -6.860450081303164E-006 -6.761852837905647E-006
 -6.666401556092244E-006 -6.573024598047842E-006 -6.481707220589592E-006
 -6.385655156240962E-006 -6.298816897231544E-006 -6.210269984372074E-006
 -6.119896645926767E-006 -6.036962005923546E-006 -5.949799557558098E-006
 -5.870161089391534E-006 -5.784201354140339E-006 -5.705523690586463E-006
 -5.624822557030675E-006 -5.541643809540982E-006 -5.469923507248523E-006
 -5.394439172983699E-006 -5.319885505910600E-006 -5.245400990249340E-006
 -5.173632662644363E-006 -5.102746427216806E-006 -5.031432365927579E-006
 -4.965468707259484E-006 -4.893500914078079E-006 -4.827159123977503E-006
 -4.756708375334198E-006 -4.694555238446375E-006 -4.628862463374681E-006
 -4.564735157922448E-006 -4.502991631704067E-006 -4.436422469372122E-006
 -4.377481545571490E-006 -4.313218421557842E-006 -4.254931783246988E-006
 -4.194674569113390E-006 -4.136590355067301E-006 -4.078166401587393E-006
 -4.019129446504117E-006 -3.965500642289567E-006 -3.911492772677846E-006
 -3.852949269932631E-006 -3.801046330159494E-006 -3.753638046711799E-006
 -3.703213227004430E-006 -3.653428517997312E-006 -3.599845885125311E-006
 -3.552675908605117E-006 -3.510316500571875E-006 -3.463893883880125E-006
 -3.420691179945461E-006 -3.375341261386960E-006 -3.335254322990631E-006
 -3.293346734678267E-006 -3.246328294189566E-006 -3.209357733857994E-006
 -3.167763092428270E-006 -3.125229346684923E-006 -3.086958661963758E-006
 -3.045300298605810E-006 -3.003373086698218E-006 -2.957862528693504E-006
 -2.918431559582170E-006 -2.872958981271744E-006 -2.830075107556197E-006
 -2.785151942463228E-006 -2.746764087724547E-006 -2.706008983040387E-006
 -2.665566326628687E-006 -2.625511983961845E-006 -2.585377913549191E-006
 -2.546532862179956E-006 -2.512316717532193E-006 -2.481212964433429E-006
 -2.456102692116887E-006 -2.425463620958122E-006 -2.401122644798092E-006
 -2.378086808517570E-006 -2.363680162151002E-006 -2.349147899323407E-006
 -2.333776569263063E-006 -2.322950527804948E-006 -2.314099807445582E-006
 -2.304191977932678E-006 -2.291890783528335E-006 -2.280140983903802E-006
 -2.264544665324625E-006 -2.252650506226085E-006 -2.231865099153766E-006
 -2.210325659014937E-006 -2.177671046938993E-006 -2.149429377848852E-006
 -2.113744784026059E-006 -2.068922281027942E-006 -2.024183689776813E-006
 -1.973507661352505E-006 -1.922142553028377E-006 -1.871811432090411E-006
 -1.813822454634979E-006 -1.764343084037525E-006 -1.718691884663654E-006
 -1.676102222146732E-006 -1.639519561017889E-006 -1.613451203588050E-006
 -1.603455528882364E-006 -1.601934350809995E-006 -1.616440650837159E-006
 -1.640689280586170E-006 -1.678641433353949E-006 -1.732769156916714E-006
 -1.796704338761642E-006 -1.874649040695634E-006 -1.954498141512175E-006
 -2.037889435291860E-006 -2.121560645081001E-006 -2.201875702179257E-006
 -2.272515767511831E-006 -2.332713727438422E-006 -2.374490240348839E-006
 -2.392044296333375E-006 -2.384948415475182E-006 -2.351210393350896E-006
 -2.284108621920744E-006 -2.192273218710760E-006 -2.068786998689998E-006
 -1.921392931464201E-006 -1.749386681840173E-006 -1.564141678715199E-006
 -1.367432135516648E-006 -1.171944659716682E-006 -9.867674620974684E-007
 -8.160208289544264E-007 -6.817164833525918E-007 -5.878499433664489E-007
 -5.466617507141313E-007 -5.672978350876164E-007 -6.550013106446479E-007
 -8.142562446986073E-007 -1.054560886432622E-006 -1.367099211067246E-006
 -1.750189558251550E-006 -2.199311813404316E-006 -2.698104508254461E-006
 -3.233987910558729E-006 -3.787866791259334E-006 -4.338549277093904E-006
 -4.862721024508107E-006 -5.337340675980062E-006 -5.734288590140523E-006
 -6.029805629966975E-006 -6.203649637088854E-006 -6.246542325007025E-006
