         13.371165
         13.365974
         13.366267
         13.366572
         13.366881
         13.367193
         13.367505
         13.367810
         13.368105
         13.368386
         13.368651
         13.368900
         13.369132
         13.369346
         13.369545
         13.369727
         13.369894
         13.370048
         13.370189
         13.370318
         13.370437
         13.370545
         13.370645
         13.370736
         13.370819
         13.370896
         13.370966
         13.371031
         13.371090
         13.371145
         13.371195
         13.371242
         13.371284
         13.371324
         13.371360
         13.371394
         13.371424
         13.371453
         13.371479
         13.371504
         13.371526
         13.371547
         13.371566
         13.371583
         13.371599
         13.371613
         13.371626
         13.371638
         13.371648
         13.371657
         13.371665
         13.371672
         13.371677
         13.371682
         13.371686
         13.371689
         13.371691
         13.371692
         13.371693
         13.371694
         13.371693
         13.371693
         13.371692
         13.371690
         13.371688
         13.371686
         13.371683
         13.371681
         13.371677
         13.371674
         13.371671
         13.371667
         13.371663
         13.371659
         13.371655
         13.371651
         13.371646
         13.371642
         13.371637
         13.371633
         13.371628
         13.371624
         13.371619
         13.371614
         13.371610
         13.371605
         13.371601
         13.371596
         13.371592
         13.371587
         13.371583
         13.371578
         13.371574
         13.371569
         13.371565
         13.371561
         13.371556
         13.371552
         13.371548
         13.371544
         13.371539
         13.371535
         13.371531
         13.371527
         13.371523
         13.371519
         13.371515
         13.371511
         13.371507
         13.371503
         13.371499
         13.371495
         13.371491
         13.371487
         13.371483
         13.371479
         13.371476
         13.371472
         13.371468
         13.371465
         13.371461
         13.371458
         13.371454
         13.371451
         13.371448
         13.371445
         13.371442
         13.371439
         13.371436
         13.371433
         13.371430
         13.371427
         13.371424
         13.371421
         13.371419
         13.371416
         13.371414
         13.371411
         13.371408
         13.371406
         13.371403
         13.371401
         13.371398
         13.371396
         13.371393
         13.371391
         13.371388
         13.371386
         13.371383
         13.371381
         13.371378
         13.371376
         13.371374
         13.371371
         13.371369
         13.371366
         13.371364
         13.371362
         13.371359
         13.371357
         13.371355
         13.371353
         13.371351
         13.371349
         13.371347
         13.371345
         13.371343
         13.371341
         13.371339
         13.371338
         13.371336
         13.371335
         13.371333
         13.371332
         13.371330
         13.371329
         13.371327
         13.371326
         13.371325
         13.371323
         13.371322
         13.371321
         13.371319
         13.371318
         13.371317
         13.371315
         13.371314
         13.371312
         13.371311
         13.371309
         13.371308
         13.371306
         13.371305
         13.371303
         13.371302
         13.371300
         13.371299
         13.371297
         13.371296
         13.371294
         13.371293
         13.371291
         13.371290
         13.371289
         13.371288
         13.371287
         13.371286
         13.371285
         13.371284
         13.371283
         13.371282
         13.371281
         13.371281
         13.371280
         13.371280
         13.371279
         13.371279
         13.371278
         13.371278
         13.371277
         13.371277
         13.371277
         13.371276
         13.371276
         13.371275
         13.371275
         13.371274
         13.371274
         13.371273
         13.371272
         13.371272
         13.371271
         13.371270
         13.371269
         13.371269
         13.371268
         13.371267
         13.371266
         13.371266
         13.371265
         13.371265
         13.371264
         13.371264
         13.371264
         13.371264
         13.371264
         13.371264
         13.371265
         13.371265
         13.371266
         13.371267
         13.371269
         13.371270
