          0.614625
          0.614782
          0.614807
          0.614828
          0.614849
          0.614868
          0.614886
          0.614903
          0.614919
          0.614933
          0.614947
          0.614961
          0.614975
          0.614987
          0.614999
          0.615010
          0.615021
          0.615031
          0.615040
          0.615049
          0.615057
          0.615065
          0.615072
          0.615079
          0.615085
          0.615091
          0.615097
          0.615103
          0.615108
          0.615113
          0.615117
          0.615122
          0.615126
          0.615130
          0.615133
          0.615137
          0.615140
          0.615144
          0.615147
          0.615150
          0.615152
          0.615155
          0.615157
          0.615160
          0.615162
          0.615164
          0.615166
          0.615168
          0.615170
          0.615172
          0.615174
          0.615176
          0.615177
          0.615178
          0.615179
          0.615181
          0.615182
          0.615183
          0.615184
          0.615184
          0.615185
          0.615186
          0.615187
          0.615188
          0.615189
          0.615189
          0.615190
          0.615191
          0.615191
          0.615192
          0.615192
          0.615193
          0.615193
          0.615194
          0.615194
          0.615195
          0.615195
          0.615196
          0.615196
          0.615196
          0.615197
          0.615197
          0.615197
          0.615197
          0.615198
          0.615198
          0.615198
          0.615198
          0.615198
          0.615199
          0.615199
          0.615199
          0.615199
          0.615199
          0.615199
          0.615199
          0.615199
          0.615199
          0.615199
          0.615199
          0.615199
          0.615199
          0.615199
          0.615199
          0.615199
          0.615199
          0.615199
          0.615199
          0.615199
          0.615199
          0.615199
          0.615199
          0.615199
          0.615199
          0.615199
          0.615199
          0.615199
          0.615199
          0.615199
          0.615199
          0.615199
          0.615199
          0.615198
          0.615198
          0.615198
          0.615198
          0.615198
          0.615198
          0.615198
          0.615198
          0.615198
          0.615198
          0.615198
          0.615198
          0.615198
          0.615198
          0.615198
          0.615197
          0.615197
          0.615197
          0.615197
          0.615197
          0.615197
          0.615197
          0.615197
          0.615197
          0.615197
          0.615197
          0.615197
          0.615197
          0.615196
          0.615196
          0.615196
          0.615196
          0.615196
          0.615196
          0.615196
          0.615196
          0.615196
          0.615196
          0.615196
          0.615196
          0.615196
          0.615196
          0.615195
          0.615195
          0.615195
          0.615195
          0.615195
          0.615195
          0.615195
          0.615195
          0.615195
          0.615195
          0.615195
          0.615195
          0.615195
          0.615195
          0.615195
          0.615195
          0.615195
          0.615195
          0.615195
          0.615195
          0.615194
          0.615194
          0.615194
          0.615194
          0.615194
          0.615194
          0.615194
          0.615194
          0.615194
          0.615194
          0.615194
          0.615194
          0.615194
          0.615194
          0.615194
          0.615194
          0.615194
          0.615193
          0.615193
          0.615193
          0.615193
          0.615193
          0.615193
          0.615193
          0.615193
          0.615193
          0.615193
          0.615193
          0.615193
          0.615193
          0.615193
          0.615193
          0.615193
          0.615193
          0.615193
          0.615193
          0.615193
          0.615193
          0.615193
          0.615193
          0.615193
          0.615193
          0.615193
          0.615193
          0.615193
          0.615193
          0.615193
          0.615192
          0.615192
          0.615192
          0.615192
          0.615192
          0.615192
          0.615192
          0.615192
          0.615192
          0.615192
          0.615192
          0.615192
          0.615192
          0.615192
          0.615192
          0.615192
          0.615192
          0.615192
          0.615192
          0.615191
          0.615191
