         -0.004116
         -0.000989
         -0.000928
         -0.000850
         -0.000772
         -0.000694
         -0.000619
         -0.000548
         -0.000483
         -0.000423
         -0.000369
         -0.000322
         -0.000280
         -0.000242
         -0.000209
         -0.000179
         -0.000153
         -0.000130
         -0.000109
         -0.000091
         -0.000075
         -0.000062
         -0.000050
         -0.000039
         -0.000030
         -0.000022
         -0.000015
         -0.000008
         -0.000003
          0.000002
          0.000006
          0.000009
          0.000012
          0.000015
          0.000017
          0.000019
          0.000020
          0.000021
          0.000021
          0.000022
          0.000022
          0.000022
          0.000022
          0.000022
          0.000022
          0.000022
          0.000022
          0.000021
          0.000021
          0.000020
          0.000025
          0.000023
          0.000022
          0.000022
          0.000021
          0.000021
          0.000020
          0.000020
          0.000019
          0.000019
          0.000018
          0.000018
          0.000017
          0.000017
          0.000017
          0.000016
          0.000016
          0.000015
          0.000015
          0.000014
          0.000014
          0.000013
          0.000013
          0.000013
          0.000012
          0.000012
          0.000011
          0.000011
          0.000011
          0.000010
          0.000010
          0.000010
          0.000009
          0.000009
          0.000009
          0.000008
          0.000008
          0.000008
          0.000008
          0.000007
          0.000007
          0.000007
          0.000007
          0.000006
          0.000006
          0.000006
          0.000006
          0.000005
          0.000005
          0.000005
          0.000005
          0.000005
          0.000005
          0.000005
          0.000004
          0.000004
          0.000004
          0.000004
          0.000004
          0.000004
          0.000004
          0.000004
          0.000004
          0.000004
          0.000004
          0.000004
          0.000003
          0.000003
          0.000003
          0.000003
          0.000003
          0.000003
          0.000003
          0.000003
          0.000003
          0.000003
          0.000003
          0.000003
          0.000003
          0.000003
          0.000002
          0.000002
          0.000002
          0.000002
          0.000002
          0.000002
          0.000002
          0.000002
          0.000002
          0.000002
          0.000002
          0.000002
          0.000002
          0.000002
          0.000002
          0.000002
          0.000002
          0.000002
          0.000002
          0.000002
          0.000002
          0.000002
          0.000002
          0.000002
          0.000002
          0.000002
          0.000002
          0.000002
          0.000002
          0.000002
          0.000002
          0.000002
          0.000002
          0.000002
          0.000002
          0.000002
          0.000002
          0.000002
          0.000002
          0.000002
          0.000001
          0.000001
          0.000001
          0.000001
          0.000001
          0.000001
          0.000001
          0.000001
          0.000001
          0.000001
          0.000001
          0.000001
          0.000001
          0.000001
          0.000001
          0.000001
          0.000001
          0.000001
          0.000001
          0.000001
          0.000001
          0.000001
          0.000001
          0.000001
          0.000001
          0.000001
          0.000001
          0.000001
          0.000001
          0.000001
          0.000001
          0.000001
          0.000001
          0.000001
          0.000001
          0.000001
          0.000001
          0.000001
          0.000001
          0.000001
          0.000001
          0.000001
          0.000001
          0.000001
          0.000001
          0.000001
          0.000001
          0.000001
          0.000001
          0.000001
          0.000001
          0.000001
          0.000001
          0.000001
          0.000001
          0.000001
          0.000001
          0.000001
          0.000001
          0.000001
          0.000001
          0.000001
          0.000001
          0.000001
          0.000001
          0.000001
          0.000001
          0.000001
          0.000001
          0.000002
          0.000002
          0.000002
          0.000002
          0.000002
          0.000002
          0.000002
          0.000002
          0.000002
          0.000002
          0.000002
          0.000002
          0.000002
