          0.003839
          0.003805
          0.003766
          0.003728
          0.003692
          0.003651
          0.003593
          0.003566
          0.003551
          0.003527
          0.003496
          0.003464
          0.003426
          0.003388
          0.003356
          0.003326
          0.003292
          0.003258
          0.003225
          0.003192
          0.003162
          0.003132
          0.003098
          0.003067
          0.003037
          0.003006
          0.002976
          0.002947
          0.002917
          0.002888
          0.002859
          0.002830
          0.002802
          0.002774
          0.002746
          0.002720
          0.002692
          0.002664
          0.002638
          0.002611
          0.002585
          0.002560
          0.002534
          0.002508
          0.002483
          0.002459
          0.002434
          0.002410
          0.002386
          0.002361
          0.002338
          0.002315
          0.002291
          0.002268
          0.002250
          0.002226
          0.002202
          0.002180
          0.002157
          0.002142
          0.002118
          0.002094
          0.002072
          0.002051
          0.002031
          0.002011
          0.001991
          0.001970
          0.001951
          0.001932
          0.001912
          0.001893
          0.001874
          0.001855
          0.001836
          0.001818
          0.001799
          0.001781
          0.001763
          0.001746
          0.001729
          0.001711
          0.001694
          0.001677
          0.001661
          0.001644
          0.001627
          0.001611
          0.001595
          0.001579
          0.001563
          0.001547
          0.001532
          0.001517
          0.001502
          0.001487
          0.001472
          0.001457
          0.001443
          0.001426
          0.001413
          0.001399
          0.001386
          0.001372
          0.001358
          0.001344
          0.001331
          0.001317
          0.001304
          0.001291
          0.001278
          0.001266
          0.001253
          0.001241
          0.001228
          0.001216
          0.001203
          0.001191
          0.001180
          0.001168
          0.001156
          0.001145
          0.001133
          0.001122
          0.001111
          0.001099
          0.001088
          0.001078
          0.001067
          0.001058
          0.001046
          0.001036
          0.001024
          0.001015
          0.001005
          0.000995
          0.000985
          0.000975
          0.000965
          0.000955
          0.000946
          0.000936
          0.000927
          0.000918
          0.000908
          0.000899
          0.000890
          0.000878
          0.000867
          0.000857
          0.000847
          0.000838
          0.000830
          0.000821
          0.000813
          0.000805
          0.000796
          0.000788
          0.000780
          0.000772
          0.000764
          0.000757
          0.000749
          0.000747
          0.000744
          0.000739
          0.000733
          0.000727
          0.000721
          0.000713
          0.000707
          0.000700
          0.000694
          0.000688
          0.000680
          0.000673
          0.000666
          0.000659
          0.000652
          0.000646
          0.000639
          0.000633
          0.000627
          0.000621
          0.000615
          0.000609
          0.000602
          0.000596
          0.000590
          0.000585
          0.000579
          0.000573
          0.000566
          0.000561
          0.000556
          0.000550
          0.000545
          0.000539
          0.000534
          0.000529
          0.000523
          0.000518
          0.000513
          0.000508
          0.000503
          0.000498
          0.000493
          0.000488
          0.000483
          0.000478
          0.000473
          0.000469
          0.000464
          0.000459
          0.000455
          0.000450
          0.000446
          0.000441
          0.000437
          0.000432
          0.000428
          0.000424
          0.000419
          0.000415
          0.000411
          0.000407
          0.000403
          0.000399
          0.000395
          0.000391
          0.000387
          0.000383
          0.000380
          0.000376
          0.000372
          0.000368
          0.000365
          0.000361
          0.000357
          0.000354
          0.000350
          0.000347
          0.000343
          0.000340
          0.000336
          0.000333
          0.000330
          0.000326
          0.000323
          0.000320
          0.000317
          0.000314
          0.000310
          0.000307
          0.000304
          0.000301
          0.000298
          0.000295
          0.000292
          0.000289
          0.000286
          0.000283
          0.000281
          0.000278
          0.000275
          0.000272
          0.000269
          0.000266
          0.000264
          0.000261
          0.000259
          0.000256
          0.000254
          0.000251
          0.000249
          0.000246
          0.000244
          0.000241
          0.000239
          0.000236
          0.000234
          0.000232
          0.000229
          0.000227
          0.000225
          0.000223
          0.000220
          0.000218
          0.000216
          0.000214
          0.000212
          0.000210
          0.000207
          0.000205
          0.000203
          0.000201
          0.000199
          0.000197
          0.000195
          0.000193
          0.000191
          0.000190
          0.000188
          0.000186
          0.000184
          0.000182
          0.000180
          0.000178
          0.000177
          0.000175
          0.000173
          0.000171
          0.000170
          0.000168
          0.000166
          0.000165
          0.000163
          0.000161
          0.000160
          0.000158
          0.000157
          0.000155
          0.000153
          0.000152
          0.000150
          0.000149
          0.000147
          0.000146
          0.000144
          0.000143
          0.000142
          0.000140
          0.000139
          0.000137
          0.000136
          0.000135
          0.000133
          0.000132
          0.000131
          0.000129
          0.000128
          0.000127
          0.000126
          0.000124
          0.000123
          0.000122
          0.000121
          0.000119
          0.000118
          0.000117
          0.000116
          0.000115
          0.000114
          0.000112
          0.000111
          0.000110
          0.000109
          0.000108
          0.000107
          0.000106
          0.000105
          0.000104
          0.000103
          0.000102
          0.000101
          0.000100
          0.000099
          0.000098
          0.000097
          0.000096
          0.000095
          0.000094
          0.000093
          0.000092
          0.000091
          0.000090
          0.000089
          0.000088
          0.000087
          0.000087
          0.000086
          0.000085
          0.000084
          0.000083
          0.000082
          0.000082
          0.000081
          0.000080
          0.000079
          0.000078
          0.000078
          0.000077
          0.000076
          0.000075
          0.000074
          0.000074
          0.000073
          0.000072
          0.000072
          0.000071
          0.000070
          0.000069
          0.000069
          0.000068
          0.000067
          0.000067
          0.000066
          0.000065
          0.000065
          0.000064
          0.000063
          0.000063
          0.000062
          0.000062
          0.000061
          0.000060
          0.000060
          0.000059
          0.000059
          0.000058
          0.000057
          0.000057
          0.000056
          0.000056
          0.000055
          0.000055
          0.000054
          0.000053
          0.000053
          0.000052
          0.000052
          0.000051
          0.000051
          0.000050
          0.000050
          0.000049
          0.000049
          0.000048
          0.000048
          0.000047
          0.000047
          0.000046
          0.000046
          0.000046
          0.000045
          0.000045
          0.000044
          0.000044
          0.000043
          0.000043
          0.000042
          0.000042
          0.000042
          0.000041
          0.000041
          0.000040
          0.000040
          0.000040
          0.000039
          0.000039
          0.000038
          0.000038
          0.000038
          0.000037
          0.000037
          0.000036
          0.000036
          0.000036
          0.000035
          0.000035
          0.000035
          0.000034
          0.000034
          0.000034
          0.000033
          0.000033
          0.000033
          0.000032
          0.000032
          0.000032
          0.000031
          0.000031
          0.000031
          0.000030
          0.000030
          0.000030
          0.000030
          0.000029
          0.000029
          0.000029
          0.000028
          0.000028
          0.000028
          0.000028
          0.000027
          0.000027
          0.000027
          0.000026
          0.000026
          0.000026
          0.000026
          0.000025
          0.000025
          0.000025
          0.000025
          0.000024
          0.000024
          0.000024
          0.000024
          0.000023
          0.000023
          0.000023
          0.000023
          0.000023
          0.000022
          0.000022
          0.000022
          0.000022
          0.000021
          0.000021
          0.000021
          0.000021
          0.000021
          0.000020
          0.000020
          0.000020
          0.000020
          0.000020
          0.000019
          0.000019
          0.000019
          0.000019
          0.000019
          0.000018
          0.000018
          0.000018
          0.000018
          0.000018
          0.000018
          0.000017
          0.000017
          0.000017
          0.000017
          0.000017
          0.000016
          0.000016
          0.000016
          0.000016
          0.000016
          0.000016
          0.000016
          0.000015
          0.000015
          0.000015
          0.000015
          0.000015
          0.000015
          0.000014
          0.000014
          0.000014
          0.000014
          0.000014
          0.000014
          0.000014
          0.000013
          0.000013
          0.000013
          0.000013
          0.000013
          0.000013
          0.000013
          0.000013
          0.000012
          0.000012
          0.000012
          0.000012
          0.000012
          0.000012
          0.000012
          0.000012
          0.000011
          0.000011
          0.000011
          0.000011
          0.000011
          0.000011
          0.000011
          0.000011
          0.000011
          0.000010
          0.000010
          0.000010
          0.000010
          0.000010
          0.000010
          0.000010
          0.000010
          0.000010
          0.000010
          0.000009
          0.000009
          0.000009
          0.000009
          0.000009
          0.000009
          0.000009
          0.000009
          0.000009
          0.000009
          0.000009
          0.000008
          0.000008
          0.000008
          0.000008
          0.000008
          0.000008
          0.000008
          0.000008
          0.000008
          0.000008
          0.000008
          0.000008
          0.000008
          0.000007
          0.000007
          0.000007
          0.000007
          0.000007
          0.000007
          0.000007
          0.000007
          0.000007
          0.000007
          0.000007
          0.000007
          0.000007
          0.000007
          0.000006
          0.000006
          0.000006
          0.000006
          0.000006
          0.000006
          0.000006
          0.000006
          0.000006
          0.000006
          0.000006
          0.000006
          0.000006
          0.000006
          0.000006
          0.000006
          0.000006
          0.000005
          0.000005
          0.000005
          0.000005
          0.000005
          0.000005
          0.000005
          0.000005
          0.000005
          0.000005
          0.000005
          0.000005
          0.000005
          0.000005
          0.000005
          0.000005
          0.000005
          0.000005
          0.000005
          0.000005
          0.000004
          0.000004
          0.000004
          0.000004
          0.000004
          0.000004
          0.000004
          0.000004
          0.000004
          0.000004
          0.000004
          0.000004
          0.000004
          0.000004
          0.000004
          0.000004
          0.000004
          0.000004
          0.000004
          0.000004
          0.000004
          0.000004
          0.000004
          0.000004
          0.000004
          0.000003
          0.000003
          0.000003
          0.000003
          0.000003
          0.000003
          0.000003
          0.000003
          0.000003
          0.000003
          0.000003
          0.000003
          0.000003
          0.000003
          0.000003
          0.000003
          0.000003
          0.000003
          0.000003
          0.000003
          0.000003
          0.000003
          0.000003
          0.000003
          0.000003
          0.000003
          0.000003
          0.000003
          0.000003
          0.000003
          0.000003
          0.000003
          0.000003
          0.000002
          0.000002
          0.000002
          0.000002
          0.000002
          0.000002
          0.000002
          0.000002
          0.000002
          0.000002
          0.000002
          0.000002
          0.000002
          0.000002
          0.000002
          0.000002
          0.000002
          0.000002
          0.000002
          0.000002
          0.000002
          0.000002
          0.000002
          0.000002
          0.000002
          0.000002
          0.000002
          0.000002
          0.000002
          0.000002
          0.000002
          0.000002
          0.000002
          0.000002
          0.000002
          0.000002
          0.000002
          0.000002
          0.000002
          0.000002
          0.000002
          0.000002
          0.000002
          0.000002
          0.000002
          0.000002
          0.000002
          0.000002
          0.000002
          0.000002
          0.000001
          0.000001
          0.000001
          0.000001
          0.000001
          0.000001
          0.000001
          0.000001
          0.000001
          0.000001
          0.000001
          0.000001
          0.000001
          0.000001
          0.000001
          0.000001
          0.000001
          0.000001
          0.000001
          0.000001
          0.000001
          0.000001
          0.000001
          0.000001
          0.000001
          0.000001
          0.000001
          0.000001
          0.000001
          0.000001
          0.000001
          0.000001
          0.000001
          0.000001
          0.000001
          0.000001
          0.000001
          0.000001
          0.000001
