          0.008637
          0.008895
          0.008885
          0.008869
          0.008852
          0.008834
          0.008816
          0.008798
          0.008781
          0.008765
          0.008750
          0.008737
          0.008725
          0.008713
          0.008703
          0.008694
          0.008686
          0.008679
          0.008673
          0.008667
          0.008662
          0.008657
          0.008653
          0.008650
          0.008647
          0.008644
          0.008642
          0.008640
          0.008638
          0.008637
          0.008635
          0.008634
          0.008633
          0.008632
          0.008632
          0.008631
          0.008630
          0.008630
          0.008630
          0.008629
          0.008629
          0.008629
          0.008629
          0.008629
          0.008629
          0.008629
          0.008629
          0.008629
          0.008629
          0.008629
          0.008629
          0.008629
          0.008629
          0.008629
          0.008629
          0.008629
          0.008629
          0.008630
          0.008630
          0.008630
          0.008630
          0.008630
          0.008630
          0.008631
          0.008631
          0.008631
          0.008631
          0.008631
          0.008632
          0.008632
          0.008632
          0.008632
          0.008632
          0.008632
          0.008633
          0.008633
          0.008633
          0.008633
          0.008633
          0.008633
          0.008633
          0.008634
          0.008634
          0.008634
          0.008634
          0.008634
          0.008634
          0.008634
          0.008634
          0.008634
          0.008635
          0.008635
          0.008635
          0.008635
          0.008635
          0.008635
          0.008635
          0.008635
          0.008635
          0.008635
          0.008635
          0.008635
          0.008635
          0.008635
          0.008635
          0.008635
          0.008636
          0.008636
          0.008636
          0.008636
          0.008636
          0.008636
          0.008636
          0.008636
          0.008636
          0.008636
          0.008636
          0.008636
          0.008636
          0.008636
          0.008636
          0.008636
          0.008636
          0.008636
          0.008636
          0.008636
          0.008636
          0.008636
          0.008636
          0.008636
          0.008636
          0.008636
          0.008636
          0.008636
          0.008636
          0.008636
          0.008636
          0.008636
          0.008636
          0.008636
          0.008636
          0.008636
          0.008637
          0.008637
          0.008637
          0.008637
          0.008637
          0.008637
          0.008637
          0.008637
          0.008637
          0.008637
          0.008637
          0.008637
          0.008637
          0.008637
          0.008637
          0.008637
          0.008637
          0.008637
          0.008637
          0.008637
          0.008637
          0.008637
          0.008637
          0.008637
          0.008637
          0.008637
          0.008637
          0.008637
          0.008637
          0.008637
          0.008637
          0.008637
          0.008637
          0.008637
          0.008637
          0.008637
          0.008637
          0.008637
          0.008637
          0.008637
          0.008637
          0.008637
          0.008637
          0.008637
          0.008637
          0.008637
          0.008637
          0.008637
          0.008637
          0.008637
          0.008637
          0.008637
          0.008637
          0.008637
          0.008637
          0.008637
          0.008637
          0.008637
          0.008637
          0.008637
          0.008637
          0.008637
          0.008637
          0.008637
          0.008637
          0.008637
          0.008637
          0.008637
          0.008637
          0.008637
          0.008637
          0.008637
          0.008637
          0.008637
          0.008637
          0.008637
          0.008637
          0.008637
          0.008637
          0.008637
          0.008637
          0.008637
          0.008637
          0.008637
          0.008637
          0.008637
          0.008637
          0.008637
          0.008637
          0.008637
          0.008637
          0.008637
          0.008637
          0.008637
          0.008637
          0.008637
          0.008637
          0.008637
          0.008637
          0.008637
          0.008637
          0.008637
          0.008637
          0.008637
          0.008637
          0.008637
          0.008637
          0.008637
          0.008637
          0.008637
