          0.282636
          0.282669
          0.282705
          0.282740
          0.282774
          0.282806
          0.282835
          0.282862
          0.282887
          0.282909
          0.282929
          0.282946
          0.282962
          0.282976
          0.282988
          0.282999
          0.283008
          0.283016
          0.283023
          0.283029
          0.283035
          0.283039
          0.283043
          0.283046
          0.283048
          0.283050
          0.283052
          0.283053
          0.283054
          0.283055
          0.283056
          0.283056
          0.283056
          0.283056
          0.283056
          0.283056
          0.283055
          0.283055
          0.283054
          0.283054
          0.283053
          0.283052
          0.283052
          0.283051
          0.283050
          0.283049
          0.283049
          0.283048
          0.283047
          0.283046
          0.283045
          0.283044
          0.283043
          0.283043
          0.283042
          0.283041
          0.283040
          0.283039
          0.283038
          0.283038
          0.283037
          0.283036
          0.283035
          0.283035
          0.283034
          0.283033
          0.283033
          0.283032
          0.283031
          0.283031
          0.283030
          0.283030
          0.283029
          0.283028
          0.283028
          0.283028
          0.283027
          0.283027
          0.283026
          0.283026
          0.283025
          0.283025
          0.283025
          0.283024
          0.283024
          0.283024
          0.283023
          0.283023
          0.283023
          0.283023
          0.283022
          0.283022
          0.283022
          0.283022
          0.283021
          0.283021
          0.283021
          0.283021
          0.283021
          0.283020
          0.283020
          0.283020
          0.283020
          0.283020
          0.283020
          0.283019
          0.283019
          0.283019
          0.283019
          0.283019
          0.283019
          0.283019
          0.283019
          0.283018
          0.283018
          0.283018
          0.283018
          0.283018
          0.283018
          0.283018
          0.283018
          0.283018
          0.283018
          0.283018
          0.283017
          0.283017
          0.283017
          0.283017
          0.283017
          0.283017
          0.283017
          0.283017
          0.283017
          0.283017
          0.283017
          0.283017
          0.283017
          0.283017
          0.283017
          0.283017
          0.283017
          0.283017
          0.283017
          0.283017
          0.283017
          0.283016
          0.283016
          0.283016
          0.283016
          0.283016
          0.283016
          0.283016
          0.283016
          0.283016
          0.283016
          0.283016
          0.283016
          0.283016
          0.283016
          0.283016
          0.283016
          0.283016
          0.283016
          0.283016
          0.283016
          0.283016
          0.283016
          0.283016
          0.283016
          0.283016
          0.283016
          0.283016
          0.283016
          0.283016
          0.283016
          0.283016
          0.283016
          0.283016
          0.283016
          0.283016
          0.283015
          0.283015
          0.283015
          0.283015
          0.283015
          0.283015
          0.283015
          0.283015
          0.283015
          0.283015
          0.283015
          0.283015
          0.283015
          0.283015
          0.283015
          0.283015
          0.283015
          0.283015
          0.283015
          0.283015
          0.283015
          0.283015
          0.283015
          0.283015
          0.283015
          0.283015
          0.283015
          0.283015
          0.283015
          0.283015
          0.283015
          0.283015
          0.283015
          0.283015
          0.283015
          0.283015
          0.283015
          0.283015
          0.283015
          0.283015
          0.283015
          0.283015
          0.283015
          0.283015
          0.283015
          0.283015
          0.283015
          0.283015
          0.283015
          0.283015
          0.283015
          0.283015
          0.283015
          0.283015
          0.283015
          0.283015
          0.283015
          0.283015
          0.283015
          0.283015
          0.283015
          0.283015
          0.283015
          0.283015
          0.283015
          0.283015
          0.283015
          0.283015
          0.283015
          0.283015
          0.283015
          0.283015
