         12.043104
         12.042727
         12.042392
         12.042101
         12.041852
         12.041642
         12.041469
         12.041330
         12.041221
         12.041139
         12.041081
         12.041044
         12.041026
         12.041024
         12.041036
         12.041060
         12.041094
         12.041136
         12.041186
         12.041241
         12.041302
         12.041366
         12.041432
         12.041501
         12.041572
         12.041643
         12.041715
         12.041787
         12.041858
         12.041929
         12.041999
         12.042068
         12.042135
         12.042201
         12.042266
         12.042328
         12.042389
         12.042448
         12.042506
         12.042561
         12.042615
         12.042666
         12.042716
         12.042764
         12.042810
         12.042854
         12.042897
         12.042937
         12.042976
         12.043013
         12.043048
         12.043082
         12.043114
         12.043144
         12.043173
         12.043200
         12.043225
         12.043250
         12.043272
         12.043294
         12.043314
         12.043333
         12.043351
         12.043367
         12.043383
         12.043397
         12.043410
         12.043423
         12.043434
         12.043445
         12.043455
         12.043464
         12.043472
         12.043479
         12.043486
         12.043492
         12.043497
         12.043502
         12.043507
         12.043510
         12.043514
         12.043516
         12.043519
         12.043521
         12.043522
         12.043523
         12.043524
         12.043525
         12.043525
         12.043525
         12.043525
         12.043524
         12.043523
         12.043522
         12.043521
         12.043520
         12.043518
         12.043516
         12.043514
         12.043512
         12.043510
         12.043508
         12.043505
         12.043503
         12.043500
         12.043498
         12.043495
         12.043492
         12.043489
         12.043486
         12.043483
         12.043480
         12.043477
         12.043474
         12.043471
         12.043467
         12.043464
         12.043461
         12.043457
         12.043454
         12.043451
         12.043448
         12.043444
         12.043441
         12.043438
         12.043434
         12.043431
         12.043428
         12.043424
         12.043421
         12.043418
         12.043415
         12.043412
         12.043408
         12.043405
         12.043402
         12.043399
         12.043396
         12.043393
         12.043390
         12.043387
         12.043384
         12.043381
         12.043379
         12.043376
         12.043373
         12.043370
         12.043367
         12.043365
         12.043362
         12.043359
         12.043356
         12.043354
         12.043351
         12.043348
         12.043346
         12.043343
         12.043340
         12.043338
         12.043335
         12.043333
         12.043330
         12.043328
         12.043325
         12.043323
         12.043321
         12.043318
         12.043316
         12.043314
         12.043311
         12.043309
         12.043307
         12.043305
         12.043303
         12.043301
         12.043299
         12.043297
         12.043295
         12.043293
         12.043291
         12.043289
         12.043287
         12.043286
         12.043284
         12.043282
         12.043280
         12.043279
         12.043277
         12.043275
         12.043274
         12.043272
         12.043270
         12.043269
         12.043267
         12.043266
         12.043264
         12.043262
         12.043261
         12.043259
         12.043258
         12.043256
         12.043254
         12.043253
         12.043251
         12.043250
         12.043248
         12.043247
         12.043246
         12.043244
         12.043243
         12.043241
         12.043240
         12.043239
         12.043238
         12.043237
         12.043236
         12.043234
         12.043233
         12.043232
         12.043231
         12.043231
         12.043230
         12.043229
         12.043228
         12.043227
         12.043226
         12.043226
         12.043225
         12.043224
         12.043223
         12.043222
         12.043222
         12.043221
         12.043220
         12.043219
         12.043219
         12.043218
         12.043217
         12.043216
         12.043216
         12.043215
         12.043214
         12.043214
         12.043213
         12.043212
         12.043212
         12.043211
         12.043211
         12.043210
         12.043210
         12.043210
         12.043210
         12.043210
