          0.684942
          0.684798
          0.684344
          0.684011
          0.683750
          0.683517
          0.683302
          0.683102
          0.682914
          0.682736
          0.682576
          0.682430
          0.682297
          0.682178
          0.682070
          0.681974
          0.681888
          0.681811
          0.681742
          0.681681
          0.681635
          0.681594
          0.681557
          0.681525
          0.681496
          0.681471
          0.681448
          0.681429
          0.681411
          0.681396
          0.681383
          0.681371
          0.681361
          0.681353
          0.681345
          0.681339
          0.681335
          0.681332
          0.681330
          0.681327
          0.681326
          0.681324
          0.681323
          0.681322
          0.681321
          0.681321
          0.681321
          0.681320
          0.681321
          0.681322
          0.681313
          0.681315
          0.681316
          0.681317
          0.681318
          0.681319
          0.681320
          0.681321
          0.681321
          0.681322
          0.681323
          0.681323
          0.681324
          0.681325
          0.681325
          0.681326
          0.681326
          0.681327
          0.681327
          0.681328
          0.681328
          0.681329
          0.681329
          0.681330
          0.681330
          0.681331
          0.681331
          0.681331
          0.681332
          0.681332
          0.681333
          0.681333
          0.681333
          0.681333
          0.681334
          0.681334
          0.681334
          0.681335
          0.681335
          0.681335
          0.681335
          0.681336
          0.681336
          0.681336
          0.681336
          0.681336
          0.681336
          0.681337
          0.681337
          0.681337
          0.681337
          0.681337
          0.681337
          0.681337
          0.681337
          0.681337
          0.681337
          0.681337
          0.681337
          0.681337
          0.681337
          0.681337
          0.681337
          0.681337
          0.681337
          0.681338
          0.681338
          0.681338
          0.681338
          0.681338
          0.681338
          0.681338
          0.681338
          0.681338
          0.681338
          0.681338
          0.681338
          0.681338
          0.681338
          0.681338
          0.681338
          0.681338
          0.681338
          0.681338
          0.681338
          0.681338
          0.681338
          0.681338
          0.681338
          0.681338
          0.681338
          0.681338
          0.681338
          0.681338
          0.681338
          0.681338
          0.681338
          0.681338
          0.681338
          0.681338
          0.681338
          0.681337
          0.681337
          0.681337
          0.681337
          0.681337
          0.681337
          0.681337
          0.681337
          0.681337
          0.681337
          0.681337
          0.681337
          0.681337
          0.681337
          0.681337
          0.681337
          0.681337
          0.681337
          0.681337
          0.681337
          0.681337
          0.681337
          0.681337
          0.681337
          0.681337
          0.681337
          0.681337
          0.681337
          0.681337
          0.681337
          0.681337
          0.681337
          0.681337
          0.681337
          0.681337
          0.681337
          0.681337
          0.681337
          0.681337
          0.681337
          0.681337
          0.681337
          0.681337
          0.681337
          0.681337
          0.681337
          0.681337
          0.681337
          0.681336
          0.681336
          0.681336
          0.681336
          0.681336
          0.681337
          0.681337
          0.681337
          0.681337
          0.681337
          0.681337
          0.681337
          0.681337
          0.681337
          0.681337
          0.681337
          0.681337
          0.681337
          0.681337
          0.681337
          0.681337
          0.681337
          0.681337
          0.681337
          0.681337
          0.681337
          0.681337
          0.681337
          0.681337
          0.681337
          0.681337
          0.681337
          0.681337
          0.681336
          0.681336
          0.681336
          0.681336
          0.681336
          0.681336
          0.681336
          0.681336
          0.681336
          0.681336
          0.681336
          0.681336
          0.681336
          0.681336
          0.681336
          0.681336
          0.681336
          0.681336
          0.681336
          0.681336
