          0.999521
          0.999575
          0.999631
          0.999684
          0.999734
          0.999781
          0.999823
          0.999861
          0.999896
          0.999926
          0.999953
          0.999977
          0.999998
          1.000015
          1.000030
          1.000043
          1.000054
          1.000063
          1.000071
          1.000077
          1.000081
          1.000085
          1.000088
          1.000090
          1.000091
          1.000091
          1.000091
          1.000091
          1.000090
          1.000089
          1.000087
          1.000086
          1.000084
          1.000082
          1.000080
          1.000077
          1.000075
          1.000073
          1.000070
          1.000068
          1.000066
          1.000063
          1.000061
          1.000058
          1.000056
          1.000054
          1.000051
          1.000049
          1.000047
          1.000045
          1.000043
          1.000040
          1.000038
          1.000036
          1.000034
          1.000033
          1.000031
          1.000029
          1.000027
          1.000026
          1.000024
          1.000022
          1.000021
          1.000020
          1.000018
          1.000017
          1.000016
          1.000015
          1.000013
          1.000012
          1.000011
          1.000010
          1.000009
          1.000009
          1.000008
          1.000007
          1.000006
          1.000005
          1.000005
          1.000004
          1.000004
          1.000003
          1.000002
          1.000002
          1.000001
          1.000001
          1.000001
          1.000000
          1.000000
          1.000000
          0.999999
          0.999999
          0.999999
          0.999998
          0.999998
          0.999998
          0.999998
          0.999998
          0.999997
          0.999997
          0.999997
          0.999997
          0.999997
          0.999997
          0.999997
          0.999996
          0.999996
          0.999996
          0.999996
          0.999996
          0.999996
          0.999996
          0.999996
          0.999996
          0.999996
          0.999996
          0.999996
          0.999996
          0.999996
          0.999996
          0.999996
          0.999996
          0.999996
          0.999996
          0.999996
          0.999996
          0.999996
          0.999996
          0.999996
          0.999996
          0.999996
          0.999996
          0.999996
          0.999996
          0.999996
          0.999996
          0.999996
          0.999996
          0.999996
          0.999996
          0.999996
          0.999996
          0.999996
          0.999996
          0.999996
          0.999996
          0.999996
          0.999996
          0.999997
          0.999997
          0.999997
          0.999997
          0.999997
          0.999997
          0.999997
          0.999997
          0.999997
          0.999997
          0.999997
          0.999997
          0.999997
          0.999997
          0.999997
          0.999997
          0.999997
          0.999997
          0.999997
          0.999997
          0.999997
          0.999997
          0.999997
          0.999997
          0.999997
          0.999997
          0.999997
          0.999997
          0.999998
          0.999998
          0.999998
          0.999998
          0.999998
          0.999998
          0.999998
          0.999998
          0.999998
          0.999998
          0.999998
          0.999998
          0.999998
          0.999998
          0.999998
          0.999998
          0.999998
          0.999998
          0.999998
          0.999998
          0.999998
          0.999998
          0.999998
          0.999998
          0.999998
          0.999998
          0.999998
          0.999998
          0.999998
          0.999998
          0.999998
          0.999998
          0.999998
          0.999998
          0.999998
          0.999998
          0.999998
          0.999999
          0.999999
          0.999999
          0.999999
          0.999999
          0.999999
          0.999999
          0.999999
          0.999999
          0.999999
          0.999999
          0.999999
          0.999999
          0.999999
          0.999999
          0.999999
          0.999999
          0.999999
          0.999999
          0.999999
          0.999999
          0.999999
          0.999999
          0.999999
          0.999999
          0.999999
          0.999999
          0.999999
          0.999999
          0.999999
          0.999999
          0.999999
          0.999999
          0.999999
          1.000000
          1.000000
          1.000000
          1.000000
          1.000000
