          0.251999
          0.253197
          0.253129
          0.253028
          0.252922
          0.252819
          0.252723
          0.252635
          0.252555
          0.252483
          0.252418
          0.252359
          0.252307
          0.252260
          0.252217
          0.252179
          0.252145
          0.252115
          0.252087
          0.252063
          0.252040
          0.252021
          0.252003
          0.251987
          0.251972
          0.251959
          0.251948
          0.251937
          0.251928
          0.251919
          0.251912
          0.251905
          0.251899
          0.251894
          0.251889
          0.251884
          0.251881
          0.251877
          0.251874
          0.251871
          0.251869
          0.251866
          0.251864
          0.251862
          0.251861
          0.251859
          0.251858
          0.251857
          0.251856
          0.251855
          0.251854
          0.251853
          0.251853
          0.251852
          0.251852
          0.251851
          0.251851
          0.251850
          0.251850
          0.251850
          0.251850
          0.251849
          0.251849
          0.251849
          0.251849
          0.251849
          0.251849
          0.251849
          0.251849
          0.251849
          0.251849
          0.251849
          0.251849
          0.251849
          0.251849
          0.251849
          0.251849
          0.251849
          0.251849
          0.251849
          0.251849
          0.251849
          0.251849
          0.251849
          0.251849
          0.251849
          0.251849
          0.251849
          0.251849
          0.251849
          0.251849
          0.251849
          0.251849
          0.251849
          0.251849
          0.251849
          0.251849
          0.251849
          0.251849
          0.251849
          0.251849
          0.251849
          0.251849
          0.251849
          0.251849
          0.251849
          0.251849
          0.251849
          0.251849
          0.251849
          0.251849
          0.251849
          0.251849
          0.251849
          0.251849
          0.251849
          0.251849
          0.251849
          0.251849
          0.251849
          0.251849
          0.251849
          0.251849
          0.251849
          0.251849
          0.251850
          0.251850
          0.251850
          0.251850
          0.251850
          0.251850
          0.251850
          0.251850
          0.251850
          0.251850
          0.251850
          0.251850
          0.251850
          0.251850
          0.251850
          0.251850
          0.251850
          0.251850
          0.251850
          0.251850
          0.251850
          0.251850
          0.251850
          0.251850
          0.251850
          0.251850
          0.251850
          0.251850
          0.251850
          0.251850
          0.251850
          0.251850
          0.251850
          0.251850
          0.251850
          0.251850
          0.251850
          0.251850
          0.251850
          0.251850
          0.251850
          0.251850
          0.251850
          0.251850
          0.251850
          0.251850
          0.251850
          0.251850
          0.251850
          0.251850
          0.251850
          0.251850
          0.251850
          0.251850
          0.251850
          0.251850
          0.251850
          0.251850
          0.251850
          0.251850
          0.251850
          0.251850
          0.251850
          0.251850
          0.251850
          0.251850
          0.251850
          0.251850
          0.251850
          0.251850
          0.251850
          0.251850
          0.251850
          0.251850
          0.251850
          0.251850
          0.251850
          0.251850
          0.251850
          0.251850
          0.251850
          0.251850
          0.251850
          0.251850
          0.251850
          0.251850
          0.251850
          0.251850
          0.251850
          0.251850
          0.251850
          0.251850
          0.251850
          0.251850
          0.251850
          0.251850
          0.251850
          0.251850
          0.251850
          0.251850
          0.251850
          0.251850
          0.251850
          0.251850
          0.251850
          0.251850
          0.251850
          0.251850
          0.251850
          0.251850
          0.251850
          0.251850
          0.251850
          0.251850
          0.251850
          0.251850
          0.251850
          0.251850
          0.251850
          0.251850
          0.251850
          0.251850
          0.251850
          0.251850
          0.251850
          0.251850
          0.251850
