          1.761624
          1.761770
          1.761854
          1.761894
          1.761901
          1.761886
          1.761857
          1.761820
          1.761778
          1.761734
          1.761691
          1.761649
          1.761611
          1.761576
          1.761544
          1.761515
          1.761490
          1.761468
          1.761448
          1.761432
          1.761418
          1.761406
          1.761396
          1.761388
          1.761381
          1.761376
          1.761372
          1.761369
          1.761367
          1.761365
          1.761365
          1.761365
          1.761365
          1.761366
          1.761367
          1.761369
          1.761370
          1.761373
          1.761375
          1.761377
          1.761380
          1.761382
          1.761385
          1.761387
          1.761390
          1.761393
          1.761395
          1.761397
          1.761399
          1.761401
          1.761403
          1.761405
          1.761407
          1.761409
          1.761411
          1.761413
          1.761415
          1.761416
          1.761418
          1.761420
          1.761421
          1.761423
          1.761424
          1.761426
          1.761427
          1.761428
          1.761430
          1.761431
          1.761432
          1.761433
          1.761434
          1.761435
          1.761436
          1.761436
          1.761437
          1.761438
          1.761439
          1.761439
          1.761440
          1.761440
          1.761441
          1.761441
          1.761442
          1.761442
          1.761443
          1.761443
          1.761443
          1.761444
          1.761444
          1.761444
          1.761445
          1.761445
          1.761445
          1.761445
          1.761445
          1.761446
          1.761446
          1.761446
          1.761446
          1.761446
          1.761446
          1.761446
          1.761446
          1.761446
          1.761446
          1.761446
          1.761446
          1.761446
          1.761446
          1.761446
          1.761446
          1.761446
          1.761446
          1.761445
          1.761445
          1.761445
          1.761445
          1.761445
          1.761445
          1.761445
          1.761445
          1.761445
          1.761445
          1.761444
          1.761444
          1.761444
          1.761444
          1.761444
          1.761444
          1.761444
          1.761444
          1.761444
          1.761444
          1.761443
          1.761443
          1.761443
          1.761443
          1.761443
          1.761443
          1.761443
          1.761443
          1.761443
          1.761442
          1.761442
          1.761442
          1.761442
          1.761442
          1.761442
          1.761442
          1.761441
          1.761441
          1.761441
          1.761441
          1.761441
          1.761441
          1.761441
          1.761440
          1.761440
          1.761440
          1.761440
          1.761440
          1.761440
          1.761440
          1.761440
          1.761439
          1.761439
          1.761439
          1.761439
          1.761439
          1.761439
          1.761439
          1.761439
          1.761439
          1.761439
          1.761439
          1.761439
          1.761439
          1.761439
          1.761439
          1.761438
          1.761438
          1.761438
          1.761438
          1.761438
          1.761438
          1.761438
          1.761438
          1.761438
          1.761438
          1.761438
          1.761437
          1.761437
          1.761437
          1.761437
          1.761437
          1.761437
          1.761437
          1.761437
          1.761436
          1.761436
          1.761436
          1.761436
          1.761436
          1.761436
          1.761436
          1.761436
          1.761436
          1.761436
          1.761436
          1.761436
          1.761436
          1.761436
          1.761436
          1.761436
          1.761436
          1.761436
          1.761436
          1.761436
          1.761436
          1.761436
          1.761436
          1.761436
          1.761436
          1.761436
          1.761436
          1.761436
          1.761436
          1.761435
          1.761435
          1.761435
          1.761435
          1.761435
          1.761435
          1.761435
          1.761435
          1.761435
          1.761434
          1.761434
          1.761434
          1.761434
          1.761434
          1.761434
          1.761434
          1.761434
          1.761434
          1.761434
          1.761434
          1.761434
          1.761434
          1.761434
          1.761433
          1.761433
