          1.511000
          1.511418
          1.511262
          1.511089
          1.510929
          1.510779
          1.510642
          1.510520
          1.510412
          1.510313
          1.510230
          1.510158
          1.510096
          1.510043
          1.509997
          1.509957
          1.509922
          1.509892
          1.509866
          1.509844
          1.509826
          1.509811
          1.509799
          1.509788
          1.509778
          1.509771
          1.509764
          1.509759
          1.509755
          1.509752
          1.509749
          1.509748
          1.509746
          1.509746
          1.509746
          1.509746
          1.509748
          1.509749
          1.509751
          1.509753
          1.509755
          1.509757
          1.509759
          1.509761
          1.509763
          1.509765
          1.509768
          1.509770
          1.509773
          1.509776
          1.509766
          1.509770
          1.509773
          1.509776
          1.509778
          1.509779
          1.509781
          1.509783
          1.509784
          1.509785
          1.509787
          1.509788
          1.509789
          1.509790
          1.509792
          1.509793
          1.509794
          1.509795
          1.509796
          1.509797
          1.509797
          1.509798
          1.509799
          1.509800
          1.509800
          1.509801
          1.509802
          1.509802
          1.509803
          1.509804
          1.509804
          1.509805
          1.509805
          1.509806
          1.509806
          1.509806
          1.509807
          1.509807
          1.509807
          1.509808
          1.509808
          1.509808
          1.509809
          1.509809
          1.509809
          1.509809
          1.509809
          1.509810
          1.509810
          1.509810
          1.509810
          1.509810
          1.509810
          1.509810
          1.509810
          1.509810
          1.509810
          1.509810
          1.509810
          1.509810
          1.509810
          1.509810
          1.509810
          1.509810
          1.509809
          1.509809
          1.509809
          1.509809
          1.509809
          1.509809
          1.509809
          1.509809
          1.509809
          1.509809
          1.509809
          1.509809
          1.509809
          1.509809
          1.509808
          1.509808
          1.509808
          1.509808
          1.509808
          1.509808
          1.509808
          1.509808
          1.509808
          1.509808
          1.509808
          1.509808
          1.509808
          1.509808
          1.509808
          1.509808
          1.509807
          1.509807
          1.509807
          1.509807
          1.509807
          1.509807
          1.509806
          1.509806
          1.509806
          1.509806
          1.509806
          1.509806
          1.509806
          1.509805
          1.509805
          1.509805
          1.509805
          1.509805
          1.509805
          1.509805
          1.509805
          1.509805
          1.509805
          1.509805
          1.509805
          1.509805
          1.509805
          1.509805
          1.509805
          1.509805
          1.509805
          1.509805
          1.509805
          1.509805
          1.509805
          1.509804
          1.509804
          1.509804
          1.509804
          1.509804
          1.509804
          1.509804
          1.509804
          1.509804
          1.509804
          1.509804
          1.509803
          1.509803
          1.509803
          1.509803
          1.509803
          1.509803
          1.509802
          1.509802
          1.509802
          1.509802
          1.509802
          1.509802
          1.509802
          1.509802
          1.509802
          1.509802
          1.509802
          1.509802
          1.509802
          1.509802
          1.509802
          1.509802
          1.509802
          1.509802
          1.509802
          1.509802
          1.509802
          1.509802
          1.509802
          1.509802
          1.509802
          1.509802
          1.509802
          1.509802
          1.509802
          1.509802
          1.509802
          1.509802
          1.509802
          1.509802
          1.509802
          1.509802
          1.509801
          1.509801
          1.509801
          1.509801
          1.509801
          1.509800
          1.509800
          1.509800
          1.509800
          1.509800
          1.509800
          1.509800
          1.509800
          1.509800
          1.509800
          1.509799
          1.509799
          1.509799
          1.509799
          1.509799
