          0.008667
          0.008672
          0.008671
          0.008670
          0.008668
          0.008666
          0.008664
          0.008662
          0.008660
          0.008658
          0.008657
          0.008655
          0.008653
          0.008652
          0.008650
          0.008649
          0.008648
          0.008647
          0.008646
          0.008645
          0.008644
          0.008644
          0.008643
          0.008643
          0.008642
          0.008642
          0.008641
          0.008641
          0.008640
          0.008640
          0.008640
          0.008639
          0.008639
          0.008639
          0.008639
          0.008639
          0.008638
          0.008638
          0.008638
          0.008638
          0.008638
          0.008638
          0.008638
          0.008638
          0.008637
          0.008637
          0.008637
          0.008637
          0.008637
          0.008637
          0.008637
          0.008637
          0.008637
          0.008637
          0.008637
          0.008637
          0.008637
          0.008637
          0.008637
          0.008637
          0.008637
          0.008637
          0.008637
          0.008637
          0.008637
          0.008637
          0.008637
          0.008637
          0.008637
          0.008637
          0.008637
          0.008637
          0.008637
          0.008637
          0.008637
          0.008637
          0.008637
          0.008637
          0.008637
          0.008637
          0.008637
          0.008637
          0.008637
          0.008637
          0.008637
          0.008637
          0.008637
          0.008637
          0.008637
          0.008637
          0.008637
          0.008637
          0.008637
          0.008637
          0.008637
          0.008637
          0.008637
          0.008637
          0.008637
          0.008637
          0.008637
          0.008637
          0.008637
          0.008637
          0.008637
          0.008637
          0.008637
          0.008637
          0.008637
          0.008637
          0.008637
          0.008637
          0.008637
          0.008637
          0.008637
          0.008637
          0.008637
          0.008637
          0.008637
          0.008637
          0.008637
          0.008637
          0.008637
          0.008637
          0.008637
          0.008637
          0.008637
          0.008637
          0.008637
          0.008637
          0.008637
          0.008637
          0.008637
          0.008637
          0.008637
          0.008637
          0.008637
          0.008637
          0.008637
          0.008637
          0.008637
          0.008637
          0.008637
          0.008637
          0.008637
          0.008637
          0.008637
          0.008637
          0.008637
          0.008637
          0.008637
          0.008637
          0.008637
          0.008637
          0.008637
          0.008637
          0.008637
          0.008637
          0.008637
          0.008637
          0.008637
          0.008637
          0.008637
          0.008637
          0.008637
          0.008637
          0.008637
          0.008637
          0.008637
          0.008637
          0.008637
          0.008637
          0.008637
          0.008637
          0.008637
          0.008637
          0.008637
          0.008637
          0.008637
          0.008637
          0.008637
          0.008637
          0.008637
          0.008637
          0.008637
          0.008637
          0.008637
          0.008637
          0.008637
          0.008637
          0.008637
          0.008637
          0.008637
          0.008637
          0.008637
          0.008637
          0.008637
          0.008637
          0.008637
          0.008637
          0.008637
          0.008637
          0.008637
          0.008637
          0.008637
          0.008637
          0.008637
          0.008637
          0.008637
          0.008637
          0.008637
          0.008637
          0.008637
          0.008637
          0.008637
          0.008637
          0.008637
          0.008637
          0.008637
          0.008637
          0.008637
          0.008637
          0.008637
          0.008637
          0.008637
          0.008637
          0.008637
          0.008637
          0.008637
          0.008637
          0.008637
          0.008637
          0.008637
          0.008637
          0.008637
          0.008637
          0.008637
          0.008637
          0.008637
          0.008637
          0.008637
          0.008637
          0.008637
          0.008637
          0.008637
          0.008637
          0.008637
          0.008637
          0.008637
          0.008637
          0.008637
          0.008637
          1.000170
          1.000164
          1.000153
          1.000142
          1.000130
          1.000118
          1.000106
          1.000095
          1.000084
          1.000075
          1.000066
          1.000058
          1.000050
          1.000044
          1.000038
          1.000032
          1.000028
          1.000023
          1.000019
          1.000016
          1.000013
          1.000011
          1.000008
          1.000006
          1.000004
          1.000003
          1.000002
          1.000000
          0.999999
          0.999998
          0.999998
          0.999997
          0.999997
          0.999996
          0.999996
          0.999995
          0.999995
          0.999995
          0.999995
          0.999995
          0.999994
          0.999994
          0.999994
          0.999994
          0.999994
          0.999994
          0.999994
          0.999994
          0.999994
          0.999994
          0.999994
          0.999994
          0.999994
          0.999995
          0.999995
          0.999995
          0.999995
          0.999995
          0.999995
          0.999995
          0.999995
          0.999995
          0.999996
          0.999996
          0.999996
          0.999996
          0.999996
          0.999996
          0.999996
          0.999996
          0.999996
          0.999997
          0.999997
          0.999997
          0.999997
          0.999997
          0.999997
          0.999997
          0.999997
          0.999997
          0.999997
          0.999998
          0.999998
          0.999998
          0.999998
          0.999998
          0.999998
          0.999998
          0.999998
          0.999998
          0.999998
          0.999998
          0.999998
          0.999998
          0.999998
          0.999998
          0.999998
          0.999998
          0.999999
          0.999999
          0.999999
          0.999999
          0.999999
          0.999999
          0.999999
          0.999999
          0.999999
          0.999999
          0.999999
          0.999999
          0.999999
          0.999999
          0.999999
          0.999999
          0.999999
          0.999999
          0.999999
          0.999999
          0.999999
          0.999999
          0.999999
          0.999999
          0.999999
          0.999999
          0.999999
          0.999999
          0.999999
          0.999999
          0.999999
          0.999999
          0.999999
          0.999999
          0.999999
          0.999999
          0.999999
          0.999999
          0.999999
          0.999999
          0.999999
          0.999999
          0.999999
          0.999999
          0.999999
          0.999999
          0.999999
          0.999999
          0.999999
          0.999999
          0.999999
          0.999999
          0.999999
          0.999999
          0.999999
          0.999999
          0.999999
          0.999999
          0.999999
          0.999999
          0.999999
          1.000000
          1.000000
          1.000000
          1.000000
          1.000000
          1.000000
          1.000000
          1.000000
          1.000000
          1.000000
          1.000000
          1.000000
          1.000000
          1.000000
          1.000000
          1.000000
          1.000000
          1.000000
          1.000000
          1.000000
          1.000000
          1.000000
          1.000000
          1.000000
          1.000000
          1.000000
          1.000000
          1.000000
          1.000000
          1.000000
          1.000000
          1.000000
          1.000000
          1.000000
          1.000000
          1.000000
          1.000000
          1.000000
          1.000000
          1.000000
          1.000000
          1.000000
          1.000000
          1.000000
          1.000000
          1.000000
          1.000000
          1.000000
          1.000000
          1.000000
          1.000000
          1.000000
          1.000000
          1.000000
          1.000000
          1.000000
          1.000000
          1.000000
          1.000000
          1.000000
          1.000000
          1.000000
          1.000000
          1.000000
          1.000000
          1.000000
          1.000000
          1.000000
          1.000000
          1.000000
          1.000000
          1.000000
          1.000000
          1.000000
          1.000000
          1.000000
          1.000000
          1.000000
          1.000000
          1.000000
          1.000000
          1.000000
          1.000000
          1.000000
          1.000000
          1.000000
          1.000000
          1.000000
          1.000000
          1.000000
          1.000000
          1.000000
          1.000000
          1.511000
          1.511418
          1.511262
          1.511089
          1.510929
          1.510779
          1.510642
          1.510520
          1.510412
          1.510313
          1.510230
          1.510158
          1.510096
          1.510043
          1.509997
          1.509957
          1.509922
          1.509892
          1.509866
          1.509844
          1.509826
          1.509811
          1.509799
          1.509788
          1.509778
          1.509771
          1.509764
          1.509759
          1.509755
          1.509752
          1.509749
          1.509748
          1.509746
          1.509746
          1.509746
          1.509746
          1.509748
          1.509749
          1.509751
          1.509753
          1.509755
          1.509757
          1.509759
          1.509761
          1.509763
          1.509765
          1.509768
          1.509770
          1.509773
          1.509776
          1.509766
          1.509770
          1.509773
          1.509776
          1.509778
          1.509779
          1.509781
          1.509783
          1.509784
          1.509785
          1.509787
          1.509788
          1.509789
          1.509790
          1.509792
          1.509793
          1.509794
          1.509795
          1.509796
          1.509797
          1.509797
          1.509798
          1.509799
          1.509800
          1.509800
          1.509801
          1.509802
          1.509802
          1.509803
          1.509804
          1.509804
          1.509805
          1.509805
          1.509806
          1.509806
          1.509806
          1.509807
          1.509807
          1.509807
          1.509808
          1.509808
          1.509808
          1.509809
          1.509809
          1.509809
          1.509809
          1.509809
          1.509810
          1.509810
          1.509810
          1.509810
          1.509810
          1.509810
          1.509810
          1.509810
          1.509810
          1.509810
          1.509810
          1.509810
          1.509810
          1.509810
          1.509810
          1.509810
          1.509810
          1.509809
          1.509809
          1.509809
          1.509809
          1.509809
          1.509809
          1.509809
          1.509809
          1.509809
          1.509809
          1.509809
          1.509809
          1.509809
          1.509809
          1.509808
          1.509808
          1.509808
          1.509808
          1.509808
          1.509808
          1.509808
          1.509808
          1.509808
          1.509808
          1.509808
          1.509808
          1.509808
          1.509808
          1.509808
          1.509808
          1.509807
          1.509807
          1.509807
          1.509807
          1.509807
          1.509807
          1.509806
          1.509806
          1.509806
          1.509806
          1.509806
          1.509806
          1.509806
          1.509805
          1.509805
          1.509805
          1.509805
          1.509805
          1.509805
          1.509805
          1.509805
          1.509805
          1.509805
          1.509805
          1.509805
          1.509805
          1.509805
          1.509805
          1.509805
          1.509805
          1.509805
          1.509805
          1.509805
          1.509805
          1.509805
          1.509804
          1.509804
          1.509804
          1.509804
          1.509804
          1.509804
          1.509804
          1.509804
          1.509804
          1.509804
          1.509804
          1.509803
          1.509803
          1.509803
          1.509803
          1.509803
          1.509803
          1.509802
          1.509802
          1.509802
          1.509802
          1.509802
          1.509802
          1.509802
          1.509802
          1.509802
          1.509802
          1.509802
          1.509802
          1.509802
          1.509802
          1.509802
          1.509802
          1.509802
          1.509802
          1.509802
          1.509802
          1.509802
          1.509802
          1.509802
          1.509802
          1.509802
          1.509802
          1.509802
          1.509802
          1.509802
          1.509802
          1.509802
          1.509802
          1.509802
          1.509802
          1.509802
          1.509802
          1.509801
          1.509801
          1.509801
          1.509801
          1.509801
          1.509800
          1.509800
          1.509800
          1.509800
          1.509800
          1.509800
          1.509800
          1.509800
          1.509800
          1.509800
          1.509799
          1.509799
          1.509799
          1.509799
          1.509799
          0.684942
          0.684798
          0.684344
          0.684011
          0.683750
          0.683517
          0.683302
          0.683102
          0.682914
          0.682736
          0.682576
          0.682430
          0.682297
          0.682178
          0.682070
          0.681974
          0.681888
          0.681811
          0.681742
          0.681681
          0.681635
          0.681594
          0.681557
          0.681525
          0.681496
          0.681471
          0.681448
          0.681429
          0.681411
          0.681396
          0.681383
          0.681371
          0.681361
          0.681353
          0.681345
          0.681339
          0.681335
          0.681332
          0.681330
          0.681327
          0.681326
          0.681324
          0.681323
          0.681322
          0.681321
          0.681321
          0.681321
          0.681320
          0.681321
          0.681322
          0.681313
          0.681315
          0.681316
          0.681317
          0.681318
          0.681319
          0.681320
          0.681321
          0.681321
          0.681322
          0.681323
          0.681323
          0.681324
          0.681325
          0.681325
          0.681326
          0.681326
          0.681327
          0.681327
          0.681328
          0.681328
          0.681329
          0.681329
          0.681330
          0.681330
          0.681331
          0.681331
          0.681331
          0.681332
          0.681332
          0.681333
          0.681333
          0.681333
          0.681333
          0.681334
          0.681334
          0.681334
          0.681335
          0.681335
          0.681335
          0.681335
          0.681336
          0.681336
          0.681336
          0.681336
          0.681336
          0.681336
          0.681337
          0.681337
          0.681337
          0.681337
          0.681337
          0.681337
          0.681337
          0.681337
          0.681337
          0.681337
          0.681337
          0.681337
          0.681337
          0.681337
          0.681337
          0.681337
          0.681337
          0.681337
          0.681338
          0.681338
          0.681338
          0.681338
          0.681338
          0.681338
          0.681338
          0.681338
          0.681338
          0.681338
          0.681338
          0.681338
          0.681338
          0.681338
          0.681338
          0.681338
          0.681338
          0.681338
          0.681338
          0.681338
          0.681338
          0.681338
          0.681338
          0.681338
          0.681338
          0.681338
          0.681338
          0.681338
          0.681338
          0.681338
          0.681338
          0.681338
          0.681338
          0.681338
          0.681338
          0.681338
          0.681337
          0.681337
          0.681337
          0.681337
          0.681337
          0.681337
          0.681337
          0.681337
          0.681337
          0.681337
          0.681337
          0.681337
          0.681337
          0.681337
          0.681337
          0.681337
          0.681337
          0.681337
          0.681337
          0.681337
          0.681337
          0.681337
          0.681337
          0.681337
          0.681337
          0.681337
          0.681337
          0.681337
          0.681337
          0.681337
          0.681337
          0.681337
          0.681337
          0.681337
          0.681337
          0.681337
          0.681337
          0.681337
          0.681337
          0.681337
          0.681337
          0.681337
          0.681337
          0.681337
          0.681337
          0.681337
          0.681337
          0.681337
          0.681336
          0.681336
          0.681336
          0.681336
          0.681336
          0.681337
          0.681337
          0.681337
          0.681337
          0.681337
          0.681337
          0.681337
          0.681337
          0.681337
          0.681337
          0.681337
          0.681337
          0.681337
          0.681337
          0.681337
          0.681337
          0.681337
          0.681337
          0.681337
          0.681337
          0.681337
          0.681337
          0.681337
          0.681337
          0.681337
          0.681337
          0.681337
          0.681337
          0.681336
          0.681336
          0.681336
          0.681336
          0.681336
          0.681336
          0.681336
          0.681336
          0.681336
          0.681336
          0.681336
          0.681336
          0.681336
          0.681336
          0.681336
          0.681336
          0.681336
          0.681336
          0.681336
          0.681336
         -0.004116
         -0.000989
         -0.000928
         -0.000850
         -0.000772
         -0.000694
         -0.000619
         -0.000548
         -0.000483
         -0.000423
         -0.000369
         -0.000322
         -0.000280
         -0.000242
         -0.000209
         -0.000179
         -0.000153
         -0.000130
         -0.000109
         -0.000091
         -0.000075
         -0.000062
         -0.000050
         -0.000039
         -0.000030
         -0.000022
         -0.000015
         -0.000008
         -0.000003
          0.000002
          0.000006
          0.000009
          0.000012
          0.000015
          0.000017
          0.000019
          0.000020
          0.000021
          0.000021
          0.000022
          0.000022
          0.000022
          0.000022
          0.000022
          0.000022
          0.000022
          0.000022
          0.000021
          0.000021
          0.000020
          0.000025
          0.000023
          0.000022
          0.000022
          0.000021
          0.000021
          0.000020
          0.000020
          0.000019
          0.000019
          0.000018
          0.000018
          0.000017
          0.000017
          0.000017
          0.000016
          0.000016
          0.000015
          0.000015
          0.000014
          0.000014
          0.000013
          0.000013
          0.000013
          0.000012
          0.000012
          0.000011
          0.000011
          0.000011
          0.000010
          0.000010
          0.000010
          0.000009
          0.000009
          0.000009
          0.000008
          0.000008
          0.000008
          0.000008
          0.000007
          0.000007
          0.000007
          0.000007
          0.000006
          0.000006
          0.000006
          0.000006
          0.000005
          0.000005
          0.000005
          0.000005
          0.000005
          0.000005
          0.000005
          0.000004
          0.000004
          0.000004
          0.000004
          0.000004
          0.000004
          0.000004
          0.000004
          0.000004
          0.000004
          0.000004
          0.000004
          0.000003
          0.000003
          0.000003
          0.000003
          0.000003
          0.000003
          0.000003
          0.000003
          0.000003
          0.000003
          0.000003
          0.000003
          0.000003
          0.000003
          0.000002
          0.000002
          0.000002
          0.000002
          0.000002
          0.000002
          0.000002
          0.000002
          0.000002
          0.000002
          0.000002
          0.000002
          0.000002
          0.000002
          0.000002
          0.000002
          0.000002
          0.000002
          0.000002
          0.000002
          0.000002
          0.000002
          0.000002
          0.000002
          0.000002
          0.000002
          0.000002
          0.000002
          0.000002
          0.000002
          0.000002
          0.000002
          0.000002
          0.000002
          0.000002
          0.000002
          0.000002
          0.000002
          0.000002
          0.000002
          0.000001
          0.000001
          0.000001
          0.000001
          0.000001
          0.000001
          0.000001
          0.000001
          0.000001
          0.000001
          0.000001
          0.000001
          0.000001
          0.000001
          0.000001
          0.000001
          0.000001
          0.000001
          0.000001
          0.000001
          0.000001
          0.000001
          0.000001
          0.000001
          0.000001
          0.000001
          0.000001
          0.000001
          0.000001
          0.000001
          0.000001
          0.000001
          0.000001
          0.000001
          0.000001
          0.000001
          0.000001
          0.000001
          0.000001
          0.000001
          0.000001
          0.000001
          0.000001
          0.000001
          0.000001
          0.000001
          0.000001
          0.000001
          0.000001
          0.000001
          0.000001
          0.000001
          0.000001
          0.000001
          0.000001
          0.000001
          0.000001
          0.000001
          0.000001
          0.000001
          0.000001
          0.000001
          0.000001
          0.000001
          0.000001
          0.000001
          0.000001
          0.000001
          0.000001
          0.000002
          0.000002
          0.000002
          0.000002
          0.000002
          0.000002
          0.000002
          0.000002
          0.000002
          0.000002
          0.000002
          0.000002
          0.000002
