  8.666700130536876E-003  8.671705804854768E-003  8.671089949363522E-003
  8.669796340064571E-003  8.668179086737787E-003  8.666308362135357E-003
  8.664315443366075E-003  8.662297381328237E-003  8.660306085199148E-003
  8.658355247412441E-003  8.656532198964274E-003  8.654829619151129E-003
  8.653246325556748E-003  8.651784512128937E-003  8.650440836949736E-003
  8.649208211775068E-003  8.648079723762133E-003  8.647048044519445E-003
  8.646106236581552E-003  8.645248933049066E-003  8.644470476100563E-003
  8.643762847543580E-003  8.643119369795615E-003  8.642534055319003E-003
  8.642000097610172E-003  8.641513673860306E-003  8.641070845251474E-003
  8.640668078530265E-003  8.640301446796419E-003  8.639967767333676E-003
  8.639664212062557E-003  8.639388120710547E-003  8.639137089485676E-003
  8.638909017986827E-003  8.638701961658432E-003  8.638514483484488E-003
  8.638345016017545E-003  8.638191112795065E-003  8.638051211136043E-003
  8.637923762250683E-003  8.637807753145221E-003  8.637701794816885E-003
  8.637604922951030E-003  8.637516180116905E-003  8.637434435104799E-003
  8.637359166000518E-003  8.637289658596824E-003  8.637225542382422E-003
  8.637166700016461E-003  8.637113812878397E-003  8.637070299754348E-003
  8.637011136821153E-003  8.636958811421879E-003  8.636912262478249E-003
  8.636870616767116E-003  8.636833403470563E-003  8.636800134011238E-003
  8.636770486599631E-003  8.636744063935749E-003  8.636720806772859E-003
  8.636700362421623E-003  8.636682558961585E-003  8.636667280263207E-003
  8.636654335381076E-003  8.636643365316327E-003  8.636634413521733E-003
  8.636627156802442E-003  8.636621599399026E-003  8.636617457681618E-003
  8.636614705529818E-003  8.636613237579402E-003  8.636612778248193E-003
  8.636613476370049E-003  8.636615096666616E-003  8.636617634607439E-003
  8.636620904324014E-003  8.636624879002176E-003  8.636629549412734E-003
  8.636634751339571E-003  8.636640540521046E-003  8.636646801277240E-003
  8.636653469934906E-003  8.636660541298117E-003  8.636667942128621E-003
  8.636675573672205E-003  8.636683528643090E-003  8.636691553262250E-003
  8.636699884246425E-003  8.636708211425089E-003  8.636716667510353E-003
  8.636725145563214E-003  8.636733624230409E-003  8.636742023419776E-003
  8.636750491463672E-003  8.636758804477606E-003  8.636767057306753E-003
  8.636775253033999E-003  8.636783171472893E-003  8.636791047148925E-003
  8.636798742640679E-003  8.636806373244734E-003  8.636813678904991E-003
  8.636820916991564E-003  8.636827982346801E-003  8.636834916439646E-003
  8.636841762668702E-003  8.636848442189508E-003  8.636854994496295E-003
  8.636861389672549E-003  8.636867790362102E-003  8.636874093572893E-003
  8.636880304339843E-003  8.636886581498594E-003  8.636892802794680E-003
  8.636898999873471E-003  8.636905193276456E-003  8.636911400254367E-003
  8.636917662302726E-003  8.636924100181815E-003  8.636930405357637E-003
  8.636936753085616E-003  8.636943323682986E-003  8.636949719934686E-003
  8.636956278070323E-003  8.636962874194959E-003  8.636969368611679E-003
  8.636976009616203E-003  8.636982509109865E-003  8.636989043530455E-003
  8.636995471868230E-003  8.637001812079067E-003  8.637008138180293E-003
  8.637014321837611E-003  8.637020300610450E-003  8.637026116670634E-003
  8.637031769874036E-003  8.637037220305651E-003  8.637042481057898E-003
  8.637047543393029E-003  8.637052247669381E-003  8.637056954941791E-003
  8.637061332019934E-003  8.637065517179639E-003  8.637069398395616E-003
  8.637073092956233E-003  8.637076733525329E-003  8.637080117805574E-003
  8.637083456731087E-003  8.637086586376675E-003  8.637089665131834E-003
  8.637092609969324E-003  8.637095592885710E-003  8.637098543181497E-003
  8.637101474029686E-003  8.637104436713150E-003  8.637107575982987E-003
  8.637110723935049E-003  8.637113965959439E-003  8.637117404114325E-003
  8.637120849927911E-003  8.637124526743077E-003  8.637128423764077E-003
  8.637132294713173E-003  8.637136411563939E-003  8.637140606156302E-003
  8.637144977584657E-003  8.637149400597234E-003  8.637153802141972E-003
  8.637158424517935E-003  8.637162942056539E-003  8.637167420398032E-003
  8.637171869338718E-003  8.637176261797526E-003  8.637180549733997E-003
  8.637184696238981E-003  8.637188622346196E-003  8.637192359735936E-003
  8.637195993025508E-003  8.637199300866379E-003  8.637202359121880E-003
  8.637205126307468E-003  8.637207583958618E-003  8.637209903281026E-003
  8.637211855426786E-003  8.637213604873240E-003  8.637215012647314E-003
  8.637216316849538E-003  8.637217405060382E-003  8.637218290712930E-003
  8.637219027737033E-003  8.637219732320544E-003  8.637220368159663E-003
  8.637221017367627E-003  8.637221628978129E-003  8.637222366665127E-003
  8.637223084476543E-003  8.637224016677844E-003  8.637225134501096E-003
  8.637226525547588E-003  8.637227967724457E-003  8.637229743554402E-003
  8.637231774927456E-003  8.637234026784544E-003  8.637236508590834E-003
  8.637239275966206E-003  8.637242235986510E-003  8.637245412414223E-003
  8.637248764797590E-003  8.637252229423164E-003  8.637255764589400E-003
  8.637259380844349E-003  8.637263096719923E-003  8.637266696186292E-003
  8.637270242989379E-003  8.637273694644676E-003  8.637276910001431E-003
  8.637279967238952E-003  8.637282776757214E-003  8.637285244734880E-003
  8.637287385814717E-003  8.637289144007151E-003  8.637290514820019E-003
  8.637291607139984E-003  8.637292174622540E-003  8.637292395218626E-003
  8.637292248119219E-003  8.637291782134964E-003  8.637290966528072E-003
  8.637289840051928E-003  8.637288491283859E-003  8.637286931656005E-003
  8.637285084819693E-003  8.637283226760269E-003  8.637281279821357E-003
  8.637279284293052E-003  8.637277433409474E-003  8.637275551605346E-003
  8.637273909380624E-003  8.637272376839207E-003  8.637270897048984E-003
  8.637269755825341E-003  8.637268770379647E-003  8.637268009373948E-003
  8.637267328792607E-003  8.637266808382570E-003  8.637266385685009E-003
  8.637265899189357E-003  8.637265307372707E-003  8.637264435010320E-003
  8.637263111477708E-003  8.637261284923297E-003  8.637258558469543E-003
   1.00017002178131        1.00016353615062        1.00015335254001     
   1.00014189982721        1.00012991116986        1.00011787187204     
   1.00010614024221        1.00009495150233        1.00008444788412     
   1.00007470892311        1.00006577543609        1.00005763423250     
   1.00005025698974        1.00004360428645        1.00003762854113     
   1.00003227870704        1.00002750353845        1.00002325288909     
   1.00001947870884        1.00001613542480        1.00001317971034     
   1.00001057079278        1.00000827213371        1.00000625089640     
   1.00000447759655        1.00000292622488        1.00000157309973     
   1.00000039676058       0.999999377729833       0.999998498556151     
  0.999997743485588       0.999997098264964       0.999996550015108     
  0.999996087078345       0.999995698854724       0.999995375687988     
  0.999995108638890       0.999994889471927       0.999994711314764     
  0.999994568285578       0.999994455394241       0.999994368301050     
  0.999994303398002       0.999994257639864       0.999994228525784     
  0.999994214149685       0.999994213006246       0.999994224083815     
  0.999994246826776       0.999994281199755       0.999994327746547     
  0.999994387628265       0.999994461748135       0.999994546148521     
  0.999994638280965       0.999994736449945       0.999994839413281     
  0.999994946240073       0.999995056171818       0.999995168597389     
  0.999995282917382       0.999995398626346       0.999995515249994     
  0.999995632326755       0.999995749434741       0.999995866247880     
  0.999995982406909       0.999996097639958       0.999996211657450     
  0.999996324246365       0.999996435187878       0.999996544283653     
  0.999996651410960       0.999996756385120       0.999996859084568     
  0.999996959378022       0.999997057183366       0.999997152415507     
  0.999997244981788       0.999997334832983       0.999997421892350     
  0.999997506112345       0.999997587459139       0.999997665894691     
  0.999997741400268       0.999997813984898       0.999997883624852     
  0.999997950376497       0.999998014218897       0.999998075231129     
  0.999998133450357       0.999998188949725       0.999998241810704     
  0.999998292141497       0.999998340004010       0.999998385535190     
  0.999998428843332       0.999998470038384       0.999998509303173     
  0.999998546744724       0.999998582514334       0.999998616725916     
  0.999998649576475       0.999998681176648       0.999998711667108     
  0.999998741170151       0.999998769789616       0.999998797649455     
  0.999998824854718       0.999998851511596       0.999998877664559     
  0.999998903381826       0.999998928720364       0.999998953675783     
  0.999998978274390       0.999999002522948       0.999999026412025     
  0.999999049916558       0.999999072988617       0.999999095534495     
  0.999999117555445       0.999999138989411       0.999999159711151     
  0.999999179721075       0.999999198909330       0.999999217206165     
  0.999999234587917       0.999999250953205       0.999999266298182     
  0.999999280567373       0.999999293757336       0.999999305865909     
  0.999999316874665       0.999999326816196       0.999999335753605     
  0.999999343745234       0.999999350858456       0.999999357182130     
  0.999999362809121       0.999999367842622       0.999999372443171     
  0.999999376659758       0.999999380654593       0.999999384549113     
  0.999999388501657       0.999999392631103       0.999999397011040     
  0.999999401776836       0.999999406991377       0.999999412764948     
  0.999999419148471       0.999999426209903       0.999999433951253     
  0.999999442386720       0.999999451514651       0.999999461303646     
  0.999999471663615       0.999999482547705       0.999999493870310     
  0.999999505502631       0.999999517367386       0.999999529306145     
  0.999999541158231       0.999999552838555       0.999999564171261     
  0.999999575033404       0.999999585271133       0.999999594774986     
  0.999999603463548       0.999999611184120       0.999999617898447     
  0.999999623557476       0.999999628119478       0.999999631564086     
  0.999999633900373       0.999999635164212       0.999999635430597     
  0.999999634777803       0.999999633271194       0.999999631062213     
  0.999999628290308       0.999999625119016       0.999999621725849     
  0.999999618239975       0.999999614869983       0.999999611774241     
  0.999999609156306       0.999999607140105       0.999999605881741     
  0.999999605526064       0.999999606190702       0.999999607944419     
  0.999999610854665       0.999999614948539       0.999999620253787     
  0.999999626728465       0.999999634360166       0.999999643042168     
  0.999999652659184       0.999999663052178       0.999999674118671     
  0.999999685650698       0.999999697453078       0.999999709332814     
  0.999999721086657       0.999999732488712       0.999999743341062     
  0.999999753439150       0.999999762595144       0.999999770648814     
  0.999999777462885       0.999999782908259       0.999999786864331     
  0.999999789297679       0.999999790172972       0.999999789488193     
  0.999999787308174       0.999999783693620       0.999999778756124     
  0.999999772659286       0.999999765581696       0.999999757737913     
  0.999999749359458       0.999999740656763       0.999999731931141     
  0.999999723433576       0.999999715425548       0.999999708154249     
  0.999999701874878       0.999999696824115       0.999999693200770     
  0.999999691187977       0.999999690977533       0.999999692652025     
  0.999999696298158       0.999999701966148       0.999999709619261     
  0.999999719252647       0.999999730749687       0.999999744012780     
  0.999999758939239       0.999999775311730       0.999999792953180     
  0.999999811649826       0.999999831222204       0.999999851456198     
  0.999999872152673       0.999999893163202       0.999999914353187     
  0.999999935645243       0.999999957013568       0.999999978438164     
   1.51100018472042        1.51141766887474        1.51126178170554     
   1.51108881022512        1.51092937743163        1.51077938509179     
   1.51064245069268        1.51052037981130        1.51041187368071     
   1.51031323137788        1.51022995286067        1.51015833406648     
   1.51009627812751        1.51004273239335        1.50999657582957     
   1.50995666885230        1.50992214097365        1.50989223889281     
   1.50986635726049        1.50984418314689        1.50982648830825     
   1.50981139173610        1.50979855304738        1.50978769268572     
   1.50977843402412        1.50977066760494        1.50976424983820     
   1.50975905670711        1.50975490774575        1.50975168015725     
   1.50974926909421        1.50974756974239        1.50974649213638     
   1.50974595942269        1.50974589685143        1.50974626658364     
   1.50974764050695        1.50974922853778        1.50975096024870     
   1.50975280545898        1.50975476897014        1.50975680538100     
   1.50975890414097        1.50976104650217        1.50976319723246     
   1.50976537592668        1.50976759961513        1.50976993059797     
   1.50977254690347        1.50977619934225        1.50976555893229     
   1.50977011951666        1.50977320655439        1.50977563455497     
   1.50977767384474        1.50977947802560        1.50978111904289     
   1.50978264409692        1.50978407608109        1.50978544477366     
   1.50978675440523        1.50978801355427        1.50978923033746     
   1.50979040546016        1.50979152878202        1.50979261531917     
   1.50979365265389        1.50979465227367        1.50979560565463     
   1.50979651877391        1.50979739364881        1.50979822033150     
   1.50979901564645        1.50979977207429        1.50980049519439     
   1.50980117880521        1.50980182935916        1.50980245065905     
   1.50980303678130        1.50980359699526        1.50980412883543     
   1.50980463260288        1.50980511229087        1.50980556587383     
   1.50980599243702        1.50980640074586        1.50980677804914     
   1.50980714124938        1.50980747543651        1.50980779093177     
   1.50980808242272        1.50980835151550        1.50980859608443     
   1.50980882695275        1.50980903039131        1.50980921548719     
   1.50980938243388        1.50980951905968        1.50980964194855     
   1.50980974207957        1.50980982884475        1.50980988581556     
   1.50980993074115        1.50980995602401        1.50980996718021     
   1.50980996513450        1.50980994692888        1.50980991416202     
   1.50980986643380        1.50980981327435        1.50980975008886     
   1.50980967674134        1.50980960427024        1.50980952408928     
   1.50980944004762        1.50980935286277        1.50980926486211     
   1.50980917954449        1.50980910501718        1.50980902045825     
   1.50980893983218        1.50980887451309        1.50980880096948     
   1.50980873995634        1.50980868330025        1.50980862479875     
   1.50980858018528        1.50980853106943        1.50980848980038     
   1.50980844738229        1.50980840477257        1.50980836768010     
   1.50980832900031        1.50980828358489        1.50980823553516     
   1.50980818350285        1.50980812543857        1.50980806133199     
   1.50980799119051        1.50980790521107        1.50980782510118     
   1.50980772832599        1.50980762373151        1.50980750516386     
   1.50980737877257        1.50980725081329        1.50980710985599     
   1.50980696868199        1.50980681459366        1.50980665912878     
   1.50980649688449        1.50980633770817        1.50980617643266     
   1.50980601374423        1.50980585443248        1.50980570600075     
   1.50980555839403        1.50980541783815        1.50980529041918     
   1.50980516449212        1.50980505564286        1.50980496232960     
   1.50980487079763        1.50980479754053        1.50980473271211     
   1.50980468427412        1.50980464358707        1.50980460853371     
   1.50980459267213        1.50980457740760        1.50980456696982     
   1.50980456321662        1.50980456360043        1.50980456554614     
   1.50980456510285        1.50980456013143        1.50980455198575     
   1.50980454440983        1.50980452275732        1.50980449290840     
   1.50980445060914        1.50980439514777        1.50980433540532     
   1.50980425645121        1.50980416921609        1.50980406261209     
   1.50980395147774        1.50980382691732        1.50980369073883     
   1.50980354578613        1.50980339697040        1.50980324259662     
   1.50980308634559        1.50980292567871        1.50980277097052     
   1.50980261233361        1.50980246478992        1.50980232655370     
   1.50980220243339        1.50980208114229        1.50980197925581     
   1.50980189362293        1.50980182245905        1.50980176690227     
   1.50980173054943        1.50980170952386        1.50980170557781     
   1.50980171833074        1.50980174463525        1.50980178212255     
   1.50980183152088        1.50980189533317        1.50980196056306     
   1.50980203094092        1.50980210561472        1.50980217457213     
   1.50980224351728        1.50980230632975        1.50980235635854     
   1.50980239503329        1.50980241818999        1.50980242503841     
   1.50980242046311        1.50980238875847        1.50980234074284     
   1.50980227413732        1.50980218997552        1.50980208529925     
   1.50980196253843        1.50980182589999        1.50980167507127     
   1.50980150444216        1.50980133246883        1.50980115153722     
   1.50980096525625        1.50980078577734        1.50980060299138     
   1.50980043424940        1.50980027081390        1.50980011218748     
   1.50979997713897        1.50979985631048        1.50979975455954     
   1.50979966652131        1.50979959866937        1.50979954998415     
   1.50979951287572        1.50979948765470        1.50979946444737     
   1.50979943560569        1.50979939586527        1.50979930670818     
  0.684942323337486       0.684798104407057       0.684343930745255     
  0.684011141733212       0.683749713290913       0.683517161953449     
  0.683302190838940       0.683101899819302       0.682914315967445     
  0.682736230717009       0.682575552545924       0.682429616002711     
  0.682297111709340       0.682177585455414       0.682070203448027     
  0.681973881766912       0.681887664893123       0.681810618616101     
  0.681741906775000       0.681681296696952       0.681634982090205     
  0.681593841208192       0.681557335193499       0.681524984438983     
  0.681496251656496       0.681470823061553       0.681448383885971     
  0.681428651012424       0.681411318390185       0.681396136217655     
  0.681382884576741       0.681371354756709       0.681361361940867     
  0.681352742050324       0.681345342882691       0.681339046838435     
  0.681335247012585       0.681332141448075       0.681329538072005     
  0.681327369493056       0.681325594857469       0.681324149032474     
  0.681322992897656       0.681322085509174       0.681321381485408     
  0.681320868909242       0.681320536215492       0.681320400389710     
  0.681320587672198       0.681321503408447       0.681313487141592     
  0.681315211550986       0.681316441134918       0.681317461006768     
  0.681318361359430       0.681319189946055       0.681319967138580     
  0.681320706053054       0.681321412037823       0.681322094755737     
  0.681322754805090       0.681323395141587       0.681324018960544     
  0.681324626820290       0.681325214742139       0.681325788520182     
  0.681326343615834       0.681326884316829       0.681327407258580     
  0.681327914691860       0.681328407322155       0.681328881078035     
  0.681329342298774       0.681329787972299       0.681330220076320     
  0.681330636032977       0.681331037864545       0.681331426960443     
  0.681331800870944       0.681332162872137       0.681332511791658     
  0.681332847478308       0.681333171226621       0.681333482168513     
  0.681333779491561       0.681334066480854       0.681334337958065     
  0.681334600362789       0.681334847656432       0.681335083649529     
  0.681335306311943       0.681335516108138       0.681335712028993     
  0.681335898364264       0.681336069953499       0.681336230178613     
  0.681336379424261       0.681336512966032       0.681336637293814     
  0.681336749307005       0.681336852799510       0.681336941657673     
  0.681337022898144       0.681337094116385       0.681337157512827     
  0.681337214020004       0.681337262617239       0.681337304309485     
  0.681337339071830       0.681337371038467       0.681337398608112     
  0.681337421949987       0.681337445533150       0.681337466353992     
  0.681337485823130       0.681337504350167       0.681337522825733     
  0.681337542618693       0.681337566944418       0.681337587725160     
  0.681337609883481       0.681337637899522       0.681337662363063     
  0.681337691098555       0.681337720947025       0.681337748946621     
  0.681337781023211       0.681337809908192       0.681337839987463     
  0.681337867628035       0.681337892986640       0.681337918086844     
  0.681337939986116       0.681337956587270       0.681337969227368     
  0.681337977537620       0.681337980720569       0.681337978880176     
  0.681337972100294       0.681337956593776       0.681337941120562     
  0.681337917425979       0.681337889003977       0.681337853634998     
  0.681337814070752       0.681337773401165       0.681337727403117     
  0.681337681378230       0.681337630933759       0.681337580652267     
  0.681337528765419       0.681337479470811       0.681337431134721     
  0.681337384169887       0.681337340449875       0.681337303235789     
  0.681337268658344       0.681337238933833       0.681337216519819     
  0.681337196722384       0.681337185264820       0.681337181596965     
  0.681337179861131       0.681337186167830       0.681337196410555     
  0.681337213162504       0.681337232781965       0.681337253724551     
  0.681337281136391       0.681337307305275       0.681337333337582     
  0.681337359550544       0.681337384821479       0.681337407844497     
  0.681337427014729       0.681337441043789       0.681337450368010     
  0.681337456695417       0.681337454404957       0.681337445676454     
  0.681337429134653       0.681337404680829       0.681337376279153     
  0.681337338549049       0.681337295944477       0.681337244786590     
  0.681337191276169       0.681337132718643       0.681337070085995     
  0.681337004950897       0.681336939955559       0.681336874867915     
  0.681336811614611       0.681336749476814       0.681336692759896     
  0.681336637905815       0.681336590868637       0.681336551176959     
  0.681336520813529       0.681336494982691       0.681336480038905     
  0.681336474504993       0.681336477318516       0.681336488489443     
  0.681336509008817       0.681336536762851       0.681336571857207     
  0.681336613435314       0.681336659607006       0.681336708847453     
  0.681336760892778       0.681336816151264       0.681336869025117     
  0.681336920427528       0.681336969566256       0.681337012280931     
  0.681337050454730       0.681337081665930       0.681337103277487     
  0.681337115804896       0.681337117790393       0.681337109197150     
  0.681337092519949       0.681337062047975       0.681337022420824     
  0.681336973470048       0.681336916456401       0.681336850986274     
  0.681336778675090       0.681336702035403       0.681336621796667     
  0.681336536472973       0.681336453871047       0.681336372045341     
  0.681336292849104       0.681336221605897       0.681336154789288     
  0.681336099476992       0.681336052683702       0.681336013983273     
  0.681335990756924       0.681335979359748       0.681335981521654     
  0.681335994656077       0.681336020940243       0.681336059585817     
  0.681336107121988       0.681336163087233       0.681336223263600     
  0.681336284039992       0.681336343224358       0.681336386375535     
 -4.115699615928367E-003 -9.888889142316405E-004 -9.280875725067443E-004
 -8.503158611988130E-004 -7.722690581614484E-004 -6.939482025354344E-004
 -6.186239934903589E-004 -5.483527188899308E-004 -4.834200988942125E-004
 -4.227300582581579E-004 -3.693713455528898E-004 -3.219188015564822E-004
 -2.795862237550729E-004 -2.419987720212008E-004 -2.086886190447442E-004
 -1.791364064723329E-004 -1.529228824384720E-004 -1.296674305660554E-004
 -1.090497970156449E-004 -9.088068246612215E-005 -7.543123156442028E-005
 -6.181995521276476E-005 -4.983229929204557E-005 -3.928622262931268E-005
 -2.995720222281027E-005 -2.175307205990193E-005 -1.456942473627592E-005
 -8.314627692800327E-006 -2.872882726440341E-006  1.841372206603213E-006
  5.902484647613301E-006  9.382336594290074E-006  1.234373759902196E-005
  1.484094000695970E-005  1.692517248481844E-005  1.862803739520160E-005
  1.972057012683362E-005  2.056304547813682E-005  2.120275285719126E-005
  2.166817796536674E-005  2.196896129873688E-005  2.213724538170800E-005
  2.218746684638655E-005  2.213710773428457E-005  2.201128055285619E-005
  2.180849147761122E-005  2.152953259477679E-005  2.115485573432404E-005
  2.061579234654821E-005  1.959879850708141E-005  2.464551063099353E-005
  2.320551002892807E-005  2.231087296787289E-005  2.163458659125789E-005
  2.107442242349921E-005  2.057241121214554E-005  2.010354499339587E-005
  1.965139338123833E-005  1.920964172639067E-005  1.876691560383516E-005
  1.832405590579990E-005  1.787895611057437E-005  1.742943507359845E-005
  1.697688090913934E-005  1.652809144497083E-005  1.607703695044185E-005
  1.563127867764811E-005  1.518648663740307E-005  1.474829477389786E-005
  1.431481452716396E-005  1.388621520624531E-005  1.346866194845348E-005
  1.305461136070711E-005  1.264888730251467E-005  1.224955475700909E-005
  1.186058899366671E-005  1.147967061313082E-005  1.110554385916089E-005
  1.074185509739290E-005  1.038467440042551E-005  1.003587594572272E-005
  9.695883023365019E-006  9.363266005509960E-006  9.039497820978716E-006
  8.725634810845777E-006  8.417678223126241E-006  8.122517920202960E-006
  7.831892982246175E-006  7.553877935442610E-006  7.283515257779577E-006
  7.023737818004658E-006  6.774094612030217E-006  6.535958948404828E-006
  6.304037138877197E-006  6.085398663178703E-006  5.875718874677844E-006
  5.675001313335491E-006  5.489593582134613E-006  5.311241850108856E-006
  5.144487136054524E-006  4.984779502789898E-006  4.840463960985376E-006
  4.702619569064241E-006  4.575037069574535E-006  4.455121752882909E-006
  4.342244759595525E-006  4.238063646258359E-006  4.141678225776150E-006
  4.053352599838690E-006  3.968149689229902E-006  3.888548316211315E-006
  3.814541302602493E-006  3.740568886991457E-006  3.670906865159388E-006
  3.603767803449098E-006  3.538711721536780E-006  3.474618390303242E-006
  3.409735485403194E-006  3.340025940774799E-006  3.275981550494446E-006
  3.210720298067140E-006  3.138473402340666E-006  3.071329156138902E-006
  2.998699338252045E-006  2.924750893327211E-006  2.852855556319703E-006
  2.775057455595006E-006  2.700724982484264E-006  2.623708600281904E-006
  2.548592478833954E-006  2.474899370478512E-006  2.399849534533703E-006
  2.327153753494416E-006  2.259354194424038E-006  2.194492500370025E-006
  2.133142892500848E-006  2.076368214154744E-006  2.024131708458056E-006
  1.976442451095600E-006  1.938247888110752E-006  1.898426058144783E-006
  1.868314437598334E-006  1.843420898294356E-006  1.826870652031057E-006
  1.815389148469653E-006  1.805582860262994E-006  1.803316594767447E-006
  1.801993746394568E-006  1.807861892448468E-006  1.815133325750931E-006
  1.826474889478234E-006  1.836745189780947E-006  1.848475187225539E-006
  1.861265962675315E-006  1.872729396127464E-006  1.878907108302846E-006
  1.884947505141783E-006  1.887739939936753E-006  1.884142358460925E-006
  1.880098566806924E-006  1.867808179853031E-006  1.847982915262808E-006
  1.827776918168730E-006  1.798794166673374E-006  1.766119910786253E-006
  1.725880737875937E-006  1.682471880784410E-006  1.637196096654816E-006
  1.583088183687939E-006  1.529806547980708E-006  1.475237591920730E-006
  1.418569991218926E-006  1.361054791379701E-006  1.304119355025978E-006
  1.249682251465720E-006  1.199046996456718E-006  1.151492880462668E-006
  1.105022320641521E-006  1.067049582398226E-006  1.034682459722777E-006
  1.009944832900266E-006  9.931559152576712E-007  9.796318588385997E-007
  9.769040677442020E-007  9.794372398491348E-007  9.925867282231715E-007
  1.008752321117186E-006  1.032232656724411E-006  1.062154037835509E-006
  1.096967074552436E-006  1.133884715876252E-006  1.173758706418149E-006
  1.214524501928156E-006  1.257459838397170E-006  1.297295558321502E-006
  1.338913069697072E-006  1.374629554117725E-006  1.405319553774955E-006
  1.428504313520836E-006  1.450097701837321E-006  1.461602958527149E-006
  1.464787341836640E-006  1.460596476262171E-006  1.448546240541025E-006
  1.426846024536794E-006  1.397662733148799E-006  1.360202272779665E-006
  1.314922722462455E-006  1.263538257248294E-006  1.207369319135424E-006
  1.146093820837174E-006  1.078620239799688E-006  1.011708852273586E-006
  9.435195551700255E-007  8.747108528968091E-007  8.103329206516238E-007
  7.476252491314974E-007  6.897056995457734E-007  6.399581439104725E-007
  5.977035289572943E-007  5.650075773070220E-007  5.422392448144823E-007
  5.267137324354738E-007  5.264103056995757E-007  5.357701577741426E-007
  5.557809071787692E-007  5.857256349717630E-007  6.269912623199563E-007
  6.782804569467997E-007  7.372814911054819E-007  8.040041982380668E-007
  8.811768090395459E-007  9.594405124363667E-007  1.042384437550857E-006
  1.128226359680906E-006  1.210795452338384E-006  1.295314639296240E-006
  1.373018636440304E-006  1.448358656221105E-006  1.521906711847134E-006
  1.584288822143848E-006  1.640581793136416E-006  1.688579907657427E-006
  1.731507621641134E-006  1.766443958372979E-006  1.794436031859903E-006
  1.819901939348899E-006  1.843268176144749E-006  1.870007638847246E-006
  1.904611839916994E-006  1.949857896313281E-006  2.024352685605811E-006
