          1.328454
          1.328511
          1.328451
          1.328398
          1.328355
          1.328318
          1.328286
          1.328259
          1.328236
          1.328215
          1.328198
          1.328183
          1.328170
          1.328159
          1.328149
          1.328141
          1.328133
          1.328127
          1.328121
          1.328116
          1.328111
          1.328107
          1.328103
          1.328100
          1.328098
          1.328095
          1.328093
          1.328091
          1.328090
          1.328088
          1.328087
          1.328086
          1.328085
          1.328085
          1.328084
          1.328084
          1.328084
          1.328083
          1.328083
          1.328083
          1.328083
          1.328083
          1.328083
          1.328083
          1.328083
          1.328083
          1.328083
          1.328084
          1.328084
          1.328084
          1.328085
          1.328084
          1.328084
          1.328084
          1.328084
          1.328083
          1.328083
          1.328083
          1.328083
          1.328083
          1.328083
          1.328082
          1.328082
          1.328082
          1.328082
          1.328082
          1.328082
          1.328082
          1.328082
          1.328082
          1.328081
          1.328081
          1.328081
          1.328081
          1.328081
          1.328081
          1.328081
          1.328081
          1.328080
          1.328080
          1.328080
          1.328080
          1.328080
          1.328080
          1.328080
          1.328080
          1.328080
          1.328079
          1.328079
          1.328079
          1.328079
          1.328079
          1.328079
          1.328079
          1.328078
          1.328078
          1.328078
          1.328078
          1.328078
          1.328078
          1.328078
          1.328077
          1.328077
          1.328077
          1.328077
          1.328077
          1.328077
          1.328076
          1.328076
          1.328076
          1.328076
          1.328076
          1.328076
          1.328075
          1.328075
          1.328075
          1.328075
          1.328075
          1.328075
          1.328074
          1.328074
          1.328074
          1.328074
          1.328074
          1.328074
          1.328074
          1.328074
          1.328073
          1.328073
          1.328073
          1.328073
          1.328073
          1.328073
          1.328073
          1.328073
          1.328073
          1.328072
          1.328072
          1.328072
          1.328072
          1.328072
          1.328072
          1.328072
          1.328072
          1.328071
          1.328071
          1.328071
          1.328071
          1.328071
          1.328071
          1.328071
          1.328071
          1.328070
          1.328070
          1.328070
          1.328070
          1.328070
          1.328070
          1.328070
          1.328070
          1.328070
          1.328069
          1.328069
          1.328069
          1.328069
          1.328069
          1.328069
          1.328069
          1.328069
          1.328069
          1.328069
          1.328069
          1.328069
          1.328069
          1.328069
          1.328069
          1.328068
          1.328068
          1.328068
          1.328068
          1.328068
          1.328068
          1.328068
          1.328068
          1.328068
          1.328068
          1.328068
          1.328068
          1.328068
          1.328067
          1.328067
          1.328067
          1.328067
          1.328067
          1.328067
          1.328067
          1.328067
          1.328067
          1.328067
          1.328067
          1.328066
          1.328066
          1.328066
          1.328066
          1.328066
          1.328066
          1.328066
          1.328066
          1.328066
          1.328066
          1.328066
          1.328066
          1.328066
          1.328066
          1.328066
          1.328066
          1.328066
          1.328066
          1.328066
          1.328066
          1.328066
          1.328066
          1.328066
          1.328066
          1.328066
          1.328066
          1.328066
          1.328066
          1.328066
          1.328066
          1.328066
          1.328065
          1.328065
          1.328065
          1.328065
          1.328065
          1.328065
          1.328065
          1.328065
          1.328065
          1.328065
          1.328065
          1.328065
          1.328065
          1.328065
          1.328065
          1.328065
          1.328065
          1.328065
          1.328065
          1.328065
          1.328065
