         12.775457
         12.772329
         12.772605
         12.772807
         12.772983
         12.773150
         12.773310
         12.773465
         12.773612
         12.773751
         12.773880
         12.773999
         12.774108
         12.774208
         12.774298
         12.774379
         12.774453
         12.774519
         12.774579
         12.774633
         12.774682
         12.774726
         12.774765
         12.774801
         12.774833
         12.774862
         12.774889
         12.774913
         12.774935
         12.774955
         12.774973
         12.774989
         12.775004
         12.775018
         12.775031
         12.775043
         12.775054
         12.775064
         12.775074
         12.775083
         12.775091
         12.775099
         12.775106
         12.775113
         12.775120
         12.775126
         12.775132
         12.775138
         12.775143
         12.775149
         12.775154
         12.775159
         12.775164
         12.775169
         12.775173
         12.775178
         12.775182
         12.775187
         12.775191
         12.775195
         12.775199
         12.775204
         12.775208
         12.775212
         12.775216
         12.775220
         12.775223
         12.775227
         12.775231
         12.775235
         12.775238
         12.775242
         12.775246
         12.775249
         12.775253
         12.775256
         12.775259
         12.775263
         12.775266
         12.775269
         12.775272
         12.775276
         12.775279
         12.775282
         12.775285
         12.775288
         12.775291
         12.775294
         12.775297
         12.775299
         12.775302
         12.775305
         12.775308
         12.775310
         12.775313
         12.775316
         12.775318
         12.775321
         12.775323
         12.775326
         12.775328
         12.775331
         12.775333
         12.775336
         12.775338
         12.775340
         12.775342
         12.775345
         12.775347
         12.775349
         12.775351
         12.775353
         12.775355
         12.775357
         12.775359
         12.775361
         12.775363
         12.775365
         12.775367
         12.775368
         12.775370
         12.775372
         12.775373
         12.775375
         12.775377
         12.775378
         12.775380
         12.775381
         12.775383
         12.775384
         12.775386
         12.775387
         12.775388
         12.775390
         12.775391
         12.775393
         12.775394
         12.775395
         12.775397
         12.775398
         12.775399
         12.775401
         12.775402
         12.775403
         12.775405
         12.775406
         12.775407
         12.775408
         12.775409
         12.775411
         12.775412
         12.775413
         12.775414
         12.775415
         12.775416
         12.775417
         12.775418
         12.775419
         12.775420
         12.775420
         12.775421
         12.775422
         12.775423
         12.775423
         12.775424
         12.775425
         12.775425
         12.775426
         12.775427
         12.775427
         12.775428
         12.775429
         12.775429
         12.775430
         12.775431
         12.775431
         12.775432
         12.775433
         12.775434
         12.775434
         12.775435
         12.775436
         12.775437
         12.775437
         12.775438
         12.775439
         12.775440
         12.775441
         12.775441
         12.775442
         12.775443
         12.775443
         12.775444
         12.775445
         12.775445
         12.775446
         12.775446
         12.775446
         12.775447
         12.775447
         12.775447
         12.775447
         12.775448
         12.775448
         12.775448
         12.775448
         12.775448
         12.775448
         12.775448
         12.775448
         12.775448
         12.775449
         12.775449
         12.775449
         12.775449
         12.775450
         12.775450
         12.775450
         12.775451
         12.775451
         12.775452
         12.775453
         12.775453
         12.775454
         12.775455
         12.775455
         12.775456
         12.775457
         12.775458
         12.775458
         12.775459
         12.775459
         12.775460
         12.775460
         12.775461
         12.775461
         12.775461
         12.775461
         12.775461
         12.775461
         12.775461
         12.775461
         12.775461
         12.775460
         12.775460
         12.775459
         12.775459
         12.775459
         12.775458
         12.775458
         12.775458
         12.775457
         12.775457
