          0.587001
          0.587070
          0.587129
          0.587178
          0.587220
          0.587258
          0.587294
          0.587328
          0.587360
          0.587390
          0.587417
          0.587443
          0.587467
          0.587489
          0.587510
          0.587529
          0.587547
          0.587563
          0.587579
          0.587593
          0.587606
          0.587618
          0.587629
          0.587639
          0.587649
          0.587658
          0.587666
          0.587674
          0.587681
          0.587687
          0.587693
          0.587699
          0.587704
          0.587709
          0.587713
          0.587718
          0.587722
          0.587725
          0.587729
          0.587732
          0.587735
          0.587737
          0.587740
          0.587742
          0.587744
          0.587746
          0.587748
          0.587750
          0.587752
          0.587753
          0.587755
          0.587756
          0.587757
          0.587759
          0.587760
          0.587761
          0.587762
          0.587763
          0.587764
          0.587764
          0.587765
          0.587766
          0.587766
          0.587767
          0.587768
          0.587768
          0.587769
          0.587769
          0.587770
          0.587770
          0.587771
          0.587771
          0.587771
          0.587772
          0.587772
          0.587772
          0.587773
          0.587773
          0.587773
          0.587773
          0.587774
          0.587774
          0.587774
          0.587774
          0.587774
          0.587775
          0.587775
          0.587775
          0.587775
          0.587775
          0.587776
          0.587776
          0.587776
          0.587776
          0.587776
          0.587776
          0.587776
          0.587776
          0.587777
          0.587777
          0.587777
          0.587777
          0.587777
          0.587777
          0.587777
          0.587777
          0.587777
          0.587778
          0.587778
          0.587778
          0.587778
          0.587778
          0.587778
          0.587778
          0.587778
          0.587778
          0.587778
          0.587778
          0.587778
          0.587778
          0.587779
          0.587779
          0.587779
          0.587779
          0.587779
          0.587779
          0.587779
          0.587779
          0.587779
          0.587779
          0.587779
          0.587779
          0.587779
          0.587779
          0.587779
          0.587779
          0.587779
          0.587779
          0.587780
          0.587780
          0.587780
          0.587780
          0.587780
          0.587780
          0.587780
          0.587780
          0.587780
          0.587780
          0.587780
          0.587780
          0.587780
          0.587780
          0.587780
          0.587780
          0.587780
          0.587780
          0.587780
          0.587780
          0.587780
          0.587780
          0.587780
          0.587780
          0.587780
          0.587780
          0.587780
          0.587780
          0.587780
          0.587781
          0.587781
          0.587781
          0.587781
          0.587781
          0.587781
          0.587781
          0.587781
          0.587781
          0.587781
          0.587781
          0.587781
          0.587781
          0.587781
          0.587781
          0.587781
          0.587781
          0.587781
          0.587781
          0.587781
          0.587781
          0.587781
          0.587781
          0.587781
          0.587781
          0.587781
          0.587781
          0.587781
          0.587781
          0.587781
          0.587781
          0.587781
          0.587781
          0.587781
          0.587781
          0.587781
          0.587781
          0.587781
          0.587781
          0.587781
          0.587781
          0.587781
          0.587781
          0.587781
          0.587781
          0.587781
          0.587781
          0.587781
          0.587781
          0.587781
          0.587781
          0.587781
          0.587781
          0.587781
          0.587781
          0.587782
          0.587782
          0.587782
          0.587782
          0.587782
          0.587782
          0.587782
          0.587782
          0.587782
          0.587782
          0.587782
          0.587782
          0.587782
          0.587782
          0.587782
          0.587782
          0.587782
          0.587782
          0.587782
          0.587782
          0.587782
          0.587782
          0.587782
          0.587781
          0.587781
          0.587781
          0.587781
          0.587781
          0.587781
          0.587781
