          1.268892
          1.269701
          1.269782
          1.269766
          1.269709
          1.269639
          1.269568
          1.269502
          1.269441
          1.269387
          1.269339
          1.269296
          1.269257
          1.269223
          1.269192
          1.269164
          1.269139
          1.269117
          1.269096
          1.269078
          1.269061
          1.269046
          1.269032
          1.269019
          1.269008
          1.268997
          1.268988
          1.268980
          1.268972
          1.268965
          1.268958
          1.268953
          1.268947
          1.268942
          1.268938
          1.268934
          1.268930
          1.268927
          1.268924
          1.268921
          1.268919
          1.268917
          1.268915
          1.268913
          1.268911
          1.268909
          1.268908
          1.268907
          1.268905
          1.268904
          1.268903
          1.268902
          1.268901
          1.268901
          1.268900
          1.268899
          1.268899
          1.268898
          1.268898
          1.268897
          1.268897
          1.268896
          1.268896
          1.268896
          1.268895
          1.268895
          1.268895
          1.268895
          1.268895
          1.268894
          1.268894
          1.268894
          1.268894
          1.268894
          1.268894
          1.268894
          1.268893
          1.268893
          1.268893
          1.268893
          1.268893
          1.268893
          1.268893
          1.268893
          1.268893
          1.268893
          1.268893
          1.268893
          1.268893
          1.268893
          1.268893
          1.268893
          1.268893
          1.268893
          1.268893
          1.268893
          1.268892
          1.268892
          1.268892
          1.268892
          1.268892
          1.268892
          1.268892
          1.268892
          1.268892
          1.268892
          1.268892
          1.268892
          1.268892
          1.268892
          1.268892
          1.268892
          1.268892
          1.268892
          1.268892
          1.268892
          1.268892
          1.268892
          1.268892
          1.268892
          1.268892
          1.268892
          1.268892
          1.268892
          1.268892
          1.268892
          1.268892
          1.268892
          1.268892
          1.268892
          1.268892
          1.268892
          1.268892
          1.268892
          1.268892
          1.268892
          1.268892
          1.268892
          1.268892
          1.268892
          1.268892
          1.268892
          1.268892
          1.268892
          1.268892
          1.268892
          1.268892
          1.268892
          1.268892
          1.268892
          1.268892
          1.268892
          1.268892
          1.268892
          1.268892
          1.268892
          1.268892
          1.268892
          1.268892
          1.268892
          1.268892
          1.268892
          1.268892
          1.268892
          1.268892
          1.268892
          1.268892
          1.268892
          1.268892
          1.268892
          1.268892
          1.268892
          1.268892
          1.268892
          1.268892
          1.268892
          1.268892
          1.268892
          1.268892
          1.268892
          1.268892
          1.268892
          1.268892
          1.268892
          1.268892
          1.268892
          1.268892
          1.268892
          1.268892
          1.268892
          1.268892
          1.268892
          1.268892
          1.268892
          1.268892
          1.268892
          1.268892
          1.268892
          1.268892
          1.268892
          1.268892
          1.268892
          1.268892
          1.268892
          1.268892
          1.268893
          1.268893
          1.268893
          1.268893
          1.268892
          1.268892
          1.268892
          1.268892
          1.268892
          1.268892
          1.268892
          1.268892
          1.268892
          1.268892
          1.268892
          1.268892
          1.268892
          1.268892
          1.268892
          1.268892
          1.268892
          1.268892
          1.268892
          1.268892
          1.268892
          1.268892
          1.268892
          1.268892
          1.268892
          1.268892
          1.268892
          1.268892
          1.268892
          1.268892
          1.268892
          1.268893
          1.268893
          1.268893
          1.268893
          1.268893
          1.268893
          1.268893
          1.268893
          1.268893
          1.268893
          1.268893
          1.268893
          1.268893
