         -0.002624
         -0.000600
         -0.000644
         -0.000609
         -0.000547
         -0.000481
         -0.000419
         -0.000363
         -0.000314
         -0.000272
         -0.000235
         -0.000203
         -0.000175
         -0.000151
         -0.000130
         -0.000112
         -0.000096
         -0.000082
         -0.000070
         -0.000060
         -0.000051
         -0.000043
         -0.000036
         -0.000030
         -0.000024
         -0.000020
         -0.000016
         -0.000012
         -0.000009
         -0.000007
         -0.000005
         -0.000003
         -0.000001
         -0.000000
          0.000001
          0.000002
          0.000003
          0.000003
          0.000004
          0.000004
          0.000004
          0.000005
          0.000005
          0.000005
          0.000005
          0.000005
          0.000005
          0.000005
          0.000004
          0.000004
          0.000004
          0.000004
          0.000004
          0.000004
          0.000003
          0.000003
          0.000003
          0.000003
          0.000003
          0.000002
          0.000002
          0.000002
          0.000002
          0.000002
          0.000002
          0.000002
          0.000001
          0.000001
          0.000001
          0.000001
          0.000001
          0.000001
          0.000001
          0.000001
          0.000001
          0.000001
          0.000000
          0.000000
          0.000000
          0.000000
          0.000000
          0.000000
          0.000000
          0.000000
          0.000000
          0.000000
          0.000000
          0.000000
          0.000000
          0.000000
          0.000000
         -0.000000
         -0.000000
         -0.000000
         -0.000000
         -0.000000
         -0.000000
         -0.000000
         -0.000000
         -0.000000
         -0.000000
         -0.000000
         -0.000000
         -0.000000
         -0.000000
         -0.000000
         -0.000000
         -0.000000
         -0.000000
         -0.000000
         -0.000000
         -0.000000
         -0.000000
         -0.000000
         -0.000000
         -0.000000
         -0.000000
         -0.000000
         -0.000000
         -0.000000
         -0.000000
         -0.000000
         -0.000000
         -0.000000
         -0.000000
         -0.000000
         -0.000000
         -0.000000
          0.000000
          0.000000
          0.000000
          0.000000
          0.000000
          0.000000
          0.000000
          0.000000
          0.000000
          0.000000
          0.000000
         -0.000000
         -0.000000
         -0.000000
         -0.000000
         -0.000000
         -0.000000
         -0.000000
         -0.000000
         -0.000000
         -0.000000
         -0.000000
         -0.000000
         -0.000000
         -0.000000
         -0.000000
         -0.000000
         -0.000000
         -0.000000
         -0.000000
          0.000000
          0.000000
          0.000000
          0.000000
          0.000000
          0.000000
          0.000000
          0.000000
          0.000000
          0.000000
          0.000000
          0.000000
          0.000000
          0.000000
          0.000000
          0.000000
          0.000000
          0.000000
          0.000000
          0.000000
          0.000000
          0.000000
          0.000000
          0.000000
          0.000000
          0.000000
          0.000000
         -0.000000
         -0.000000
         -0.000000
         -0.000000
         -0.000000
         -0.000000
         -0.000000
         -0.000000
         -0.000000
         -0.000000
         -0.000000
         -0.000000
         -0.000000
          0.000000
          0.000000
          0.000000
          0.000000
          0.000000
          0.000000
          0.000000
          0.000000
          0.000000
          0.000000
          0.000001
          0.000001
          0.000001
          0.000001
          0.000001
          0.000001
          0.000001
          0.000001
          0.000000
          0.000000
          0.000000
          0.000000
          0.000000
          0.000000
          0.000000
          0.000000
         -0.000000
         -0.000000
         -0.000000
         -0.000000
         -0.000000
         -0.000000
         -0.000000
         -0.000000
         -0.000000
         -0.000000
         -0.000000
         -0.000000
         -0.000000
         -0.000000
         -0.000000
         -0.000000
          0.000000
          0.000000
          0.000000
          0.000000
          0.000000
          0.000001
          0.000001
          0.000001
          0.000001
          0.000001
          0.000001
          0.000001
