          0.270162
          0.270184
          0.270205
          0.270227
          0.270248
          0.270267
          0.270285
          0.270301
          0.270316
          0.270329
          0.270341
          0.270351
          0.270360
          0.270368
          0.270375
          0.270381
          0.270386
          0.270390
          0.270394
          0.270397
          0.270400
          0.270402
          0.270404
          0.270405
          0.270407
          0.270408
          0.270409
          0.270409
          0.270410
          0.270410
          0.270410
          0.270410
          0.270410
          0.270410
          0.270410
          0.270410
          0.270410
          0.270410
          0.270410
          0.270409
          0.270409
          0.270409
          0.270409
          0.270408
          0.270408
          0.270408
          0.270407
          0.270407
          0.270407
          0.270407
          0.270406
          0.270406
          0.270406
          0.270406
          0.270406
          0.270405
          0.270405
          0.270405
          0.270405
          0.270405
          0.270405
          0.270405
          0.270404
          0.270404
          0.270404
          0.270404
          0.270404
          0.270404
          0.270404
          0.270404
          0.270404
          0.270404
          0.270404
          0.270404
          0.270404
          0.270404
          0.270404
          0.270403
          0.270403
          0.270403
          0.270403
          0.270403
          0.270403
          0.270403
          0.270403
          0.270403
          0.270403
          0.270403
          0.270403
          0.270403
          0.270403
          0.270403
          0.270403
          0.270403
          0.270403
          0.270403
          0.270403
          0.270403
          0.270403
          0.270403
          0.270403
          0.270403
          0.270404
          0.270404
          0.270404
          0.270404
          0.270404
          0.270404
          0.270404
          0.270404
          0.270404
          0.270404
          0.270404
          0.270404
          0.270404
          0.270404
          0.270404
          0.270404
          0.270404
          0.270404
          0.270404
          0.270404
          0.270404
          0.270404
          0.270404
          0.270404
          0.270404
          0.270404
          0.270404
          0.270404
          0.270404
          0.270404
          0.270404
          0.270404
          0.270404
          0.270404
          0.270404
          0.270404
          0.270404
          0.270404
          0.270404
          0.270404
          0.270404
          0.270404
          0.270404
          0.270404
          0.270404
          0.270404
          0.270404
          0.270404
          0.270404
          0.270404
          0.270404
          0.270404
          0.270404
          0.270404
          0.270404
          0.270404
          0.270404
          0.270404
          0.270404
          0.270404
          0.270404
          0.270404
          0.270404
          0.270404
          0.270404
          0.270404
          0.270404
          0.270404
          0.270404
          0.270404
          0.270404
          0.270404
          0.270404
          0.270404
          0.270404
          0.270404
          0.270404
          0.270404
          0.270404
          0.270404
          0.270404
          0.270404
          0.270404
          0.270404
          0.270404
          0.270404
          0.270404
          0.270404
          0.270404
          0.270404
          0.270404
          0.270404
          0.270404
          0.270404
          0.270404
          0.270404
          0.270404
          0.270404
          0.270404
          0.270404
          0.270404
          0.270404
          0.270404
          0.270404
          0.270404
          0.270404
          0.270404
          0.270404
          0.270404
          0.270404
          0.270404
          0.270404
          0.270404
          0.270404
          0.270404
          0.270404
          0.270404
          0.270404
          0.270404
          0.270404
          0.270404
          0.270405
          0.270405
          0.270405
          0.270405
          0.270405
          0.270405
          0.270405
          0.270405
          0.270405
          0.270405
          0.270405
          0.270405
          0.270405
          0.270405
          0.270405
          0.270405
          0.270405
          0.270405
          0.270405
          0.270404
          0.270404
          0.270404
          0.270404
          0.270404
          0.270404
          0.270404
          0.270404
          0.270404
          0.270404
