          0.000000
         -0.000001
         -0.000002
         -0.000002
         -0.000002
         -0.000002
         -0.000002
         -0.000001
         -0.000001
         -0.000001
         -0.000001
         -0.000001
         -0.000001
         -0.000001
         -0.000001
         -0.000001
         -0.000001
         -0.000000
         -0.000000
         -0.000000
         -0.000000
         -0.000000
         -0.000000
         -0.000000
         -0.000000
         -0.000000
         -0.000000
         -0.000000
         -0.000000
         -0.000000
         -0.000000
         -0.000000
         -0.000000
         -0.000000
         -0.000000
         -0.000000
         -0.000000
         -0.000000
         -0.000000
         -0.000000
         -0.000000
         -0.000000
         -0.000000
         -0.000000
         -0.000000
         -0.000000
         -0.000000
         -0.000000
         -0.000000
         -0.000000
         -0.000000
         -0.000000
         -0.000000
         -0.000000
         -0.000000
         -0.000000
         -0.000000
         -0.000000
         -0.000000
         -0.000000
          0.000000
          0.000000
          0.000000
          0.000000
          0.000000
          0.000000
          0.000000
          0.000000
          0.000000
          0.000000
          0.000000
          0.000000
          0.000000
          0.000000
          0.000000
          0.000000
          0.000000
          0.000000
          0.000000
          0.000000
          0.000000
          0.000000
          0.000000
          0.000000
          0.000000
          0.000000
          0.000000
          0.000000
          0.000000
          0.000000
          0.000000
          0.000000
          0.000000
          0.000000
          0.000000
          0.000000
          0.000000
          0.000000
          0.000000
          0.000000
          0.000000
          0.000000
          0.000000
          0.000000
          0.000000
          0.000000
          0.000000
          0.000000
          0.000000
          0.000000
          0.000000
          0.000000
          0.000000
          0.000000
          0.000000
          0.000000
          0.000000
          0.000000
          0.000000
          0.000000
          0.000000
          0.000000
          0.000000
          0.000000
          0.000000
          0.000000
          0.000000
          0.000000
          0.000000
          0.000000
          0.000000
          0.000000
          0.000000
          0.000000
          0.000000
          0.000000
          0.000000
          0.000000
          0.000000
          0.000000
          0.000000
          0.000000
          0.000000
          0.000000
          0.000000
          0.000000
          0.000000
          0.000000
          0.000000
          0.000000
          0.000000
          0.000000
          0.000000
          0.000000
          0.000000
          0.000000
          0.000000
          0.000000
          0.000000
          0.000000
          0.000000
          0.000000
          0.000000
          0.000000
          0.000000
          0.000000
          0.000000
          0.000000
          0.000000
          0.000000
          0.000000
          0.000000
          0.000000
          0.000000
          0.000000
          0.000000
          0.000000
          0.000000
          0.000000
          0.000000
          0.000000
          0.000000
          0.000000
          0.000000
          0.000000
          0.000000
          0.000000
          0.000000
          0.000000
          0.000000
          0.000000
          0.000000
          0.000000
          0.000000
          0.000000
          0.000000
          0.000000
          0.000000
          0.000000
          0.000000
          0.000000
          0.000000
          0.000000
          0.000000
          0.000000
          0.000000
          0.000000
          0.000000
          0.000000
          0.000000
          0.000000
          0.000000
          0.000000
          0.000000
          0.000000
          0.000000
          0.000000
          0.000000
          0.000000
          0.000000
          0.000000
          0.000000
          0.000000
          0.000000
          0.000000
          0.000000
          0.000000
          0.000000
          0.000000
          0.000000
          0.000000
          0.000000
          0.000000
          0.000000
          0.000000
          0.000000
          0.000000
          0.000000
          0.000000
          0.000000
          0.000000
          0.000000
          0.000000
          0.000000
          0.000000
          0.000000
          0.000000
          0.000000
          0.000000
          0.000000
          0.000000
          0.000000
          0.000844
          0.000341
          0.000096
         -0.000020
         -0.000072
         -0.000091
         -0.000096
         -0.000093
         -0.000087
         -0.000080
         -0.000073
         -0.000066
         -0.000060
         -0.000054
         -0.000049
         -0.000044
         -0.000039
         -0.000036
         -0.000032
         -0.000029
         -0.000026
         -0.000023
         -0.000021
         -0.000019
         -0.000017
         -0.000015
         -0.000014
         -0.000012
         -0.000011
         -0.000010
         -0.000009
         -0.000008
         -0.000007
         -0.000007
         -0.000006
         -0.000005
         -0.000005
         -0.000004
         -0.000004
         -0.000004
         -0.000003
         -0.000003
         -0.000003
         -0.000002
         -0.000002
         -0.000002
         -0.000002
         -0.000002
         -0.000001
         -0.000001
         -0.000001
         -0.000001
         -0.000001
         -0.000001
         -0.000001
         -0.000001
         -0.000001
         -0.000001
         -0.000000
         -0.000000
         -0.000000
         -0.000000
         -0.000000
         -0.000000
         -0.000000
         -0.000000
         -0.000000
         -0.000000
         -0.000000
         -0.000000
         -0.000000
         -0.000000
         -0.000000
         -0.000000
         -0.000000
         -0.000000
         -0.000000
         -0.000000
         -0.000000
         -0.000000
         -0.000000
         -0.000000
         -0.000000
         -0.000000
         -0.000000
         -0.000000
         -0.000000
         -0.000000
         -0.000000
         -0.000000
         -0.000000
         -0.000000
         -0.000000
         -0.000000
         -0.000000
         -0.000000
         -0.000000
         -0.000000
         -0.000000
         -0.000000
         -0.000000
         -0.000000
         -0.000000
         -0.000000
         -0.000000
         -0.000000
         -0.000000
         -0.000000
         -0.000000
         -0.000000
         -0.000000
         -0.000000
         -0.000000
         -0.000000
         -0.000000
         -0.000000
         -0.000000
         -0.000000
         -0.000000
         -0.000000
         -0.000000
         -0.000000
         -0.000000
          0.000000
          0.000000
         -0.000000
         -0.000000
         -0.000000
         -0.000000
         -0.000000
         -0.000000
         -0.000000
         -0.000000
         -0.000000
         -0.000000
         -0.000000
         -0.000000
         -0.000000
         -0.000000
         -0.000000
         -0.000000
         -0.000000
         -0.000000
          0.000000
         -0.000000
         -0.000000
         -0.000000
         -0.000000
         -0.000000
          0.000000
         -0.000000
         -0.000000
         -0.000000
          0.000000
         -0.000000
          0.000000
         -0.000000
          0.000000
         -0.000000
         -0.000000
         -0.000000
         -0.000000
         -0.000000
         -0.000000
         -0.000000
         -0.000000
         -0.000000
          0.000000
         -0.000000
          0.000000
         -0.000000
         -0.000000
         -0.000000
         -0.000000
         -0.000000
          0.000000
         -0.000000
         -0.000000
         -0.000000
         -0.000000
         -0.000000
         -0.000000
         -0.000000
         -0.000000
         -0.000000
          0.000000
         -0.000000
          0.000000
         -0.000000
         -0.000000
         -0.000000
         -0.000000
          0.000000
         -0.000000
         -0.000000
          0.000000
          0.000000
         -0.000000
         -0.000000
         -0.000000
          0.000000
         -0.000000
         -0.000000
         -0.000000
         -0.000000
         -0.000000
         -0.000000
          0.000000
         -0.000000
         -0.000000
          0.000000
         -0.000000
          0.000000
          0.000000
         -0.000000
         -0.000000
         -0.000000
         -0.000000
         -0.000000
         -0.000000
         -0.000000
         -0.000000
         -0.000000
         -0.000000
         -0.000000
          0.000000
          0.000000
         -0.000000
          0.000000
         -0.000000
         -0.000000
         -0.000000
         -0.000000
         -0.000000
          0.000000
         -0.000000
         -0.000000
         -0.000000
         -0.000000
         -0.000000
          0.000000
         -0.000000
         -0.000000
         -0.000000
          0.000000
          0.000000
         -0.000000
         -0.000000
         -0.000000
         -0.000000
         -0.000000
         -0.000000
         -0.000534
          0.000349
          0.000196
          0.000116
          0.000075
          0.000052
          0.000039
          0.000031
          0.000026
          0.000023
          0.000020
          0.000018
          0.000016
          0.000014
          0.000013
          0.000011
          0.000010
          0.000009
          0.000008
          0.000007
          0.000007
          0.000006
          0.000005
          0.000005
          0.000004
          0.000004
          0.000003
          0.000003
          0.000003
          0.000002
          0.000002
          0.000002
          0.000002
          0.000002
          0.000001
          0.000001
          0.000001
          0.000001
          0.000001
          0.000001
          0.000001
          0.000001
          0.000001
          0.000000
          0.000000
          0.000000
          0.000000
          0.000000
          0.000000
          0.000000
          0.000000
          0.000000
          0.000000
          0.000000
          0.000000
          0.000000
          0.000000
         -0.000000
         -0.000000
         -0.000000
         -0.000000
         -0.000000
         -0.000000
         -0.000000
         -0.000000
         -0.000000
         -0.000000
         -0.000000
         -0.000000
         -0.000000
         -0.000000
         -0.000000
         -0.000000
         -0.000000
         -0.000000
         -0.000000
         -0.000000
         -0.000000
         -0.000000
         -0.000000
         -0.000000
         -0.000000
         -0.000000
         -0.000000
         -0.000000
         -0.000000
         -0.000000
         -0.000000
         -0.000000
         -0.000000
         -0.000000
         -0.000000
         -0.000000
         -0.000000
         -0.000000
         -0.000000
         -0.000000
         -0.000000
         -0.000000
         -0.000000
         -0.000000
         -0.000000
         -0.000000
         -0.000000
         -0.000000
         -0.000000
         -0.000000
         -0.000000
         -0.000000
         -0.000000
         -0.000000
         -0.000000
         -0.000000
         -0.000000
         -0.000000
         -0.000000
         -0.000000
         -0.000000
         -0.000000
         -0.000000
         -0.000000
         -0.000000
         -0.000000
         -0.000000
         -0.000000
         -0.000000
         -0.000000
         -0.000000
         -0.000000
         -0.000000
         -0.000000
         -0.000000
         -0.000000
         -0.000000
         -0.000000
         -0.000000
         -0.000000
         -0.000000
         -0.000000
         -0.000000
         -0.000000
         -0.000000
         -0.000000
         -0.000000
         -0.000000
         -0.000000
         -0.000000
         -0.000000
         -0.000000
         -0.000000
         -0.000000
         -0.000000
         -0.000000
         -0.000000
         -0.000000
         -0.000000
         -0.000000
         -0.000000
         -0.000000
         -0.000000
         -0.000000
         -0.000000
         -0.000000
         -0.000000
         -0.000000
         -0.000000
         -0.000000
         -0.000000
         -0.000000
         -0.000000
         -0.000000
         -0.000000
         -0.000000
         -0.000000
         -0.000000
         -0.000000
         -0.000000
         -0.000000
         -0.000000
         -0.000000
         -0.000000
         -0.000000
         -0.000000
         -0.000000
         -0.000000
         -0.000000
         -0.000000
         -0.000000
         -0.000000
         -0.000000
         -0.000000
         -0.000000
         -0.000000
         -0.000000
         -0.000000
         -0.000000
         -0.000000
         -0.000000
         -0.000000
         -0.000000
         -0.000000
         -0.000000
         -0.000000
         -0.000000
         -0.000000
         -0.000000
         -0.000000
         -0.000000
         -0.000000
         -0.000000
         -0.000000
         -0.000000
         -0.000000
         -0.000000
         -0.000000
         -0.000000
         -0.000000
         -0.000000
         -0.000000
         -0.000000
         -0.000000
         -0.000000
         -0.000000
         -0.000000
         -0.000000
         -0.000000
         -0.000000
         -0.000000
         -0.000000
         -0.000000
         -0.000000
         -0.000000
         -0.000000
         -0.000000
         -0.000000
         -0.000000
         -0.000000
         -0.000000
         -0.000000
         -0.000000
         -0.000000
         -0.000000
         -0.000000
         -0.000000
         -0.000000
         -0.000000
         -0.000000
         -0.000000
         -0.000000
         -0.000000
         -0.000000
         -0.000000
         -0.000634
         -0.000891
         -0.000963
         -0.000948
         -0.000894
         -0.000826
         -0.000754
         -0.000683
         -0.000618
         -0.000557
         -0.000502
         -0.000452
         -0.000407
         -0.000367
         -0.000330
         -0.000297
         -0.000267
         -0.000241
         -0.000217
         -0.000195
         -0.000175
         -0.000158
         -0.000142
         -0.000128
         -0.000115
         -0.000104
         -0.000093
         -0.000084
         -0.000076
         -0.000068
         -0.000061
         -0.000055
         -0.000050
         -0.000045
         -0.000040
         -0.000036
         -0.000032
         -0.000029
         -0.000026
         -0.000024
         -0.000021
         -0.000019
         -0.000017
         -0.000016
         -0.000014
         -0.000013
         -0.000011
         -0.000010
         -0.000009
         -0.000008
         -0.000007
         -0.000007
         -0.000006
         -0.000005
         -0.000005
         -0.000004
         -0.000004
         -0.000004
         -0.000003
         -0.000003
         -0.000003
         -0.000002
         -0.000002
         -0.000002
         -0.000002
         -0.000002
         -0.000001
         -0.000001
         -0.000001
         -0.000001
         -0.000001
         -0.000001
         -0.000001
         -0.000001
         -0.000001
         -0.000001
         -0.000000
         -0.000000
         -0.000000
         -0.000000
         -0.000000
         -0.000000
         -0.000000
         -0.000000
         -0.000000
         -0.000000
         -0.000000
         -0.000000
         -0.000000
         -0.000000
         -0.000000
         -0.000000
         -0.000000
         -0.000000
         -0.000000
         -0.000000
         -0.000000
         -0.000000
         -0.000000
         -0.000000
         -0.000000
         -0.000000
         -0.000000
         -0.000000
         -0.000000
         -0.000000
          0.000000
          0.000000
          0.000000
          0.000000
          0.000000
          0.000000
          0.000000
          0.000000
          0.000000
          0.000000
          0.000000
          0.000000
          0.000000
          0.000000
          0.000000
          0.000000
          0.000000
          0.000000
          0.000000
          0.000000
          0.000000
          0.000000
          0.000000
          0.000000
          0.000000
          0.000000
          0.000000
          0.000000
          0.000000
          0.000000
          0.000000
          0.000000
          0.000000
          0.000000
          0.000000
          0.000000
          0.000000
          0.000000
          0.000000
          0.000000
          0.000000
          0.000000
          0.000000
          0.000000
          0.000000
          0.000000
          0.000000
          0.000000
          0.000000
          0.000000
          0.000000
          0.000000
          0.000000
          0.000000
          0.000000
          0.000000
          0.000000
          0.000000
          0.000000
          0.000000
          0.000000
          0.000000
          0.000000
          0.000000
          0.000000
          0.000000
          0.000000
          0.000000
          0.000000
          0.000000
          0.000000
          0.000000
          0.000000
          0.000000
          0.000000
          0.000000
          0.000000
          0.000000
          0.000000
          0.000000
          0.000000
          0.000000
          0.000000
          0.000000
          0.000000
          0.000000
          0.000000
          0.000000
          0.000000
          0.000000
          0.000000
          0.000000
          0.000000
          0.000000
          0.000000
          0.000000
          0.000000
          0.000000
          0.000000
          0.000000
          0.000000
          0.000000
          0.000000
          0.000000
          0.000000
          0.000000
          0.000000
          0.000000
          0.000000
          0.000000
          0.000000
          0.000000
          0.000000
          0.000000
          0.000000
          0.000000
          0.000000
          0.000000
          0.000000
          0.000000
          0.000000
          0.000000
          0.000000
          0.000000
          0.000000
          0.000000
          0.000000
          0.000000
          0.000000
          0.000000
          0.000000
          0.000000
          0.000000
          0.000000
          0.000000
          0.000000
          0.000000
          0.000000
          0.000000
          0.000000
          0.000000
          0.000000
          0.000000
          0.000000
          0.000000
          0.000000
          0.000000
          0.000017
          0.000024
          0.000026
          0.000025
          0.000024
          0.000022
          0.000020
          0.000018
          0.000016
          0.000015
          0.000013
          0.000012
          0.000011
          0.000010
          0.000009
          0.000008
          0.000007
          0.000006
          0.000006
          0.000005
          0.000005
          0.000004
          0.000004
          0.000003
          0.000003
          0.000003
          0.000002
          0.000002
          0.000002
          0.000002
          0.000002
          0.000001
          0.000001
          0.000001
          0.000001
          0.000001
          0.000001
          0.000001
          0.000001
          0.000001
          0.000000
          0.000000
          0.000000
          0.000000
          0.000000
          0.000000
          0.000000
          0.000000
          0.000000
          0.000000
          0.000000
          0.000000
          0.000000
          0.000000
          0.000000
          0.000000
          0.000000
          0.000000
          0.000000
         -0.000000
         -0.000000
         -0.000000
         -0.000000
         -0.000000
         -0.000000
         -0.000000
         -0.000000
         -0.000000
         -0.000000
         -0.000000
         -0.000000
         -0.000000
         -0.000000
         -0.000000
         -0.000000
         -0.000000
         -0.000000
         -0.000000
         -0.000000
         -0.000000
         -0.000000
         -0.000000
         -0.000000
         -0.000000
         -0.000000
         -0.000000
         -0.000000
         -0.000000
         -0.000000
         -0.000000
         -0.000000
         -0.000000
         -0.000000
         -0.000000
         -0.000000
         -0.000000
         -0.000000
         -0.000000
         -0.000000
         -0.000000
         -0.000000
         -0.000000
         -0.000000
         -0.000000
         -0.000000
         -0.000000
         -0.000000
         -0.000000
         -0.000000
         -0.000000
         -0.000000
         -0.000000
         -0.000000
         -0.000000
         -0.000000
         -0.000000
         -0.000000
         -0.000000
         -0.000000
         -0.000000
         -0.000000
         -0.000000
         -0.000000
         -0.000000
         -0.000000
         -0.000000
         -0.000000
         -0.000000
         -0.000000
         -0.000000
         -0.000000
         -0.000000
         -0.000000
         -0.000000
         -0.000000
         -0.000000
         -0.000000
         -0.000000
         -0.000000
         -0.000000
         -0.000000
         -0.000000
         -0.000000
         -0.000000
         -0.000000
         -0.000000
         -0.000000
         -0.000000
         -0.000000
         -0.000000
         -0.000000
         -0.000000
         -0.000000
         -0.000000
         -0.000000
         -0.000000
         -0.000000
         -0.000000
         -0.000000
         -0.000000
         -0.000000
         -0.000000
         -0.000000
         -0.000000
         -0.000000
         -0.000000
         -0.000000
         -0.000000
         -0.000000
         -0.000000
         -0.000000
         -0.000000
         -0.000000
         -0.000000
         -0.000000
         -0.000000
         -0.000000
         -0.000000
         -0.000000
         -0.000000
         -0.000000
         -0.000000
         -0.000000
         -0.000000
         -0.000000
         -0.000000
         -0.000000
         -0.000000
         -0.000000
         -0.000000
         -0.000000
         -0.000000
         -0.000000
         -0.000000
         -0.000000
         -0.000000
         -0.000000
         -0.000000
         -0.000000
         -0.000000
         -0.000000
         -0.000000
         -0.000000
         -0.000000
         -0.000000
         -0.000000
         -0.000000
         -0.000000
         -0.000000
         -0.000000
         -0.000000
         -0.000000
         -0.000000
         -0.000000
         -0.000000
         -0.000000
         -0.000000
         -0.000000
         -0.000000
         -0.000000
         -0.000000
         -0.000000
         -0.000000
         -0.000000
         -0.000000
         -0.000000
         -0.000000
         -0.000000
         -0.000000
         -0.000000
         -0.000000
         -0.000000
         -0.000000
         -0.000000
         -0.000000
         -0.000000
         -0.000000
         -0.000000
         -0.000000
         -0.000000
         -0.000000
         -0.000000
         -0.000000
         -0.000000
         -0.000000
         -0.000000
         -0.000000
         -0.000000
         -0.000000
         -0.000000
         -0.000000
