         11.506565
         11.506323
         11.506108
         11.505920
         11.505757
         11.505619
         11.505504
         11.505410
         11.505334
         11.505275
         11.505230
         11.505197
         11.505176
         11.505164
         11.505161
         11.505164
         11.505173
         11.505188
         11.505206
         11.505227
         11.505251
         11.505278
         11.505306
         11.505335
         11.505365
         11.505396
         11.505427
         11.505458
         11.505489
         11.505520
         11.505550
         11.505580
         11.505609
         11.505638
         11.505666
         11.505693
         11.505719
         11.505745
         11.505770
         11.505794
         11.505817
         11.505839
         11.505861
         11.505882
         11.505902
         11.505921
         11.505940
         11.505958
         11.505975
         11.505991
         11.506007
         11.506023
         11.506037
         11.506051
         11.506065
         11.506078
         11.506091
         11.506103
         11.506115
         11.506126
         11.506137
         11.506147
         11.506157
         11.506167
         11.506176
         11.506185
         11.506194
         11.506203
         11.506211
         11.506219
         11.506227
         11.506234
         11.506241
         11.506248
         11.506255
         11.506262
         11.506268
         11.506274
         11.506280
         11.506286
         11.506292
         11.506297
         11.506303
         11.506308
         11.506313
         11.506318
         11.506323
         11.506328
         11.506333
         11.506337
         11.506342
         11.506346
         11.506350
         11.506354
         11.506358
         11.506362
         11.506366
         11.506370
         11.506374
         11.506377
         11.506381
         11.506385
         11.506388
         11.506391
         11.506395
         11.506398
         11.506401
         11.506404
         11.506407
         11.506410
         11.506413
         11.506416
         11.506419
         11.506422
         11.506425
         11.506427
         11.506430
         11.506433
         11.506435
         11.506438
         11.506440
         11.506443
         11.506445
         11.506447
         11.506449
         11.506452
         11.506454
         11.506456
         11.506458
         11.506460
         11.506462
         11.506464
         11.506466
         11.506468
         11.506470
         11.506472
         11.506474
         11.506475
         11.506477
         11.506479
         11.506481
         11.506482
         11.506484
         11.506486
         11.506487
         11.506489
         11.506491
         11.506492
         11.506494
         11.506495
         11.506497
         11.506498
         11.506500
         11.506501
         11.506502
         11.506504
         11.506505
         11.506506
         11.506508
         11.506509
         11.506510
         11.506511
         11.506512
         11.506514
         11.506515
         11.506516
         11.506517
         11.506518
         11.506519
         11.506520
         11.506521
         11.506522
         11.506523
         11.506524
         11.506524
         11.506525
         11.506526
         11.506527
         11.506528
         11.506529
         11.506530
         11.506531
         11.506531
         11.506532
         11.506533
         11.506534
         11.506535
         11.506536
         11.506536
         11.506537
         11.506538
         11.506539
         11.506540
         11.506540
         11.506541
         11.506542
         11.506543
         11.506543
         11.506544
         11.506545
         11.506545
         11.506546
         11.506546
         11.506547
         11.506547
         11.506548
         11.506548
         11.506549
         11.506549
         11.506550
         11.506550
         11.506550
         11.506551
         11.506551
         11.506551
         11.506552
         11.506552
         11.506552
         11.506553
         11.506553
         11.506554
         11.506554
         11.506554
         11.506555
         11.506555
         11.506556
         11.506556
         11.506557
         11.506557
         11.506558
         11.506558
         11.506559
         11.506559
         11.506560
         11.506561
         11.506561
         11.506561
         11.506562
         11.506562
         11.506563
         11.506563
         11.506563
         11.506564
         11.506564
         11.506564
         11.506564
         11.506564
         11.506565
         11.506565
         11.506565
         11.506565
         11.506565
         11.506565
