          0.407648
          0.407635
          0.407622
          0.407609
          0.407598
          0.407588
          0.407579
          0.407573
          0.407567
          0.407562
          0.407559
          0.407555
          0.407552
          0.407550
          0.407547
          0.407545
          0.407544
          0.407542
          0.407541
          0.407539
          0.407538
          0.407537
          0.407536
          0.407536
          0.407535
          0.407534
          0.407534
          0.407533
          0.407533
          0.407532
          0.407532
          0.407531
          0.407531
          0.407531
          0.407531
          0.407530
          0.407530
          0.407530
          0.407530
          0.407530
          0.407529
          0.407529
          0.407529
          0.407529
          0.407529
          0.407529
          0.407529
          0.407529
          0.407529
          0.407529
          0.407529
          0.407529
          0.407529
          0.407528
          0.407528
          0.407528
          0.407528
          0.407528
          0.407528
          0.407528
          0.407528
          0.407528
          0.407528
          0.407528
          0.407528
          0.407528
          0.407528
          0.407528
          0.407528
          0.407528
          0.407528
          0.407528
          0.407528
          0.407528
          0.407528
          0.407528
          0.407528
          0.407528
          0.407528
          0.407528
          0.407528
          0.407528
          0.407528
          0.407528
          0.407528
          0.407528
          0.407528
          0.407528
          0.407528
          0.407528
          0.407528
          0.407528
          0.407528
          0.407528
          0.407528
          0.407528
          0.407528
          0.407528
          0.407528
          0.407528
          0.407528
          0.407528
          0.407528
          0.407528
          0.407528
          0.407528
          0.407528
          0.407528
          0.407528
          0.407528
          0.407528
          0.407528
          0.407528
          0.407528
          0.407528
          0.407528
          0.407528
          0.407528
          0.407528
          0.407528
          0.407528
          0.407528
          0.407528
          0.407528
          0.407528
          0.407528
          0.407528
          0.407528
          0.407528
          0.407528
          0.407528
          0.407528
          0.407528
          0.407528
          0.407528
          0.407528
          0.407528
          0.407528
          0.407528
          0.407528
          0.407528
          0.407528
          0.407528
          0.407528
          0.407528
          0.407528
          0.407528
          0.407528
          0.407528
          0.407528
          0.407528
          0.407528
          0.407528
          0.407528
          0.407528
          0.407528
          0.407528
          0.407528
          0.407528
          0.407528
          0.407528
          0.407528
          0.407528
          0.407528
          0.407528
          0.407528
          0.407527
          0.407527
          0.407527
          0.407527
          0.407527
          0.407527
          0.407527
          0.407527
          0.407527
          0.407527
          0.407527
          0.407527
          0.407527
          0.407527
          0.407528
          0.407528
          0.407528
          0.407528
          0.407528
          0.407528
          0.407528
          0.407528
          0.407528
          0.407528
          0.407528
          0.407528
          0.407528
          0.407528
          0.407528
          0.407528
          0.407528
          0.407528
          0.407527
          0.407527
          0.407527
          0.407527
          0.407527
          0.407527
          0.407527
          0.407527
          0.407527
          0.407527
          0.407527
          0.407527
          0.407527
          0.407527
          0.407527
          0.407527
          0.407527
          0.407527
          0.407527
          0.407527
          0.407527
          0.407527
          0.407527
          0.407527
          0.407527
          0.407527
          0.407527
          0.407528
          0.407528
          0.407528
          0.407528
          0.407528
          0.407528
          0.407528
          0.407528
          0.407528
          0.407528
          0.407528
          0.407528
          0.407527
          0.407527
          0.407527
          0.407527
          0.407527
          0.407527
          0.407527
          0.407527
          0.407527
          0.407527
          0.407527
          0.407527
          0.407527
          0.407527
          0.407527
