          0.678037
          0.678014
          0.678054
          0.678114
          0.678183
          0.678254
          0.678324
          0.678389
          0.678450
          0.678506
          0.678557
          0.678603
          0.678646
          0.678684
          0.678720
          0.678752
          0.678782
          0.678809
          0.678834
          0.678857
          0.678878
          0.678897
          0.678914
          0.678930
          0.678945
          0.678958
          0.678971
          0.678982
          0.678992
          0.679002
          0.679011
          0.679019
          0.679026
          0.679033
          0.679039
          0.679045
          0.679050
          0.679055
          0.679059
          0.679063
          0.679067
          0.679070
          0.679074
          0.679077
          0.679079
          0.679082
          0.679084
          0.679086
          0.679088
          0.679090
          0.679092
          0.679093
          0.679095
          0.679096
          0.679098
          0.679099
          0.679100
          0.679101
          0.679102
          0.679103
          0.679103
          0.679104
          0.679105
          0.679105
          0.679106
          0.679107
          0.679107
          0.679108
          0.679108
          0.679108
          0.679109
          0.679109
          0.679109
          0.679110
          0.679110
          0.679110
          0.679111
          0.679111
          0.679111
          0.679111
          0.679111
          0.679112
          0.679112
          0.679112
          0.679112
          0.679112
          0.679112
          0.679112
          0.679112
          0.679113
          0.679113
          0.679113
          0.679113
          0.679113
          0.679113
          0.679113
          0.679113
          0.679113
          0.679113
          0.679113
          0.679114
          0.679114
          0.679114
          0.679114
          0.679114
          0.679114
          0.679114
          0.679114
          0.679114
          0.679114
          0.679114
          0.679114
          0.679114
          0.679114
          0.679114
          0.679114
          0.679114
          0.679114
          0.679114
          0.679114
          0.679114
          0.679114
          0.679114
          0.679114
          0.679114
          0.679114
          0.679114
          0.679114
          0.679114
          0.679114
          0.679114
          0.679114
          0.679114
          0.679114
          0.679115
          0.679115
          0.679115
          0.679115
          0.679115
          0.679115
          0.679115
          0.679115
          0.679115
          0.679115
          0.679115
          0.679115
          0.679115
          0.679115
          0.679115
          0.679115
          0.679115
          0.679115
          0.679115
          0.679115
          0.679115
          0.679115
          0.679115
          0.679115
          0.679115
          0.679115
          0.679115
          0.679115
          0.679115
          0.679115
          0.679115
          0.679115
          0.679115
          0.679115
          0.679115
          0.679115
          0.679115
          0.679115
          0.679115
          0.679115
          0.679115
          0.679115
          0.679115
          0.679115
          0.679115
          0.679115
          0.679115
          0.679115
          0.679115
          0.679115
          0.679115
          0.679115
          0.679115
          0.679115
          0.679115
          0.679115
          0.679115
          0.679115
          0.679115
          0.679115
          0.679115
          0.679115
          0.679115
          0.679115
          0.679115
          0.679115
          0.679115
          0.679115
          0.679115
          0.679115
          0.679115
          0.679115
          0.679115
          0.679115
          0.679115
          0.679115
          0.679115
          0.679115
          0.679115
          0.679115
          0.679115
          0.679115
          0.679115
          0.679115
          0.679115
          0.679115
          0.679115
          0.679115
          0.679116
          0.679116
          0.679116
          0.679116
          0.679116
          0.679116
          0.679116
          0.679116
          0.679116
          0.679116
          0.679116
          0.679116
          0.679116
          0.679116
          0.679116
          0.679116
          0.679116
          0.679115
          0.679115
          0.679115
          0.679115
          0.679115
          0.679115
          0.679115
          0.679115
          0.679115
          0.679115
          0.679115
          0.679115
          0.679115
