          0.240952
          0.241771
          0.241754
          0.241689
          0.241606
          0.241518
          0.241432
          0.241353
          0.241280
          0.241214
          0.241154
          0.241101
          0.241053
          0.241009
          0.240971
          0.240936
          0.240905
          0.240876
          0.240851
          0.240829
          0.240808
          0.240790
          0.240774
          0.240759
          0.240746
          0.240734
          0.240723
          0.240713
          0.240705
          0.240697
          0.240690
          0.240684
          0.240678
          0.240673
          0.240669
          0.240665
          0.240661
          0.240658
          0.240655
          0.240652
          0.240650
          0.240648
          0.240646
          0.240644
          0.240643
          0.240641
          0.240640
          0.240639
          0.240638
          0.240637
          0.240637
          0.240636
          0.240635
          0.240635
          0.240634
          0.240634
          0.240633
          0.240633
          0.240633
          0.240632
          0.240632
          0.240632
          0.240632
          0.240631
          0.240631
          0.240631
          0.240631
          0.240631
          0.240631
          0.240631
          0.240630
          0.240630
          0.240630
          0.240630
          0.240630
          0.240630
          0.240630
          0.240630
          0.240630
          0.240630
          0.240630
          0.240630
          0.240630
          0.240630
          0.240630
          0.240630
          0.240630
          0.240630
          0.240630
          0.240630
          0.240630
          0.240630
          0.240630
          0.240630
          0.240630
          0.240630
          0.240630
          0.240630
          0.240630
          0.240630
          0.240630
          0.240630
          0.240630
          0.240630
          0.240630
          0.240630
          0.240630
          0.240630
          0.240630
          0.240630
          0.240630
          0.240630
          0.240630
          0.240630
          0.240630
          0.240630
          0.240630
          0.240630
          0.240630
          0.240630
          0.240630
          0.240630
          0.240630
          0.240630
          0.240630
          0.240630
          0.240630
          0.240630
          0.240630
          0.240630
          0.240630
          0.240630
          0.240630
          0.240630
          0.240630
          0.240630
          0.240630
          0.240630
          0.240630
          0.240630
          0.240630
          0.240630
          0.240630
          0.240630
          0.240630
          0.240630
          0.240630
          0.240630
          0.240630
          0.240630
          0.240630
          0.240630
          0.240630
          0.240630
          0.240630
          0.240630
          0.240630
          0.240630
          0.240630
          0.240630
          0.240630
          0.240630
          0.240630
          0.240630
          0.240630
          0.240630
          0.240630
          0.240630
          0.240630
          0.240630
          0.240630
          0.240630
          0.240630
          0.240630
          0.240630
          0.240630
          0.240630
          0.240630
          0.240630
          0.240630
          0.240630
          0.240630
          0.240630
          0.240630
          0.240630
          0.240630
          0.240630
          0.240630
          0.240630
          0.240630
          0.240630
          0.240630
          0.240630
          0.240630
          0.240630
          0.240630
          0.240630
          0.240630
          0.240629
          0.240629
          0.240629
          0.240629
          0.240629
          0.240629
          0.240629
          0.240629
          0.240629
          0.240629
          0.240629
          0.240630
          0.240630
          0.240630
          0.240630
          0.240630
          0.240630
          0.240630
          0.240630
          0.240630
          0.240630
          0.240630
          0.240630
          0.240630
          0.240630
          0.240630
          0.240630
          0.240630
          0.240630
          0.240630
          0.240630
          0.240630
          0.240630
          0.240630
          0.240630
          0.240629
          0.240629
          0.240629
          0.240629
          0.240629
          0.240629
          0.240629
          0.240629
          0.240629
          0.240629
          0.240629
          0.240629
          0.240629
          0.240629
          0.240629
          0.240629
          0.240629
          0.240629
          0.240629
