          0.038137
          0.038874
          0.038874
          0.038866
          0.038852
          0.038835
          0.038816
          0.038797
          0.038778
          0.038760
          0.038743
          0.038728
          0.038715
          0.038702
          0.038691
          0.038681
          0.038673
          0.038665
          0.038658
          0.038653
          0.038647
          0.038643
          0.038639
          0.038636
          0.038633
          0.038630
          0.038628
          0.038626
          0.038625
          0.038623
          0.038622
          0.038621
          0.038620
          0.038620
          0.038619
          0.038619
          0.038619
          0.038618
          0.038618
          0.038618
          0.038618
          0.038618
          0.038618
          0.038618
          0.038618
          0.038618
          0.038618
          0.038618
          0.038618
          0.038619
          0.038619
          0.038619
          0.038619
          0.038619
          0.038619
          0.038619
          0.038620
          0.038620
          0.038620
          0.038620
          0.038620
          0.038620
          0.038620
          0.038620
          0.038620
          0.038621
          0.038621
          0.038621
          0.038621
          0.038621
          0.038621
          0.038621
          0.038621
          0.038621
          0.038621
          0.038621
          0.038621
          0.038621
          0.038621
          0.038621
          0.038621
          0.038621
          0.038621
          0.038622
          0.038622
          0.038622
          0.038622
          0.038622
          0.038622
          0.038622
          0.038622
          0.038622
          0.038622
          0.038622
          0.038622
          0.038622
          0.038622
          0.038622
          0.038622
          0.038622
          0.038622
          0.038622
          0.038622
          0.038622
          0.038622
          0.038622
          0.038622
          0.038622
          0.038622
          0.038622
          0.038622
          0.038622
          0.038622
          0.038622
          0.038622
          0.038622
          0.038622
          0.038622
          0.038622
          0.038622
          0.038622
          0.038622
          0.038622
          0.038622
          0.038622
          0.038622
          0.038622
          0.038622
          0.038622
          0.038622
          0.038622
          0.038622
          0.038622
          0.038622
          0.038622
          0.038622
          0.038622
          0.038622
          0.038622
          0.038622
          0.038622
          0.038622
          0.038622
          0.038622
          0.038622
          0.038622
          0.038622
          0.038622
          0.038622
          0.038622
          0.038622
          0.038622
          0.038622
          0.038622
          0.038622
          0.038622
          0.038622
          0.038622
          0.038622
          0.038622
          0.038622
          0.038622
          0.038622
          0.038622
          0.038622
          0.038622
          0.038622
          0.038622
          0.038622
          0.038622
          0.038622
          0.038622
          0.038622
          0.038622
          0.038622
          0.038622
          0.038622
          0.038622
          0.038622
          0.038622
          0.038622
          0.038622
          0.038622
          0.038622
          0.038622
          0.038622
          0.038622
          0.038622
          0.038622
          0.038622
          0.038622
          0.038622
          0.038622
          0.038622
          0.038622
          0.038622
          0.038622
          0.038622
          0.038622
          0.038621
          0.038621
          0.038621
          0.038621
          0.038621
          0.038621
          0.038621
          0.038621
          0.038621
          0.038621
          0.038621
          0.038621
          0.038621
          0.038622
          0.038622
          0.038622
          0.038622
          0.038622
          0.038622
          0.038622
          0.038622
          0.038622
          0.038622
          0.038622
          0.038622
          0.038622
          0.038622
          0.038622
          0.038622
          0.038622
          0.038622
          0.038622
          0.038622
          0.038622
          0.038622
          0.038622
          0.038622
          0.038621
          0.038621
          0.038621
          0.038621
          0.038621
          0.038621
          0.038621
          0.038621
          0.038621
          0.038621
          0.038621
          0.038621
          0.038621
          0.038621
          0.038621
          0.038621
