          0.202815
          0.202896
          0.202880
          0.202824
          0.202754
          0.202683
          0.202617
          0.202556
          0.202502
          0.202454
          0.202411
          0.202372
          0.202338
          0.202307
          0.202279
          0.202254
          0.202232
          0.202211
          0.202193
          0.202176
          0.202161
          0.202147
          0.202135
          0.202123
          0.202113
          0.202104
          0.202095
          0.202087
          0.202080
          0.202074
          0.202068
          0.202063
          0.202058
          0.202054
          0.202050
          0.202046
          0.202043
          0.202040
          0.202037
          0.202034
          0.202032
          0.202030
          0.202028
          0.202026
          0.202025
          0.202023
          0.202022
          0.202021
          0.202020
          0.202019
          0.202018
          0.202017
          0.202016
          0.202015
          0.202015
          0.202014
          0.202014
          0.202013
          0.202013
          0.202012
          0.202012
          0.202012
          0.202011
          0.202011
          0.202011
          0.202010
          0.202010
          0.202010
          0.202010
          0.202010
          0.202010
          0.202009
          0.202009
          0.202009
          0.202009
          0.202009
          0.202009
          0.202009
          0.202009
          0.202009
          0.202009
          0.202008
          0.202008
          0.202008
          0.202008
          0.202008
          0.202008
          0.202008
          0.202008
          0.202008
          0.202008
          0.202008
          0.202008
          0.202008
          0.202008
          0.202008
          0.202008
          0.202008
          0.202008
          0.202008
          0.202008
          0.202008
          0.202008
          0.202008
          0.202008
          0.202008
          0.202008
          0.202008
          0.202008
          0.202008
          0.202008
          0.202008
          0.202008
          0.202008
          0.202008
          0.202008
          0.202008
          0.202008
          0.202008
          0.202008
          0.202008
          0.202008
          0.202008
          0.202008
          0.202008
          0.202008
          0.202008
          0.202008
          0.202008
          0.202008
          0.202008
          0.202008
          0.202008
          0.202008
          0.202008
          0.202008
          0.202008
          0.202008
          0.202008
          0.202008
          0.202008
          0.202008
          0.202008
          0.202008
          0.202008
          0.202008
          0.202008
          0.202008
          0.202008
          0.202008
          0.202008
          0.202008
          0.202008
          0.202008
          0.202008
          0.202008
          0.202008
          0.202008
          0.202008
          0.202008
          0.202008
          0.202008
          0.202008
          0.202008
          0.202008
          0.202008
          0.202008
          0.202008
          0.202008
          0.202008
          0.202008
          0.202008
          0.202008
          0.202008
          0.202008
          0.202008
          0.202008
          0.202008
          0.202008
          0.202008
          0.202008
          0.202008
          0.202008
          0.202008
          0.202008
          0.202008
          0.202008
          0.202008
          0.202008
          0.202008
          0.202008
          0.202008
          0.202008
          0.202008
          0.202008
          0.202008
          0.202008
          0.202008
          0.202008
          0.202008
          0.202008
          0.202008
          0.202008
          0.202008
          0.202008
          0.202008
          0.202008
          0.202008
          0.202008
          0.202008
          0.202008
          0.202008
          0.202008
          0.202008
          0.202008
          0.202008
          0.202008
          0.202008
          0.202008
          0.202008
          0.202008
          0.202008
          0.202008
          0.202008
          0.202008
          0.202008
          0.202008
          0.202008
          0.202008
          0.202008
          0.202008
          0.202008
          0.202008
          0.202008
          0.202008
          0.202008
          0.202008
          0.202008
          0.202008
          0.202008
          0.202008
          0.202008
          0.202008
          0.202008
          0.202008
          0.202008
          0.202008
          0.202008
          0.202008
          0.202008
          0.202008
          0.202008
