          1.761562
          1.761676
          1.761751
          1.761790
          1.761799
          1.761788
          1.761765
          1.761735
          1.761701
          1.761666
          1.761633
          1.761601
          1.761572
          1.761546
          1.761523
          1.761502
          1.761483
          1.761467
          1.761453
          1.761441
          1.761431
          1.761422
          1.761414
          1.761408
          1.761403
          1.761398
          1.761395
          1.761392
          1.761389
          1.761387
          1.761386
          1.761385
          1.761384
          1.761384
          1.761384
          1.761384
          1.761384
          1.761385
          1.761385
          1.761386
          1.761387
          1.761387
          1.761388
          1.761389
          1.761390
          1.761391
          1.761392
          1.761393
          1.761394
          1.761395
          1.761396
          1.761396
          1.761397
          1.761398
          1.761399
          1.761400
          1.761401
          1.761402
          1.761402
          1.761403
          1.761404
          1.761405
          1.761405
          1.761406
          1.761407
          1.761407
          1.761408
          1.761409
          1.761409
          1.761410
          1.761410
          1.761411
          1.761411
          1.761412
          1.761412
          1.761412
          1.761413
          1.761413
          1.761414
          1.761414
          1.761414
          1.761415
          1.761415
          1.761415
          1.761416
          1.761416
          1.761416
          1.761417
          1.761417
          1.761417
          1.761418
          1.761418
          1.761418
          1.761418
          1.761419
          1.761419
          1.761419
          1.761419
          1.761419
          1.761420
          1.761420
          1.761420
          1.761420
          1.761421
          1.761421
          1.761421
          1.761421
          1.761421
          1.761421
          1.761422
          1.761422
          1.761422
          1.761422
          1.761422
          1.761422
          1.761423
          1.761423
          1.761423
          1.761423
          1.761423
          1.761423
          1.761423
          1.761423
          1.761424
          1.761424
          1.761424
          1.761424
          1.761424
          1.761424
          1.761424
          1.761424
          1.761424
          1.761425
          1.761425
          1.761425
          1.761425
          1.761425
          1.761425
          1.761425
          1.761425
          1.761425
          1.761425
          1.761426
          1.761426
          1.761426
          1.761426
          1.761426
          1.761426
          1.761426
          1.761426
          1.761426
          1.761426
          1.761427
          1.761427
          1.761427
          1.761427
          1.761427
          1.761427
          1.761427
          1.761427
          1.761427
          1.761427
          1.761427
          1.761427
          1.761427
          1.761427
          1.761427
          1.761427
          1.761427
          1.761427
          1.761427
          1.761427
          1.761427
          1.761428
          1.761428
          1.761428
          1.761428
          1.761428
          1.761428
          1.761428
          1.761428
          1.761428
          1.761428
          1.761428
          1.761428
          1.761428
          1.761428
          1.761429
          1.761429
          1.761429
          1.761429
          1.761429
          1.761429
          1.761429
          1.761429
          1.761429
          1.761429
          1.761429
          1.761429
          1.761429
          1.761429
          1.761429
          1.761429
          1.761429
          1.761429
          1.761429
          1.761429
          1.761429
          1.761429
          1.761429
          1.761429
          1.761429
          1.761429
          1.761429
          1.761429
          1.761429
          1.761429
          1.761429
          1.761429
          1.761429
          1.761429
          1.761429
          1.761429
          1.761430
          1.761430
          1.761430
          1.761430
          1.761430
          1.761430
          1.761430
          1.761430
          1.761430
          1.761430
          1.761430
          1.761430
          1.761430
          1.761430
          1.761430
          1.761430
          1.761430
          1.761430
          1.761430
          1.761430
          1.761430
          1.761430
          1.761430
          1.761429
          1.761429
          1.761429
          1.761429
          1.761429
          1.761429
