          1.510389
          1.510831
          1.510916
          1.510828
          1.510689
          1.510548
          1.510423
          1.510316
          1.510227
          1.510152
          1.510090
          1.510038
          1.509994
          1.509957
          1.509926
          1.509899
          1.509876
          1.509857
          1.509840
          1.509826
          1.509814
          1.509803
          1.509795
          1.509787
          1.509781
          1.509776
          1.509771
          1.509768
          1.509765
          1.509762
          1.509761
          1.509759
          1.509758
          1.509757
          1.509757
          1.509757
          1.509757
          1.509757
          1.509757
          1.509758
          1.509758
          1.509759
          1.509760
          1.509760
          1.509761
          1.509762
          1.509763
          1.509764
          1.509764
          1.509765
          1.509766
          1.509767
          1.509768
          1.509769
          1.509770
          1.509770
          1.509771
          1.509772
          1.509773
          1.509773
          1.509774
          1.509775
          1.509775
          1.509776
          1.509777
          1.509777
          1.509778
          1.509778
          1.509779
          1.509779
          1.509780
          1.509780
          1.509781
          1.509781
          1.509782
          1.509782
          1.509783
          1.509783
          1.509783
          1.509784
          1.509784
          1.509784
          1.509785
          1.509785
          1.509785
          1.509785
          1.509786
          1.509786
          1.509786
          1.509786
          1.509787
          1.509787
          1.509787
          1.509787
          1.509787
          1.509788
          1.509788
          1.509788
          1.509788
          1.509789
          1.509789
          1.509789
          1.509789
          1.509789
          1.509789
          1.509790
          1.509790
          1.509790
          1.509790
          1.509790
          1.509790
          1.509791
          1.509791
          1.509791
          1.509791
          1.509791
          1.509791
          1.509791
          1.509791
          1.509791
          1.509792
          1.509792
          1.509792
          1.509792
          1.509792
          1.509792
          1.509792
          1.509792
          1.509792
          1.509792
          1.509792
          1.509792
          1.509793
          1.509793
          1.509793
          1.509793
          1.509793
          1.509793
          1.509793
          1.509793
          1.509793
          1.509793
          1.509794
          1.509794
          1.509794
          1.509794
          1.509794
          1.509794
          1.509794
          1.509794
          1.509794
          1.509794
          1.509794
          1.509794
          1.509795
          1.509795
          1.509795
          1.509795
          1.509795
          1.509795
          1.509795
          1.509795
          1.509795
          1.509795
          1.509795
          1.509795
          1.509795
          1.509795
          1.509795
          1.509795
          1.509795
          1.509795
          1.509795
          1.509795
          1.509795
          1.509795
          1.509795
          1.509795
          1.509795
          1.509795
          1.509795
          1.509796
          1.509796
          1.509796
          1.509796
          1.509796
          1.509796
          1.509796
          1.509796
          1.509796
          1.509796
          1.509796
          1.509797
          1.509797
          1.509797
          1.509797
          1.509797
          1.509796
          1.509796
          1.509796
          1.509796
          1.509796
          1.509796
          1.509796
          1.509796
          1.509796
          1.509796
          1.509796
          1.509796
          1.509796
          1.509796
          1.509796
          1.509796
          1.509796
          1.509796
          1.509796
          1.509796
          1.509796
          1.509796
          1.509796
          1.509796
          1.509797
          1.509797
          1.509797
          1.509797
          1.509797
          1.509797
          1.509798
          1.509798
          1.509798
          1.509798
          1.509798
          1.509798
          1.509798
          1.509798
          1.509798
          1.509798
          1.509798
          1.509798
          1.509797
          1.509797
          1.509797
          1.509797
          1.509797
          1.509797
          1.509796
          1.509796
          1.509796
          1.509796
          1.509796
          1.509796
          1.509796
