          0.008657
          0.008658
          0.008658
          0.008657
          0.008656
          0.008655
          0.008654
          0.008652
          0.008651
          0.008650
          0.008648
          0.008647
          0.008646
          0.008645
          0.008645
          0.008644
          0.008643
          0.008643
          0.008642
          0.008642
          0.008641
          0.008641
          0.008640
          0.008640
          0.008640
          0.008640
          0.008640
          0.008639
          0.008639
          0.008639
          0.008639
          0.008639
          0.008639
          0.008639
          0.008639
          0.008638
          0.008638
          0.008638
          0.008638
          0.008638
          0.008638
          0.008638
          0.008638
          0.008638
          0.008638
          0.008638
          0.008638
          0.008638
          0.008638
          0.008638
          0.008638
          0.008638
          0.008638
          0.008638
          0.008638
          0.008638
          0.008638
          0.008638
          0.008638
          0.008638
          0.008638
          0.008638
          0.008638
          0.008638
          0.008638
          0.008638
          0.008638
          0.008638
          0.008638
          0.008638
          0.008638
          0.008638
          0.008638
          0.008638
          0.008638
          0.008638
          0.008638
          0.008638
          0.008638
          0.008638
          0.008638
          0.008638
          0.008638
          0.008638
          0.008638
          0.008638
          0.008638
          0.008638
          0.008638
          0.008638
          0.008638
          0.008638
          0.008638
          0.008638
          0.008638
          0.008638
          0.008638
          0.008638
          0.008638
          0.008638
          0.008638
          0.008638
          0.008638
          0.008638
          0.008638
          0.008638
          0.008638
          0.008638
          0.008638
          0.008638
          0.008638
          0.008638
          0.008638
          0.008638
          0.008638
          0.008638
          0.008638
          0.008638
          0.008638
          0.008638
          0.008638
          0.008638
          0.008638
          0.008638
          0.008638
          0.008638
          0.008638
          0.008638
          0.008638
          0.008638
          0.008638
          0.008638
          0.008638
          0.008638
          0.008638
          0.008638
          0.008638
          0.008638
          0.008638
          0.008638
          0.008638
          0.008638
          0.008638
          0.008638
          0.008638
          0.008638
          0.008638
          0.008638
          0.008638
          0.008638
          0.008638
          0.008638
          0.008638
          0.008638
          0.008638
          0.008638
          0.008638
          0.008638
          0.008638
          0.008638
          0.008638
          0.008638
          0.008638
          0.008638
          0.008638
          0.008638
          0.008638
          0.008638
          0.008638
          0.008638
          0.008638
          0.008638
          0.008638
          0.008638
          0.008638
          0.008638
          0.008638
          0.008638
          0.008638
          0.008638
          0.008637
          0.008637
          0.008637
          0.008637
          0.008637
          0.008637
          0.008637
          0.008637
          0.008637
          0.008637
          0.008637
          0.008637
          0.008637
          0.008637
          0.008637
          0.008637
          0.008637
          0.008637
          0.008637
          0.008637
          0.008637
          0.008637
          0.008637
          0.008637
          0.008637
          0.008637
          0.008637
          0.008637
          0.008637
          0.008637
          0.008637
          0.008637
          0.008637
          0.008637
          0.008637
          0.008637
          0.008637
          0.008637
          0.008637
          0.008637
          0.008637
          0.008637
          0.008637
          0.008637
          0.008637
          0.008637
          0.008637
          0.008637
          0.008637
          0.008637
          0.008637
          0.008637
          0.008637
          0.008637
          0.008637
          0.008637
          0.008637
          0.008637
          0.008637
          0.008637
          0.008637
          0.008637
          0.008637
          0.008637
          0.008637
          0.008637
          0.008637
          0.008637
          0.008637
          0.008637
          0.008637
          0.008637
          1.000108
          1.000103
          1.000097
          1.000089
          1.000081
          1.000073
          1.000065
          1.000058
          1.000051
          1.000045
          1.000039
          1.000034
          1.000029
          1.000025
          1.000022
          1.000018
          1.000016
          1.000013
          1.000011
          1.000009
          1.000008
          1.000006
          1.000005
          1.000004
          1.000003
          1.000002
          1.000002
          1.000001
          1.000001
          1.000000
          1.000000
          1.000000
          0.999999
          0.999999
          0.999999
          0.999999
          0.999999
          0.999999
          0.999999
          0.999999
          0.999999
          0.999999
          0.999999
          0.999999
          0.999999
          0.999999
          0.999999
          0.999999
          0.999999
          0.999999
          0.999999
          0.999999
          0.999999
          0.999999
          1.000000
          1.000000
          1.000000
          1.000000
          1.000000
          1.000000
          1.000000
          1.000000
          1.000000
          1.000000
          1.000000
          1.000000
          1.000000
          1.000000
          1.000000
          1.000000
          1.000000
          1.000000
          1.000000
          1.000000
          1.000000
          1.000000
          1.000000
          1.000000
          1.000000
          1.000000
          1.000000
          1.000000
          1.000000
          1.000000
          1.000000
          1.000000
          1.000000
          1.000000
          1.000000
          1.000000
          1.000000
          1.000000
          1.000000
          1.000000
          1.000000
          1.000000
          1.000000
          1.000000
          1.000000
          1.000000
          1.000000
          1.000000
          1.000000
          1.000000
          1.000000
          1.000000
          1.000000
          1.000000
          1.000000
          1.000000
          1.000000
          1.000000
          1.000000
          1.000000
          1.000000
          1.000000
          1.000000
          1.000000
          1.000000
          1.000000
          1.000000
          1.000000
          1.000000
          1.000000
          1.000000
          1.000000
          1.000000
          1.000000
          1.000000
          1.000000
          1.000000
          1.000000
          1.000000
          1.000000
          1.000000
          1.000000
          1.000000
          1.000000
          1.000000
          1.000000
          1.000000
          1.000000
          1.000000
          1.000000
          1.000000
          1.000000
          1.000000
          1.000000
          1.000000
          1.000000
          1.000000
          1.000000
          1.000000
          1.000000
          1.000000
          1.000000
          1.000000
          1.000000
          1.000000
          1.000000
          1.000000
          1.000000
          1.000000
          1.000000
          1.000000
          1.000000
          1.000000
          1.000000
          1.000000
          1.000000
          1.000000
          1.000000
          1.000000
          1.000000
          1.000000
          1.000000
          1.000000
          1.000000
          1.000000
          1.000000
          1.000000
          1.000000
          1.000000
          1.000000
          1.000000
          1.000000
          1.000000
          1.000000
          1.000000
          1.000000
          1.000000
          1.000000
          1.000000
          1.000000
          1.000000
          1.000000
          1.000000
          1.000000
          1.000000
          1.000000
          1.000000
          1.000000
          1.000000
          1.000000
          1.000000
          1.000000
          1.000000
          1.000000
          1.000000
          1.000000
          1.000000
          1.000000
          1.000000
          1.000000
          1.000000
          1.000000
          1.000000
          1.000000
          1.000000
          1.000000
          1.000000
          1.000000
          1.000000
          1.000000
          1.000000
          1.000000
          1.000000
          1.000000
          1.000000
          1.000000
          1.000000
          1.000000
          1.000000
          1.000000
          1.000000
          1.000000
          1.000000
          1.000000
          1.000000
          1.000000
          1.000000
          1.000000
          1.000000
          1.000000
          1.000000
          1.000000
          1.000000
          1.000000
          1.000000
          1.000000
          1.000000
          1.000000
          1.510388
          1.510831
          1.510915
          1.510828
          1.510689
          1.510548
          1.510423
          1.510316
          1.510227
          1.510152
          1.510090
          1.510038
          1.509994
          1.509957
          1.509926
          1.509899
          1.509876
          1.509857
          1.509840
          1.509826
          1.509814
          1.509803
          1.509795
          1.509787
          1.509781
          1.509776
          1.509771
          1.509768
          1.509765
          1.509762
          1.509761
          1.509759
          1.509758
          1.509757
          1.509757
          1.509757
          1.509757
          1.509757
          1.509757
          1.509758
          1.509758
          1.509759
          1.509760
          1.509760
          1.509761
          1.509762
          1.509763
          1.509764
          1.509764
          1.509765
          1.509766
          1.509767
          1.509768
          1.509769
          1.509770
          1.509770
          1.509771
          1.509772
          1.509773
          1.509773
          1.509774
          1.509775
          1.509775
          1.509776
          1.509777
          1.509777
          1.509778
          1.509778
          1.509779
          1.509779
          1.509780
          1.509780
          1.509781
          1.509781
          1.509782
          1.509782
          1.509783
          1.509783
          1.509783
          1.509784
          1.509784
          1.509784
          1.509785
          1.509785
          1.509785
          1.509785
          1.509786
          1.509786
          1.509786
          1.509786
          1.509787
          1.509787
          1.509787
          1.509787
          1.509787
          1.509788
          1.509788
          1.509788
          1.509788
          1.509789
          1.509789
          1.509789
          1.509789
          1.509789
          1.509789
          1.509790
          1.509790
          1.509790
          1.509790
          1.509790
          1.509790
          1.509791
          1.509791
          1.509791
          1.509791
          1.509791
          1.509791
          1.509791
          1.509791
          1.509791
          1.509792
          1.509792
          1.509792
          1.509792
          1.509792
          1.509792
          1.509792
          1.509792
          1.509792
          1.509792
          1.509792
          1.509792
          1.509793
          1.509793
          1.509793
          1.509793
          1.509793
          1.509793
          1.509793
          1.509793
          1.509793
          1.509793
          1.509794
          1.509794
          1.509794
          1.509794
          1.509794
          1.509794
          1.509794
          1.509794
          1.509794
          1.509794
          1.509794
          1.509794
          1.509795
          1.509795
          1.509795
          1.509795
          1.509795
          1.509795
          1.509795
          1.509795
          1.509795
          1.509795
          1.509795
          1.509795
          1.509795
          1.509795
          1.509795
          1.509795
          1.509795
          1.509795
          1.509795
          1.509795
          1.509795
          1.509795
          1.509795
          1.509795
          1.509795
          1.509795
          1.509795
          1.509796
          1.509796
          1.509796
          1.509796
          1.509796
          1.509796
          1.509796
          1.509796
          1.509796
          1.509796
          1.509796
          1.509796
          1.509797
          1.509797
          1.509797
          1.509797
          1.509796
          1.509796
          1.509796
          1.509796
          1.509796
          1.509796
          1.509796
          1.509796
          1.509796
          1.509796
          1.509796
          1.509796
          1.509796
          1.509796
          1.509796
          1.509796
          1.509796
          1.509796
          1.509796
          1.509796
          1.509796
          1.509796
          1.509796
          1.509796
          1.509797
          1.509797
          1.509797
          1.509797
          1.509797
          1.509797
          1.509798
          1.509798
          1.509798
          1.509798
          1.509798
          1.509798
          1.509798
          1.509798
          1.509798
          1.509798
          1.509798
          1.509798
          1.509797
          1.509797
          1.509797
          1.509797
          1.509797
          1.509797
          1.509796
          1.509796
          1.509796
          1.509796
          1.509796
          1.509796
          1.509796
          0.678037
          0.678014
          0.678054
          0.678114
          0.678183
          0.678254
          0.678324
          0.678389
          0.678450
          0.678506
          0.678557
          0.678603
          0.678646
          0.678685
          0.678720
          0.678752
          0.678782
          0.678809
          0.678834
          0.678857
          0.678878
          0.678897
          0.678914
          0.678930
          0.678945
          0.678958
          0.678971
          0.678982
          0.678992
          0.679002
          0.679011
          0.679019
          0.679026
          0.679033
          0.679039
          0.679045
          0.679050
          0.679055
          0.679059
          0.679063
          0.679067
          0.679070
          0.679074
          0.679077
          0.679079
          0.679082
          0.679084
          0.679086
          0.679088
          0.679090
          0.679092
          0.679093
          0.679095
          0.679096
          0.679098
          0.679099
          0.679100
          0.679101
          0.679102
          0.679103
          0.679103
          0.679104
          0.679105
          0.679105
          0.679106
          0.679107
          0.679107
          0.679108
          0.679108
          0.679108
          0.679109
          0.679109
          0.679109
          0.679110
          0.679110
          0.679110
          0.679111
          0.679111
          0.679111
          0.679111
          0.679111
          0.679112
          0.679112
          0.679112
          0.679112
          0.679112
          0.679112
          0.679112
          0.679112
          0.679113
          0.679113
          0.679113
          0.679113
          0.679113
          0.679113
          0.679113
          0.679113
          0.679113
          0.679113
          0.679113
          0.679114
          0.679114
          0.679114
          0.679114
          0.679114
          0.679114
          0.679114
          0.679114
          0.679114
          0.679114
          0.679114
          0.679114
          0.679114
          0.679114
          0.679114
          0.679114
          0.679114
          0.679114
          0.679114
          0.679114
          0.679114
          0.679114
          0.679114
          0.679114
          0.679114
          0.679114
          0.679114
          0.679114
          0.679114
          0.679114
          0.679114
          0.679114
          0.679114
          0.679114
          0.679115
          0.679115
          0.679115
          0.679115
          0.679115
          0.679115
          0.679115
          0.679115
          0.679115
          0.679115
          0.679115
          0.679115
          0.679115
          0.679115
          0.679115
          0.679115
          0.679115
          0.679115
          0.679115
          0.679115
          0.679115
          0.679115
          0.679115
          0.679115
          0.679115
          0.679115
          0.679115
          0.679115
          0.679115
          0.679115
          0.679115
          0.679115
          0.679115
          0.679115
          0.679115
          0.679115
          0.679115
          0.679115
          0.679115
          0.679115
          0.679115
          0.679115
          0.679115
          0.679115
          0.679115
          0.679115
          0.679115
          0.679115
          0.679115
          0.679115
          0.679115
          0.679115
          0.679115
          0.679115
          0.679115
          0.679115
          0.679115
          0.679115
          0.679115
          0.679115
          0.679115
          0.679115
          0.679115
          0.679115
          0.679115
          0.679115
          0.679115
          0.679115
          0.679115
          0.679115
          0.679115
          0.679115
          0.679115
          0.679115
          0.679115
          0.679115
          0.679115
          0.679115
          0.679115
          0.679115
          0.679115
          0.679115
          0.679115
          0.679115
          0.679115
          0.679115
          0.679115
          0.679115
          0.679116
          0.679116
          0.679116
          0.679116
          0.679116
          0.679116
          0.679116
          0.679116
          0.679116
          0.679116
          0.679116
          0.679116
          0.679116
          0.679116
          0.679116
          0.679116
          0.679116
          0.679115
          0.679115
          0.679115
          0.679115
          0.679115
          0.679115
          0.679115
          0.679115
          0.679115
          0.679115
          0.679115
          0.679115
          0.679115
         -0.002624
         -0.000600
         -0.000644
         -0.000609
         -0.000547
         -0.000481
         -0.000419
         -0.000363
         -0.000314
         -0.000272
         -0.000235
         -0.000203
         -0.000175
         -0.000151
         -0.000130
         -0.000112
         -0.000096
         -0.000082
         -0.000070
         -0.000060
         -0.000051
         -0.000043
         -0.000036
         -0.000030
         -0.000024
         -0.000020
         -0.000016
         -0.000012
         -0.000009
         -0.000007
         -0.000005
         -0.000003
         -0.000001
         -0.000000
          0.000001
          0.000002
          0.000003
          0.000003
          0.000004
          0.000004
          0.000004
          0.000005
          0.000005
          0.000005
          0.000005
          0.000005
          0.000005
          0.000005
          0.000004
          0.000004
          0.000004
          0.000004
          0.000004
          0.000004
          0.000003
          0.000003
          0.000003
          0.000003
          0.000003
          0.000002
          0.000002
          0.000002
          0.000002
          0.000002
          0.000002
          0.000002
          0.000001
          0.000001
          0.000001
          0.000001
          0.000001
          0.000001
          0.000001
          0.000001
          0.000001
          0.000001
          0.000000
          0.000000
          0.000000
          0.000000
          0.000000
          0.000000
          0.000000
          0.000000
          0.000000
          0.000000
          0.000000
          0.000000
          0.000000
          0.000000
          0.000000
         -0.000000
         -0.000000
         -0.000000
         -0.000000
         -0.000000
         -0.000000
         -0.000000
         -0.000000
         -0.000000
         -0.000000
         -0.000000
         -0.000000
         -0.000000
         -0.000000
         -0.000000
         -0.000000
         -0.000000
         -0.000000
         -0.000000
         -0.000000
         -0.000000
         -0.000000
         -0.000000
         -0.000000
         -0.000000
         -0.000000
         -0.000000
         -0.000000
         -0.000000
         -0.000000
         -0.000000
         -0.000000
         -0.000000
         -0.000000
         -0.000000
         -0.000000
         -0.000000
          0.000000
          0.000000
          0.000000
          0.000000
          0.000000
          0.000000
          0.000000
          0.000000
          0.000000
          0.000000
          0.000000
         -0.000000
         -0.000000
         -0.000000
         -0.000000
         -0.000000
         -0.000000
         -0.000000
         -0.000000
         -0.000000
         -0.000000
         -0.000000
         -0.000000
         -0.000000
         -0.000000
         -0.000000
         -0.000000
         -0.000000
         -0.000000
         -0.000000
          0.000000
          0.000000
          0.000000
          0.000000
          0.000000
          0.000000
          0.000000
          0.000000
          0.000000
          0.000000
          0.000000
          0.000000
          0.000000
          0.000000
          0.000000
          0.000000
          0.000000
          0.000000
          0.000000
          0.000000
          0.000000
          0.000000
          0.000000
          0.000000
          0.000000
          0.000000
          0.000000
         -0.000000
         -0.000000
         -0.000000
         -0.000000
         -0.000000
         -0.000000
         -0.000000
         -0.000000
         -0.000000
         -0.000000
         -0.000000
         -0.000000
         -0.000000
          0.000000
          0.000000
          0.000000
          0.000000
          0.000000
          0.000000
          0.000000
          0.000000
          0.000000
          0.000000
          0.000001
          0.000001
          0.000001
          0.000001
          0.000001
          0.000001
          0.000001
          0.000001
          0.000000
          0.000000
          0.000000
          0.000000
          0.000000
          0.000000
          0.000000
          0.000000
         -0.000000
         -0.000000
         -0.000000
         -0.000000
         -0.000000
         -0.000000
         -0.000000
         -0.000000
         -0.000000
         -0.000000
         -0.000000
         -0.000000
         -0.000000
         -0.000000
         -0.000000
         -0.000000
          0.000000
          0.000000
          0.000000
          0.000000
          0.000001
          0.000001
          0.000001
          0.000001
          0.000001
          0.000001
          0.000001
          0.000001
