  8.656926763686889E-003  8.657775919066687E-003  8.657925407240660E-003
  8.657346405728317E-003  8.656284383210483E-003  8.654980419792470E-003
  8.653583950790092E-003  8.652183439216452E-003  8.650827714023646E-003
  8.649545436438828E-003  8.648351644221609E-003  8.647254721500533E-003
  8.646256688161663E-003  8.645354262589505E-003  8.644541209575515E-003
  8.643811231494830E-003  8.643158275358519E-003  8.642575596708141E-003
  8.642056058713193E-003  8.641593441626660E-003  8.641181713468048E-003
  8.640815415147633E-003  8.640489808676443E-003  8.640200466698569E-003
  8.639943372841670E-003  8.639714931139925E-003  8.639511906997143E-003
  8.639331713450937E-003  8.639171795882191E-003  8.639029861962683E-003
  8.638903989984178E-003  8.638792409563450E-003  8.638693448173657E-003
  8.638605618524140E-003  8.638527755421442E-003  8.638458653686785E-003
  8.638397407711959E-003  8.638343062450616E-003  8.638294858184724E-003
  8.638252058815667E-003  8.638214085614736E-003  8.638180374387738E-003
  8.638150406028547E-003  8.638123742461009E-003  8.638100041985246E-003
  8.638078848271044E-003  8.638059918321282E-003  8.638042959068643E-003
  8.638027736880497E-003  8.638014009726006E-003  8.638001620189368E-003
  8.637990379225149E-003  8.637980137270225E-003  8.637970663743172E-003
  8.637961933298733E-003  8.637953868176326E-003  8.637946292861926E-003
  8.637939224323519E-003  8.637932501815604E-003  8.637926021407593E-003
  8.637919890977230E-003  8.637913895978004E-003  8.637908116423303E-003
  8.637902423303874E-003  8.637896867918517E-003  8.637891375240597E-003
  8.637885967655962E-003  8.637880538313629E-003  8.637875190741722E-003
  8.637869783643034E-003  8.637864419110323E-003  8.637859065089256E-003
  8.637853664468956E-003  8.637848261123380E-003  8.637842846271834E-003
  8.637837481307831E-003  8.637832059597639E-003  8.637826596846091E-003
  8.637821162352821E-003  8.637815756352835E-003  8.637810291069387E-003
  8.637804903871314E-003  8.637799523538100E-003  8.637794199735638E-003
  8.637788906092500E-003  8.637783639308016E-003  8.637778396884789E-003
  8.637773229387339E-003  8.637768109593014E-003  8.637763117655959E-003
  8.637758174227036E-003  8.637753274945082E-003  8.637748452037866E-003
  8.637743701373615E-003  8.637739032234795E-003  8.637734473782528E-003
  8.637729946420076E-003  8.637725513340671E-003  8.637721091605162E-003
  8.637716769948853E-003  8.637712505403395E-003  8.637708296093023E-003
  8.637704123634264E-003  8.637699977775975E-003  8.637695866252010E-003
  8.637691807333090E-003  8.637687749793760E-003  8.637683687581863E-003
  8.637679642508852E-003  8.637675584737480E-003  8.637671541908589E-003
  8.637667524442397E-003  8.637663467635419E-003  8.637659436671344E-003
  8.637655408111072E-003  8.637651384333332E-003  8.637647405423041E-003
  8.637643386203068E-003  8.637639445701386E-003  8.637635535310328E-003
  8.637631647721369E-003  8.637627763538196E-003  8.637624053649168E-003
  8.637620349052619E-003  8.637616740945634E-003  8.637613168891899E-003
  8.637609737939556E-003  8.637606431335796E-003  8.637603222305780E-003
  8.637600100239970E-003  8.637597126405001E-003  8.637594252368682E-003
  8.637591511850224E-003  8.637588911421037E-003  8.637586428288225E-003
  8.637584022667408E-003  8.637581778004567E-003  8.637579582525375E-003
  8.637577469870246E-003  8.637575443515221E-003  8.637573437799653E-003
  8.637571563862549E-003  8.637569664443383E-003  8.637567798191827E-003
  8.637565897734911E-003  8.637564017441595E-003  8.637562074960827E-003
  8.637560100443800E-003  8.637558064437332E-003  8.637556033273508E-003
  8.637553908116708E-003  8.637551661519407E-003  8.637549358129788E-003
  8.637547014569450E-003  8.637544613238370E-003  8.637542089113758E-003
  8.637539535730479E-003  8.637536928201120E-003  8.637534321851366E-003
  8.637531679799965E-003  8.637529021140575E-003  8.637526370093915E-003
  8.637523819818147E-003  8.637521277979635E-003  8.637518855100846E-003
  8.637516504014639E-003  8.637514288592340E-003  8.637512222243187E-003
  8.637510286659232E-003  8.637508479089877E-003  8.637506925893143E-003
  8.637505496025571E-003  8.637504216913524E-003  8.637503161749426E-003
  8.637502274414399E-003  8.637501565716139E-003  8.637500998914886E-003
  8.637500598052319E-003  8.637500295330927E-003  8.637500100428713E-003
  8.637499955293348E-003  8.637499862853348E-003  8.637499767567794E-003
  8.637499663346751E-003  8.637499492610478E-003  8.637499305486592E-003
  8.637498989763267E-003  8.637498536146987E-003  8.637497967162983E-003
  8.637497139758076E-003  8.637496154146268E-003  8.637495023007209E-003
  8.637493616189191E-003  8.637492026931232E-003  8.637490244855307E-003
  8.637488274225847E-003  8.637486106238436E-003  8.637483799541218E-003
  8.637481390223032E-003  8.637478878453850E-003  8.637476259128170E-003
  8.637473650308406E-003  8.637471041099951E-003  8.637468517041421E-003
  8.637466032539783E-003  8.637463750164866E-003  8.637461653198607E-003
  8.637459772148245E-003  8.637458137170066E-003  8.637456785507631E-003
  8.637455725584281E-003  8.637455004967121E-003  8.637454653302134E-003
  8.637454546240332E-003  8.637454852342553E-003  8.637455413748711E-003
  8.637456314930911E-003  8.637457487631369E-003  8.637458845814542E-003
  8.637460424496746E-003  8.637462085182717E-003  8.637463860195217E-003
  8.637465633202746E-003  8.637467393281788E-003  8.637469043718026E-003
  8.637470524908850E-003  8.637471770825821E-003  8.637472767260164E-003
  8.637473439310506E-003  8.637473741061675E-003  8.637473612451303E-003
  8.637473101760490E-003  8.637472073826990E-003  8.637470629578500E-003
  8.637468739093927E-003  8.637466371050662E-003  8.637463608235318E-003
  8.637460520256102E-003  8.637457076305675E-003  8.637453385067004E-003
  8.637449501872830E-003  8.637445501017289E-003  8.637441492742199E-003
  8.637437503000151E-003  8.637433687704768E-003  8.637430084062529E-003
  8.637426743503738E-003  8.637423905558501E-003  8.637421519539197E-003
  8.637419655387736E-003  8.637418352743982E-003  8.637417830918813E-003
   1.00010753999501        1.00010315727164        1.00009691378671     
   1.00008944477994        1.00008140087426        1.00007327454673     
   1.00006538858705        1.00005793879423        1.00005103226278     
   1.00004471709566        1.00003900232208        1.00003387220553     
   1.00002929546334        1.00002523227739        1.00002163940376     
   1.00001847337288        1.00001569194858        1.00001325494908     
   1.00001112502111        1.00000926807924        1.00000765315888     
   1.00000625240216        1.00000504085398        1.00000399617205     
   1.00000309845127        1.00000233000718        1.00000167515319     
   1.00000111999691        1.00000065214994        1.00000026064598     
  0.999999935791072       0.999999668984317       0.999999452616512     
  0.999999279991983       0.999999145224762       0.999999043095230     
  0.999998969028352       0.999998918966192       0.999998889357385     
  0.999998877070224       0.999998879364105       0.999998893819967     
  0.999998918319927       0.999998951018514       0.999998990303627     
  0.999999034754823       0.999999083171170       0.999999134492937     
  0.999999187809902       0.999999242335719       0.999999297404806     
  0.999999352440186       0.999999406959510       0.999999460558730     
  0.999999512933962       0.999999563811059       0.999999612960071     
  0.999999660224866       0.999999705458743       0.999999748580861     
  0.999999789554942       0.999999828319059       0.999999864889078     
  0.999999899262012       0.999999931482431       0.999999961583163     
  0.999999989625441        1.00000001566694        1.00000003980250     
   1.00000006209543        1.00000008265596        1.00000010156162     
   1.00000011890039        1.00000013477858        1.00000014928693     
   1.00000016251719        1.00000017453982        1.00000018545860     
   1.00000019536942        1.00000020434238        1.00000021244415     
   1.00000021976623        1.00000022635141        1.00000023226160     
   1.00000023753887        1.00000024223028        1.00000024638040     
   1.00000025003052        1.00000025320092        1.00000025591663     
   1.00000025817335        1.00000025999023        1.00000026138543     
   1.00000026236406        1.00000026293023        1.00000026308317     
   1.00000026281198        1.00000026213112        1.00000026103482     
   1.00000025954446        1.00000025765286        1.00000025536772     
   1.00000025269914        1.00000024966531        1.00000024628981     
   1.00000024259569        1.00000023860273        1.00000023435004     
   1.00000022988108        1.00000022523438        1.00000022045957     
   1.00000021559855        1.00000021069108        1.00000020579860     
   1.00000020096141        1.00000019622679        1.00000019164041     
   1.00000018723369        1.00000018306364        1.00000017914566     
   1.00000017550806        1.00000017217791        1.00000016918384     
   1.00000016649453        1.00000016412916        1.00000016207303     
   1.00000016032560        1.00000015884658        1.00000015759654     
   1.00000015654074        1.00000015564356        1.00000015484556     
   1.00000015409967        1.00000015334513        1.00000015251736     
   1.00000015155852        1.00000015042379        1.00000014904225     
   1.00000014738137        1.00000014540012        1.00000014305960     
   1.00000014034599        1.00000013721413        1.00000013367588     
   1.00000012973040        1.00000012540486        1.00000012071517     
   1.00000011571027        1.00000011043519        1.00000010494983     
   1.00000009929823        1.00000009356202        1.00000008783566     
   1.00000008219516        1.00000007671294        1.00000007146866     
   1.00000006656299        1.00000006206452        1.00000005804670     
   1.00000005456110        1.00000005166646        1.00000004940911     
   1.00000004781971        1.00000004689042        1.00000004663449     
   1.00000004702028        1.00000004802155        1.00000004958202     
   1.00000005163169        1.00000005409779        1.00000005689978     
   1.00000005990828        1.00000006303053        1.00000006615940     
   1.00000006915984        1.00000007191260        1.00000007429482     
   1.00000007619692        1.00000007750497        1.00000007813211     
   1.00000007799552        1.00000007703968        1.00000007521770     
   1.00000007251167        1.00000006891758        1.00000006446241     
   1.00000005917029        1.00000005311595        1.00000004639090     
   1.00000003909263        1.00000003137696        1.00000002337764     
   1.00000001523347        1.00000000713312       0.999999999240208     
  0.999999991724722       0.999999984756496       0.999999978506296     
  0.999999973121401       0.999999968730754       0.999999965454563     
  0.999999963402942       0.999999962633404       0.999999963191284     
  0.999999965076856       0.999999968286176       0.999999972742810     
  0.999999978355898       0.999999985005800       0.999999992544543     
   1.00000000079416        1.00000000955762        1.00000001860822     
   1.00000002769836        1.00000003661200        1.00000004507249     
   1.00000005285195        1.00000005969636        1.00000006537947     
   1.00000006971193        1.00000007250577        1.00000007363377     
   1.00000007297691        1.00000007047555        1.00000006609797     
   1.00000005987018        1.00000005186497        1.00000004220401     
   1.00000003104139        1.00000001858290        1.00000000507522     
  0.999999990808175       0.999999976076991       0.999999961238149     
  0.999999946628609       0.999999932604219       0.999999919535174     
  0.999999907763282       0.999999897601391       0.999999889360941     
  0.999999883301306       0.999999879641677       0.999999878550259     
  0.999999880128538       0.999999884434871       0.999999891438882     
  0.999999901057825       0.999999913149799       0.999999927451932     
  0.999999943675373       0.999999961466466       0.999999980415232     
   1.51038849255021        1.51083090893046        1.51091546510618     
   1.51082786594928        1.51068860960881        1.51054830078722     
   1.51042310393390        1.51031641031945        1.51022697166150     
   1.51015232700668        1.51008993242108        1.51003770351850     
   1.50999386608466        1.50995688510773        1.50992550379769     
   1.50989878242541        1.50987601327335        1.50985659435350     
   1.50984000029344        1.50982583135659        1.50981373609164     
   1.50980342367757        1.50979466114700        1.50978724110954     
   1.50978098373265        1.50977573354882        1.50977135514865     
   1.50976774990561        1.50976481385466        1.50976245598971     
   1.50976060407738        1.50975919156165        1.50975815300947     
   1.50975743331907        1.50975699298213        1.50975678651642     
   1.50975678549925        1.50975695450757        1.50975726941545     
   1.50975770418110        1.50975824183200        1.50975886329768     
   1.50975955166307        1.50976029415340        1.50976108247421     
   1.50976189870826        1.50976273890589        1.50976359454350     
   1.50976445979079        1.50976532786139        1.50976619580622     
   1.50976705847318        1.50976791226593        1.50976874901944     
   1.50976957257562        1.50977038223172        1.50977117074644     
   1.50977194424792        1.50977269453726        1.50977341958192     
   1.50977412915861        1.50977481150044        1.50977547482757     
   1.50977611279879        1.50977673086336        1.50977732580994     
   1.50977790055742        1.50977845019621        1.50977898267962     
   1.50977948974853        1.50977997957084        1.50978045060161     
   1.50978089989699        1.50978133167567        1.50978174600858     
   1.50978214734754        1.50978252841611        1.50978289249150     
   1.50978324358630        1.50978358239919        1.50978390353716     
   1.50978421664897        1.50978451698710        1.50978480825680     
   1.50978508933637        1.50978536014748        1.50978562054121     
   1.50978587523269        1.50978612178490        1.50978636623230     
   1.50978660278841        1.50978683230232        1.50978705719718     
   1.50978727741793        1.50978749418624        1.50978770870802     
   1.50978791711764        1.50978812352572        1.50978832244400     
   1.50978852041620        1.50978871468337        1.50978890535349     
   1.50978909120481        1.50978927190438        1.50978944862251     
   1.50978962184642        1.50978978861373        1.50978994919418     
   1.50979010422924        1.50979025249938        1.50979039577014     
   1.50979053422388        1.50979066381653        1.50979078884593     
   1.50979090800531        1.50979102102051        1.50979113035765     
   1.50979123022302        1.50979132920628        1.50979142290167     
   1.50979151171108        1.50979159458099        1.50979168186756     
   1.50979176275882        1.50979184319084        1.50979191937156     
   1.50979199922290        1.50979208032933        1.50979216128272     
   1.50979224216961        1.50979232728321        1.50979241317299     
   1.50979250289768        1.50979259654239        1.50979269334204     
   1.50979279077990        1.50979289499496        1.50979299817900     
   1.50979310382827        1.50979321201246        1.50979331848189     
   1.50979343137993        1.50979353978793        1.50979364839113     
   1.50979375272948        1.50979385652740        1.50979395412444     
   1.50979404784370        1.50979413592786        1.50979422201415     
   1.50979429910528        1.50979436645222        1.50979442788942     
   1.50979448380922        1.50979453245442        1.50979456991467     
   1.50979460186059        1.50979462635894        1.50979464696771     
   1.50979466044770        1.50979466829463        1.50979467172834     
   1.50979467651344        1.50979467666697        1.50979467884949     
   1.50979468111043        1.50979468644262        1.50979469636907     
   1.50979470986529        1.50979472658392        1.50979475626749     
   1.50979478920422        1.50979482899389        1.50979487999489     
   1.50979493958757        1.50979500818242        1.50979508448289     
   1.50979517010366        1.50979526195994        1.50979536048287     
   1.50979546228660        1.50979556874495        1.50979567611316     
   1.50979578429510        1.50979589009775        1.50979599679840     
   1.50979609642528        1.50979618879777        1.50979627506578     
   1.50979634639481        1.50979640850859        1.50979646151958     
   1.50979649668420        1.50979651998369        1.50979653008758     
   1.50979652554332        1.50979650617670        1.50979647495517     
   1.50979643331769        1.50979638014577        1.50979631511726     
   1.50979624617757        1.50979617072312        1.50979609448577     
   1.50979601450424        1.50979594091017        1.50979587304987     
   1.50979581249626        1.50979576113551        1.50979572263494     
   1.50979569772242        1.50979569006607        1.50979570217201     
   1.50979572675913        1.50979577625600        1.50979584068891     
   1.50979592750884        1.50979603197858        1.50979615073011     
   1.50979628648436        1.50979643093906        1.50979658779725     
   1.50979675000669        1.50979691717697        1.50979708332053     
   1.50979724464815        1.50979739818003        1.50979754211654     
   1.50979767114806        1.50979778211989        1.50979787055447     
   1.50979793857994        1.50979797645144        1.50979799032245     
   1.50979797614499        1.50979793077805        1.50979785856445     
   1.50979776223027        1.50979763831998        1.50979749246110     
   1.50979732716818        1.50979714601577        1.50979695505716     
   1.50979675444311        1.50979655452805        1.50979635684588     
   1.50979616430070        1.50979599245506        1.50979583697167     
   1.50979570168789        1.50979559306253        1.50979555435468     
  0.678036812953162       0.678013931400060       0.678053628589452     
  0.678113864111725       0.678182844624704       0.678254155662140     
  0.678323649989313       0.678389218970662       0.678449963645308     
  0.678505717973994       0.678556662409401       0.678603183720682     
  0.678645686707072       0.678684520840199       0.678719994442535     
  0.678752413433028       0.678782071900615       0.678809220518125     
  0.678834069811592       0.678856823092291       0.678877657378629     
  0.678896735328517       0.678914210867004       0.678930220861288     
  0.678944889542086       0.678958330421524       0.678970647005051     
  0.678981941904815       0.678992301870973       0.679001805979771     
  0.679010529534668       0.679018539979813       0.679025896119294     
  0.679032652223038       0.679038861680579       0.679044568884400     
  0.679049818916901       0.679054648805678       0.679059094958620     
  0.679063188774773       0.679066961148074       0.679070438683110     
  0.679073645402294       0.679076603997322       0.679079336348744     
  0.679081858139053       0.679084188301561       0.679086342046124     
  0.679088333905880       0.679090176361266       0.679091882095807     
  0.679093461553778       0.679094924638977       0.679096278144945     
  0.679097532820906       0.679098696953907       0.679099775282893     
  0.679100777070402       0.679101705499324       0.679102565198891     
  0.679103365325355       0.679104105971774       0.679104794646904     
  0.679105432729917       0.679106025943264       0.679106576287339     
  0.679107087924157       0.679107561498482       0.679108002671872     
  0.679108410442145       0.679108790073624       0.679109142954739     
  0.679109469636642       0.679109773308545       0.679110055494715     
  0.679110319391396       0.679110563408052       0.679110789707540     
  0.679111001069872       0.679111198763762       0.679111381451850     
  0.679111553753383       0.679111714598154       0.679111866107908     
  0.679112008383768       0.679112141927951       0.679112267167105     
  0.679112386297287       0.679112498847588       0.679112607543514     
  0.679112710497255       0.679112808131549       0.679112901612527     
  0.679112991121917       0.679113077280813       0.679113160856592     
  0.679113240251938       0.679113317229899       0.679113389685703     
  0.679113460232383       0.679113527892040       0.679113592745638     
  0.679113654369734       0.679113712640041       0.679113768005162     
  0.679113820840847       0.679113870007317       0.679113915571925     
  0.679113957965271       0.679113996725590       0.679114032664529     
  0.679114066066863       0.679114095404317       0.679114122489365     
  0.679114146943134       0.679114168828384       0.679114189319708     
  0.679114206232311       0.679114223043760       0.679114238321351     
  0.679114252223049       0.679114264368931       0.679114279164206     
  0.679114292405631       0.679114306484229       0.679114319915758     
  0.679114335769416       0.679114353342912       0.679114372015262     
  0.679114391675480       0.679114413963696       0.679114437504800     
  0.679114463322851       0.679114491425193       0.679114521308280     
  0.679114551795380       0.679114585147090       0.679114618165257     
  0.679114651912990       0.679114686311106       0.679114719504072     
  0.679114754541828       0.679114787055155       0.679114818658554     
  0.679114847467975       0.679114874915783       0.679114898749383     
  0.679114919813022       0.679114937415841       0.679114953199368     
  0.679114964507106       0.679114970952560       0.679114974211239     
  0.679114974748708       0.679114972138276       0.679114964918586     
  0.679114955594231       0.679114943680297       0.679114930850073     
  0.679114916137460       0.679114900275078       0.679114883999614     
  0.679114869891720       0.679114855710981       0.679114844312089     
  0.679114834894545       0.679114828855942       0.679114826793600     
  0.679114828250058       0.679114833021951       0.679114844782425     
  0.679114859684637       0.679114878701406       0.679114903447180     
  0.679114932556758       0.679114965954216       0.679115002693324     
  0.679115043122527       0.679115085545758       0.679115129804564     
  0.679115174209391       0.679115218848419       0.679115261994523     
  0.679115303311252       0.679115341257929       0.679115377030479     
  0.679115407418465       0.679115432179114       0.679115451854448     
  0.679115462873170       0.679115467695422       0.679115466731039     
  0.679115456724216       0.679115440323773       0.679115417454516     
  0.679115388117138       0.679115352598490       0.679115312611301     
  0.679115269330130       0.679115222899531       0.679115173581661     
  0.679115124954826       0.679115076637448       0.679115031266580     
  0.679114987933618       0.679114951009461       0.679114920399226     
  0.679114896876198       0.679114881210866       0.679114874635706     
  0.679114877284255       0.679114890324581       0.679114914420326     
  0.679114946108080       0.679114989722212       0.679115040747727     
  0.679115101332580       0.679115169049651       0.679115241606352     
  0.679115319366331       0.679115398297453       0.679115479057146     
  0.679115558201788       0.679115635014851       0.679115706621862     
  0.679115771101723       0.679115826823275       0.679115872998140     
  0.679115907533274       0.679115929249689       0.679115936571972     
  0.679115930811307       0.679115908591723       0.679115872961349     
  0.679115823249938       0.679115759030075       0.679115682965675     
  0.679115597309157       0.679115501748318       0.679115399632893     
  0.679115293025083       0.679115184423845       0.679115077244668     
  0.679114972499621       0.679114874994147       0.679114786021273     
  0.679114707144620       0.679114644929369       0.679114597926768     
  0.679114567582604       0.679114555593980       0.679114574978910     
 -2.623779338322635E-003 -6.004610807794769E-004 -6.441867035441629E-004
 -6.092554070779165E-004 -5.471450670418984E-004 -4.808365750004764E-004
 -4.186137027792831E-004 -3.630101550342611E-004 -3.142606346882466E-004
 -2.718396965380688E-004 -2.349992718211844E-004 -2.030599139609466E-004
 -1.753783248241235E-004 -1.513432042538251E-004 -1.304167392061035E-004
 -1.121742450616332E-004 -9.627776277776841E-005 -8.242420233576028E-005
 -7.033771375941267E-005 -5.979783398978600E-005 -5.060550671530752E-005
 -4.259068458394881E-005 -3.561225552866109E-005 -2.954291817668165E-005
 -2.427056450754017E-005 -1.969692285998731E-005 -1.573540887700198E-005
 -1.231922801082650E-005 -9.381002347098504E-006 -6.861208068722339E-006
 -4.710965565555975E-006 -2.885491704471736E-006 -1.341937047937915E-006
 -4.338859087077396E-008  1.038368712720646E-006  1.933481502857862E-006
  2.663090180412863E-006  3.250890023296629E-006  3.714488984829300E-006
  4.071757064732682E-006  4.335723382571794E-006  4.519834504328619E-006
  4.636154571027226E-006  4.694376821246018E-006  4.701656592188788E-006
  4.669426372005940E-006  4.602155674090971E-006  4.506256872036953E-006
  4.386601372791148E-006  4.248359109118770E-006  4.094573983512147E-006
  3.929243679490772E-006  3.755462106682701E-006  3.578450979322830E-006
  3.397423532423531E-006  3.213647725605565E-006  3.031481580273043E-006
  2.848843295639933E-006  2.670296845345649E-006  2.497557583356798E-006
  2.326436438528550E-006  2.163093843347784E-006  2.004039217301515E-006
  1.852711922077796E-006  1.706834083095060E-006  1.568251482889668E-006
  1.435824988374255E-006  1.312222736500406E-006  1.193825718291280E-006
  1.084769010414114E-006  9.812990475880133E-007  8.842888928352138E-007
  7.952796260445524E-007  7.123840944226047E-007  6.356651210063458E-007
  5.630576273789978E-007  4.980874889459267E-007  4.393520966479954E-007
  3.848962794109209E-007  3.344513508558990E-007  2.906689282908639E-007
  2.489273960792146E-007  2.115245678521974E-007  1.767363312832142E-007
  1.451708803957514E-007  1.168732332912001E-007  9.190576207087343E-008
  6.807586547486125E-008  4.652382073272622E-008  2.439808683411924E-008
  4.475854000914173E-009 -1.355668187086245E-008 -3.083992161790044E-008
 -4.734380921400858E-008 -6.360129594797278E-008 -8.022121959845784E-008
 -9.521262404424971E-008 -1.105503158023317E-007 -1.235941028312025E-007
 -1.374249390991661E-007 -1.506877883064869E-007 -1.634024584167954E-007
 -1.749831254158163E-007 -1.852034722326641E-007 -1.945631310984628E-007
 -2.033494063224654E-007 -2.100837439151637E-007 -2.148309077407051E-007
 -2.179583256889884E-007 -2.188308186196987E-007 -2.182859284220190E-007
 -2.164455008293058E-007 -2.113420524997245E-007 -2.050567483111373E-007
 -1.969392253886039E-007 -1.868935650552175E-007 -1.761149493669372E-007
 -1.618356024889911E-007 -1.481626573974463E-007 -1.330440172633715E-007
 -1.166062759686171E-007 -9.834985300542047E-008 -8.333102834417408E-008
 -6.630504821560869E-008 -5.013584831835899E-008 -3.299093518082315E-008
 -1.864193242723100E-008 -6.014600413766896E-009  5.620279475480757E-009
  1.628060667253340E-008  2.390230198525969E-008  3.015556452512657E-008
  3.363162538068184E-008  3.427763903081040E-008  3.255747855137168E-008
  2.968759155927616E-008  2.279937148352537E-008  1.565461968975544E-008
  6.662827458151119E-009 -4.204034515347896E-009 -1.488505602376123E-008
 -2.919405291213244E-008 -4.186362012544947E-008 -5.506067894103757E-008
 -6.661966703171865E-008 -7.832473239837705E-008 -8.744336028034777E-008
 -9.506418055122731E-008 -1.003284973546065E-007 -1.050278366909542E-007
 -1.057791324731729E-007 -1.021664759187720E-007 -9.610078703541914E-008
 -8.780877559818868E-008 -7.646730834068855E-008 -6.018552564563834E-008
 -4.176223612160430E-008 -2.030180111075568E-008  2.437376625682142E-009
  2.796274863803774E-008  5.552881622567678E-008  8.449381768481576E-008
  1.120207021617877E-007  1.410066943496462E-007  1.681603346167503E-007
  1.945082091751295E-007  2.184928217072279E-007  2.394238071752591E-007
  2.578120341319493E-007  2.737998122337840E-007  2.827839584773238E-007
  2.894000318365221E-007  2.920514589448743E-007  2.886006398270106E-007
  2.804245176797571E-007  2.673569827719591E-007  2.501325222142354E-007
  2.279956031231343E-007  2.025733234564378E-007  1.737092463013653E-007
  1.431020332671481E-007  1.102176958136340E-007  7.689320890650873E-008
  4.323600151496284E-008  1.086456152712529E-008 -2.177896086130299E-008
 -5.084888289789174E-008 -7.619619968017510E-008 -9.836913911428698E-008
 -1.130783072412904E-007 -1.231540384882131E-007 -1.286903676293933E-007
 -1.254876473091942E-007 -1.164726835439946E-007 -1.010683917860005E-007
 -7.874102238450758E-008 -4.940374019738343E-008 -1.461068551388180E-008
  2.482894624471583E-008  6.935722871258467E-008  1.190580631694726E-007
  1.700643033019247E-007  2.234233752865575E-007  2.763355793234300E-007
  3.301774462999862E-007  3.799638458792507E-007  4.260204040964723E-007
  4.675275338861183E-007  5.035679918056744E-007  5.324392475024148E-007
  5.537940197379295E-007  5.658780614009363E-007  5.675658604275290E-007
  5.624898176725634E-007  5.447651472476885E-007  5.192881841100982E-007
  4.826737843117605E-007  4.372411226279309E-007  3.848764608170601E-007
  3.243703666738359E-007  2.598603971414041E-007  1.897716010869311E-007
  1.176115069028507E-007  4.367877679379962E-008 -2.902866484646457E-008
 -9.858838284473735E-008 -1.634178691926107E-007 -2.226600929352496E-007
 -2.737379677005557E-007 -3.150967485207840E-007 -3.446231600188902E-007
 -3.634138612933865E-007 -3.668468647379820E-007 -3.579663536808585E-007
 -3.350208978985744E-007 -2.966335657198663E-007 -2.450506848106374E-007
 -1.818240838123150E-007 -1.054832561806854E-007 -1.895711947565511E-008
  7.635318483012025E-008  1.785105395683465E-007  2.843848801568904E-007
  3.936871515569371E-007  5.013045115782813E-007  6.063328519766274E-007
  7.072283984737371E-007  7.963570142030479E-007  8.756733863039394E-007
  9.432046530225805E-007  9.959889902060032E-007  1.015235175242505E-006
