         13.371165
         13.365970
         13.366267
         13.366569
         13.366873
         13.367179
         13.367482
         13.367777
         13.368060
         13.368327
         13.368577
         13.368809
         13.369023
         13.369220
         13.369401
         13.369566
         13.369717
         13.369855
         13.369980
         13.370095
         13.370199
         13.370294
         13.370381
         13.370460
         13.370532
         13.370598
         13.370658
         13.370714
         13.370764
         13.370810
         13.370852
         13.370891
         13.370927
         13.370959
         13.370989
         13.371016
         13.371042
         13.371065
         13.371086
         13.371105
         13.371123
         13.371139
         13.371154
         13.371168
         13.371180
         13.371192
         13.371202
         13.371212
         13.371221
         13.371229
         13.371236
         13.371243
         13.371249
         13.371255
         13.371260
         13.371265
         13.371269
         13.371273
         13.371276
         13.371279
         13.371282
         13.371284
         13.371287
         13.371289
         13.371290
         13.371292
         13.371293
         13.371294
         13.371295
         13.371296
         13.371297
         13.371297
         13.371297
         13.371298
         13.371298
         13.371298
         13.371298
         13.371298
         13.371298
         13.371297
         13.371297
         13.371297
         13.371296
         13.371296
         13.371296
         13.371295
         13.371295
         13.371294
         13.371294
         13.371293
         13.371293
         13.371293
         13.371292
         13.371292
         13.371291
         13.371291
         13.371291
         13.371290
         13.371290
         13.371289
         13.371289
         13.371289
         13.371288
         13.371288
         13.371287
         13.371287
         13.371286
         13.371286
         13.371285
         13.371285
         13.371284
         13.371283
         13.371283
         13.371282
         13.371281
         13.371280
         13.371280
         13.371279
         13.371278
         13.371277
         13.371276
         13.371276
         13.371275
         13.371274
         13.371273
         13.371273
         13.371272
         13.371271
         13.371271
         13.371270
         13.371269
         13.371269
         13.371268
         13.371268
         13.371268
         13.371267
         13.371267
         13.371266
         13.371266
         13.371266
         13.371265
         13.371265
         13.371265
         13.371264
         13.371264
         13.371264
         13.371263
         13.371263
         13.371262
         13.371262
         13.371261
         13.371261
         13.371260
         13.371260
         13.371259
         13.371258
         13.371257
         13.371257
         13.371256
         13.371255
         13.371254
         13.371254
         13.371253
         13.371252
         13.371251
         13.371251
         13.371250
         13.371249
         13.371249
         13.371248
         13.371248
         13.371247
         13.371247
         13.371247
         13.371246
         13.371246
         13.371246
         13.371246
         13.371246
         13.371246
         13.371245
         13.371245
         13.371245
         13.371245
         13.371245
         13.371245
         13.371245
         13.371245
         13.371245
         13.371244
         13.371244
         13.371244
         13.371243
         13.371243
         13.371242
         13.371242
         13.371241
         13.371240
         13.371240
         13.371239
         13.371238
         13.371237
         13.371237
         13.371236
         13.371235
         13.371234
         13.371234
         13.371233
         13.371233
         13.371232
         13.371232
         13.371232
         13.371231
         13.371231
         13.371231
         13.371231
         13.371231
         13.371231
         13.371232
         13.371232
         13.371232
         13.371232
         13.371233
         13.371233
         13.371233
         13.371234
         13.371234
         13.371234
         13.371234
         13.371235
         13.371235
         13.371235
         13.371235
         13.371235
         13.371234
         13.371234
         13.371234
         13.371233
         13.371233
         13.371233
         13.371232
         13.371232
         13.371231
         13.371231
         13.371231
         13.371230
         13.371230
         13.371230
         13.371230
         13.371230
         13.371231
         13.371232
         13.371232
