          0.614398
          0.614573
          0.614611
          0.614643
          0.614677
          0.614708
          0.614738
          0.614767
          0.614793
          0.614818
          0.614842
          0.614864
          0.614884
          0.614904
          0.614922
          0.614939
          0.614955
          0.614969
          0.614983
          0.614996
          0.615008
          0.615020
          0.615030
          0.615040
          0.615049
          0.615058
          0.615066
          0.615074
          0.615081
          0.615087
          0.615094
          0.615099
          0.615105
          0.615110
          0.615115
          0.615119
          0.615124
          0.615128
          0.615131
          0.615135
          0.615138
          0.615141
          0.615144
          0.615147
          0.615150
          0.615152
          0.615155
          0.615157
          0.615159
          0.615161
          0.615163
          0.615165
          0.615166
          0.615168
          0.615169
          0.615171
          0.615172
          0.615173
          0.615174
          0.615176
          0.615177
          0.615178
          0.615179
          0.615179
          0.615180
          0.615181
          0.615182
          0.615182
          0.615183
          0.615184
          0.615184
          0.615185
          0.615185
          0.615186
          0.615186
          0.615187
          0.615187
          0.615187
          0.615188
          0.615188
          0.615189
          0.615189
          0.615189
          0.615189
          0.615190
          0.615190
          0.615190
          0.615190
          0.615190
          0.615191
          0.615191
          0.615191
          0.615191
          0.615191
          0.615191
          0.615192
          0.615192
          0.615192
          0.615192
          0.615192
          0.615192
          0.615192
          0.615192
          0.615192
          0.615192
          0.615192
          0.615193
          0.615193
          0.615193
          0.615193
          0.615193
          0.615193
          0.615193
          0.615193
          0.615193
          0.615193
          0.615193
          0.615193
          0.615193
          0.615193
          0.615193
          0.615193
          0.615193
          0.615193
          0.615193
          0.615193
          0.615193
          0.615193
          0.615193
          0.615193
          0.615193
          0.615193
          0.615193
          0.615193
          0.615193
          0.615193
          0.615193
          0.615193
          0.615193
          0.615193
          0.615193
          0.615193
          0.615193
          0.615193
          0.615193
          0.615193
          0.615193
          0.615193
          0.615193
          0.615193
          0.615193
          0.615193
          0.615193
          0.615193
          0.615193
          0.615193
          0.615193
          0.615192
          0.615192
          0.615192
          0.615192
          0.615192
          0.615192
          0.615192
          0.615192
          0.615192
          0.615192
          0.615192
          0.615192
          0.615192
          0.615192
          0.615192
          0.615192
          0.615192
          0.615192
          0.615192
          0.615192
          0.615192
          0.615192
          0.615192
          0.615192
          0.615192
          0.615192
          0.615192
          0.615192
          0.615192
          0.615192
          0.615192
          0.615192
          0.615192
          0.615192
          0.615192
          0.615192
          0.615192
          0.615192
          0.615192
          0.615192
          0.615192
          0.615192
          0.615192
          0.615192
          0.615192
          0.615192
          0.615192
          0.615192
          0.615192
          0.615192
          0.615192
          0.615192
          0.615192
          0.615192
          0.615192
          0.615192
          0.615192
          0.615192
          0.615192
          0.615192
          0.615192
          0.615192
          0.615192
          0.615192
          0.615192
          0.615192
          0.615192
          0.615192
          0.615192
          0.615192
          0.615192
          0.615192
          0.615192
          0.615192
          0.615192
          0.615192
          0.615192
          0.615191
          0.615191
          0.615191
          0.615191
          0.615191
          0.615191
          0.615191
          0.615191
          0.615191
          0.615191
          0.615191
          0.615191
          0.615191
          0.615191
          0.615191
          0.615191
          0.615191
          0.615191
