          1.328061
          1.328991
          1.328994
          1.328932
          1.328852
          1.328770
          1.328695
          1.328627
          1.328568
          1.328516
          1.328471
          1.328432
          1.328397
          1.328365
          1.328338
          1.328313
          1.328291
          1.328271
          1.328252
          1.328236
          1.328221
          1.328207
          1.328195
          1.328184
          1.328174
          1.328164
          1.328156
          1.328148
          1.328141
          1.328135
          1.328129
          1.328124
          1.328119
          1.328114
          1.328110
          1.328106
          1.328103
          1.328100
          1.328097
          1.328094
          1.328092
          1.328090
          1.328088
          1.328086
          1.328084
          1.328082
          1.328081
          1.328080
          1.328078
          1.328077
          1.328076
          1.328075
          1.328074
          1.328073
          1.328073
          1.328072
          1.328071
          1.328070
          1.328070
          1.328069
          1.328069
          1.328068
          1.328068
          1.328067
          1.328067
          1.328067
          1.328066
          1.328066
          1.328066
          1.328065
          1.328065
          1.328065
          1.328065
          1.328064
          1.328064
          1.328064
          1.328064
          1.328064
          1.328064
          1.328063
          1.328063
          1.328063
          1.328063
          1.328063
          1.328063
          1.328063
          1.328063
          1.328062
          1.328062
          1.328062
          1.328062
          1.328062
          1.328062
          1.328062
          1.328062
          1.328062
          1.328062
          1.328062
          1.328062
          1.328062
          1.328062
          1.328061
          1.328061
          1.328061
          1.328061
          1.328061
          1.328061
          1.328061
          1.328061
          1.328061
          1.328061
          1.328061
          1.328061
          1.328061
          1.328061
          1.328061
          1.328061
          1.328061
          1.328061
          1.328061
          1.328061
          1.328061
          1.328061
          1.328061
          1.328061
          1.328061
          1.328061
          1.328061
          1.328061
          1.328061
          1.328061
          1.328061
          1.328061
          1.328061
          1.328061
          1.328061
          1.328061
          1.328061
          1.328061
          1.328061
          1.328061
          1.328061
          1.328061
          1.328061
          1.328061
          1.328061
          1.328061
          1.328061
          1.328061
          1.328061
          1.328061
          1.328061
          1.328061
          1.328061
          1.328061
          1.328061
          1.328061
          1.328061
          1.328061
          1.328061
          1.328061
          1.328061
          1.328061
          1.328061
          1.328061
          1.328061
          1.328061
          1.328061
          1.328061
          1.328061
          1.328061
          1.328061
          1.328061
          1.328061
          1.328061
          1.328061
          1.328061
          1.328061
          1.328061
          1.328061
          1.328061
          1.328061
          1.328061
          1.328061
          1.328061
          1.328061
          1.328061
          1.328061
          1.328061
          1.328061
          1.328061
          1.328061
          1.328061
          1.328061
          1.328061
          1.328061
          1.328061
          1.328061
          1.328061
          1.328061
          1.328061
          1.328061
          1.328061
          1.328061
          1.328061
          1.328061
          1.328061
          1.328061
          1.328061
          1.328061
          1.328061
          1.328061
          1.328061
          1.328061
          1.328061
          1.328061
          1.328061
          1.328061
          1.328061
          1.328061
          1.328061
          1.328061
          1.328061
          1.328061
          1.328061
          1.328061
          1.328061
          1.328061
          1.328061
          1.328061
          1.328061
          1.328061
          1.328061
          1.328061
          1.328061
          1.328061
          1.328061
          1.328061
          1.328061
          1.328061
          1.328061
          1.328061
          1.328061
          1.328061
          1.328061
          1.328061
          1.328061
          1.328061
          1.328061
          1.328061
          1.328061
          1.328061
          1.328061
