          0.282637
          0.282669
          0.282704
          0.282739
          0.282772
          0.282804
          0.282832
          0.282859
          0.282883
          0.282904
          0.282923
          0.282940
          0.282955
          0.282968
          0.282979
          0.282989
          0.282998
          0.283006
          0.283012
          0.283018
          0.283022
          0.283026
          0.283030
          0.283033
          0.283035
          0.283037
          0.283038
          0.283040
          0.283040
          0.283041
          0.283042
          0.283042
          0.283042
          0.283042
          0.283042
          0.283041
          0.283041
          0.283041
          0.283040
          0.283039
          0.283039
          0.283038
          0.283038
          0.283037
          0.283036
          0.283036
          0.283035
          0.283034
          0.283034
          0.283033
          0.283032
          0.283032
          0.283031
          0.283030
          0.283030
          0.283029
          0.283028
          0.283028
          0.283027
          0.283027
          0.283026
          0.283026
          0.283025
          0.283025
          0.283024
          0.283024
          0.283024
          0.283023
          0.283023
          0.283022
          0.283022
          0.283022
          0.283021
          0.283021
          0.283021
          0.283021
          0.283020
          0.283020
          0.283020
          0.283019
          0.283019
          0.283019
          0.283019
          0.283019
          0.283018
          0.283018
          0.283018
          0.283018
          0.283018
          0.283018
          0.283018
          0.283017
          0.283017
          0.283017
          0.283017
          0.283017
          0.283017
          0.283017
          0.283017
          0.283017
          0.283017
          0.283017
          0.283016
          0.283016
          0.283016
          0.283016
          0.283016
          0.283016
          0.283016
          0.283016
          0.283016
          0.283016
          0.283016
          0.283016
          0.283016
          0.283016
          0.283016
          0.283016
          0.283016
          0.283016
          0.283015
          0.283015
          0.283015
          0.283015
          0.283015
          0.283015
          0.283015
          0.283015
          0.283015
          0.283015
          0.283015
          0.283015
          0.283015
          0.283015
          0.283015
          0.283015
          0.283015
          0.283015
          0.283015
          0.283015
          0.283015
          0.283015
          0.283015
          0.283015
          0.283015
          0.283015
          0.283015
          0.283015
          0.283015
          0.283015
          0.283015
          0.283015
          0.283015
          0.283015
          0.283015
          0.283015
          0.283015
          0.283015
          0.283015
          0.283015
          0.283015
          0.283015
          0.283015
          0.283015
          0.283015
          0.283015
          0.283015
          0.283015
          0.283015
          0.283015
          0.283015
          0.283015
          0.283015
          0.283015
          0.283015
          0.283015
          0.283015
          0.283015
          0.283015
          0.283015
          0.283015
          0.283015
          0.283015
          0.283015
          0.283015
          0.283015
          0.283015
          0.283015
          0.283015
          0.283015
          0.283015
          0.283015
          0.283015
          0.283015
          0.283015
          0.283015
          0.283014
          0.283014
          0.283014
          0.283014
          0.283014
          0.283014
          0.283014
          0.283014
          0.283014
          0.283014
          0.283014
          0.283014
          0.283014
          0.283014
          0.283014
          0.283014
          0.283014
          0.283014
          0.283014
          0.283014
          0.283014
          0.283014
          0.283014
          0.283014
          0.283014
          0.283014
          0.283014
          0.283014
          0.283015
          0.283015
          0.283015
          0.283015
          0.283015
          0.283015
          0.283015
          0.283015
          0.283015
          0.283015
          0.283015
          0.283015
          0.283015
          0.283014
          0.283014
          0.283014
          0.283014
          0.283014
          0.283014
          0.283014
          0.283014
          0.283014
          0.283014
          0.283014
          0.283014
          0.283014
          0.283014
          0.283015
