         12.043104
         12.042728
         12.042393
         12.042101
         12.041851
         12.041639
         12.041465
         12.041323
         12.041210
         12.041124
         12.041062
         12.041020
         12.040996
         12.040987
         12.040992
         12.041008
         12.041034
         12.041068
         12.041108
         12.041154
         12.041205
         12.041259
         12.041316
         12.041375
         12.041435
         12.041496
         12.041558
         12.041620
         12.041681
         12.041742
         12.041803
         12.041862
         12.041920
         12.041977
         12.042032
         12.042086
         12.042138
         12.042189
         12.042238
         12.042285
         12.042331
         12.042375
         12.042418
         12.042458
         12.042497
         12.042535
         12.042571
         12.042605
         12.042638
         12.042670
         12.042700
         12.042729
         12.042756
         12.042782
         12.042807
         12.042831
         12.042853
         12.042875
         12.042895
         12.042914
         12.042933
         12.042950
         12.042967
         12.042982
         12.042997
         12.043011
         12.043024
         12.043037
         12.043049
         12.043060
         12.043070
         12.043080
         12.043090
         12.043098
         12.043107
         12.043114
         12.043122
         12.043129
         12.043135
         12.043141
         12.043147
         12.043152
         12.043157
         12.043162
         12.043166
         12.043170
         12.043174
         12.043178
         12.043181
         12.043184
         12.043187
         12.043190
         12.043192
         12.043194
         12.043197
         12.043199
         12.043200
         12.043202
         12.043204
         12.043205
         12.043207
         12.043208
         12.043209
         12.043210
         12.043211
         12.043212
         12.043213
         12.043213
         12.043214
         12.043215
         12.043215
         12.043216
         12.043216
         12.043216
         12.043216
         12.043217
         12.043217
         12.043217
         12.043217
         12.043217
         12.043217
         12.043217
         12.043216
         12.043216
         12.043216
         12.043216
         12.043215
         12.043215
         12.043215
         12.043214
         12.043214
         12.043214
         12.043213
         12.043213
         12.043212
         12.043212
         12.043212
         12.043211
         12.043211
         12.043211
         12.043210
         12.043210
         12.043210
         12.043209
         12.043209
         12.043208
         12.043208
         12.043208
         12.043207
         12.043207
         12.043207
         12.043206
         12.043206
         12.043205
         12.043205
         12.043204
         12.043204
         12.043203
         12.043203
         12.043202
         12.043202
         12.043201
         12.043201
         12.043200
         12.043199
         12.043199
         12.043198
         12.043198
         12.043197
         12.043196
         12.043196
         12.043195
         12.043195
         12.043194
         12.043194
         12.043193
         12.043193
         12.043192
         12.043192
         12.043191
         12.043191
         12.043191
         12.043190
         12.043190
         12.043190
         12.043189
         12.043189
         12.043189
         12.043188
         12.043188
         12.043188
         12.043187
         12.043187
         12.043187
         12.043186
         12.043186
         12.043186
         12.043185
         12.043185
         12.043184
         12.043184
         12.043184
         12.043183
         12.043183
         12.043182
         12.043182
         12.043181
         12.043181
         12.043180
         12.043179
         12.043179
         12.043178
         12.043178
         12.043178
         12.043177
         12.043177
         12.043176
         12.043176
         12.043176
         12.043175
         12.043175
         12.043175
         12.043175
         12.043175
         12.043174
         12.043174
         12.043174
         12.043174
         12.043174
         12.043174
         12.043174
         12.043174
         12.043174
         12.043174
         12.043174
         12.043174
         12.043174
         12.043174
         12.043174
         12.043174
         12.043174
         12.043173
         12.043173
         12.043173
         12.043173
         12.043173
         12.043172
         12.043172
         12.043172
         12.043172
         12.043172
         12.043172
         12.043172
