          0.999523
          0.999575
          0.999629
          0.999682
          0.999732
          0.999778
          0.999820
          0.999857
          0.999891
          0.999921
          0.999947
          0.999969
          0.999989
          1.000006
          1.000020
          1.000033
          1.000043
          1.000051
          1.000059
          1.000064
          1.000069
          1.000072
          1.000075
          1.000077
          1.000078
          1.000078
          1.000079
          1.000078
          1.000077
          1.000076
          1.000075
          1.000074
          1.000072
          1.000070
          1.000068
          1.000066
          1.000064
          1.000062
          1.000060
          1.000058
          1.000056
          1.000054
          1.000052
          1.000050
          1.000048
          1.000046
          1.000044
          1.000042
          1.000040
          1.000038
          1.000036
          1.000035
          1.000033
          1.000032
          1.000030
          1.000029
          1.000027
          1.000026
          1.000025
          1.000023
          1.000022
          1.000021
          1.000020
          1.000019
          1.000018
          1.000017
          1.000016
          1.000015
          1.000014
          1.000013
          1.000013
          1.000012
          1.000011
          1.000011
          1.000010
          1.000009
          1.000009
          1.000008
          1.000008
          1.000007
          1.000007
          1.000006
          1.000006
          1.000006
          1.000005
          1.000005
          1.000005
          1.000004
          1.000004
          1.000004
          1.000003
          1.000003
          1.000003
          1.000003
          1.000003
          1.000002
          1.000002
          1.000002
          1.000002
          1.000002
          1.000002
          1.000001
          1.000001
          1.000001
          1.000001
          1.000001
          1.000001
          1.000001
          1.000001
          1.000001
          1.000001
          1.000000
          1.000000
          1.000000
          1.000000
          1.000000
          1.000000
          1.000000
          1.000000
          1.000000
          1.000000
          1.000000
          1.000000
          1.000000
          1.000000
          1.000000
          1.000000
          1.000000
          1.000000
          1.000000
          1.000000
          1.000000
          1.000000
          1.000000
          1.000000
          1.000000
          1.000000
          1.000000
          1.000000
          1.000000
          1.000000
          1.000000
          1.000000
          1.000000
          1.000000
          1.000000
          1.000000
          1.000000
          1.000000
          1.000000
          0.999999
          0.999999
          0.999999
          0.999999
          0.999999
          0.999999
          0.999999
          0.999999
          0.999999
          0.999999
          0.999999
          0.999999
          0.999999
          0.999999
          0.999999
          0.999999
          0.999999
          0.999999
          0.999999
          0.999999
          0.999999
          0.999999
          0.999999
          0.999999
          0.999999
          0.999999
          0.999999
          0.999999
          0.999999
          0.999999
          1.000000
          1.000000
          1.000000
          1.000000
          1.000000
          1.000000
          1.000000
          1.000000
          1.000000
          1.000000
          1.000000
          1.000000
          1.000000
          1.000000
          1.000000
          1.000000
          1.000000
          0.999999
          0.999999
          0.999999
          0.999999
          0.999999
          0.999999
          0.999999
          0.999999
          0.999999
          0.999999
          0.999999
          0.999999
          0.999999
          0.999999
          0.999999
          0.999999
          0.999999
          0.999999
          1.000000
          1.000000
          1.000000
          1.000000
          1.000000
          1.000000
          1.000000
          1.000000
          1.000000
          1.000000
          1.000000
          1.000000
          1.000000
          1.000000
          1.000000
          1.000000
          1.000000
          1.000000
          1.000000
          1.000000
          1.000000
          1.000000
          1.000000
          1.000000
          1.000000
          1.000000
          1.000000
          1.000000
          1.000000
          1.000000
          1.000000
          1.000000
          1.000000
          1.000000
          1.000000
          1.000000
          1.000000
