          0.039679
          0.040801
          0.040811
          0.040798
          0.040777
          0.040751
          0.040723
          0.040694
          0.040666
          0.040640
          0.040615
          0.040592
          0.040571
          0.040552
          0.040534
          0.040519
          0.040506
          0.040494
          0.040483
          0.040473
          0.040465
          0.040458
          0.040451
          0.040446
          0.040441
          0.040436
          0.040432
          0.040429
          0.040426
          0.040424
          0.040422
          0.040420
          0.040419
          0.040417
          0.040416
          0.040415
          0.040415
          0.040414
          0.040414
          0.040413
          0.040413
          0.040413
          0.040413
          0.040413
          0.040413
          0.040413
          0.040413
          0.040413
          0.040413
          0.040413
          0.040413
          0.040414
          0.040414
          0.040414
          0.040414
          0.040415
          0.040415
          0.040415
          0.040415
          0.040416
          0.040416
          0.040416
          0.040416
          0.040416
          0.040417
          0.040417
          0.040417
          0.040417
          0.040418
          0.040418
          0.040418
          0.040418
          0.040418
          0.040418
          0.040419
          0.040419
          0.040419
          0.040419
          0.040419
          0.040419
          0.040420
          0.040420
          0.040420
          0.040420
          0.040420
          0.040420
          0.040420
          0.040420
          0.040420
          0.040421
          0.040421
          0.040421
          0.040421
          0.040421
          0.040421
          0.040421
          0.040421
          0.040421
          0.040421
          0.040421
          0.040421
          0.040421
          0.040421
          0.040421
          0.040421
          0.040422
          0.040422
          0.040422
          0.040422
          0.040422
          0.040422
          0.040422
          0.040422
          0.040422
          0.040422
          0.040422
          0.040422
          0.040422
          0.040422
          0.040422
          0.040422
          0.040422
          0.040422
          0.040422
          0.040422
          0.040422
          0.040422
          0.040422
          0.040422
          0.040422
          0.040422
          0.040422
          0.040422
          0.040422
          0.040422
          0.040422
          0.040422
          0.040422
          0.040422
          0.040422
          0.040422
          0.040422
          0.040422
          0.040422
          0.040422
          0.040422
          0.040422
          0.040422
          0.040422
          0.040422
          0.040422
          0.040422
          0.040422
          0.040422
          0.040422
          0.040422
          0.040422
          0.040422
          0.040422
          0.040422
          0.040422
          0.040422
          0.040422
          0.040422
          0.040422
          0.040422
          0.040422
          0.040422
          0.040422
          0.040422
          0.040422
          0.040422
          0.040422
          0.040422
          0.040422
          0.040422
          0.040422
          0.040422
          0.040422
          0.040422
          0.040422
          0.040422
          0.040422
          0.040422
          0.040422
          0.040422
          0.040422
          0.040422
          0.040422
          0.040422
          0.040422
          0.040422
          0.040422
          0.040422
          0.040422
          0.040422
          0.040422
          0.040422
          0.040422
          0.040422
          0.040422
          0.040422
          0.040422
          0.040422
          0.040422
          0.040422
          0.040422
          0.040422
          0.040422
          0.040422
          0.040422
          0.040422
          0.040422
          0.040422
          0.040422
          0.040422
          0.040422
          0.040422
          0.040422
          0.040423
          0.040423
          0.040423
          0.040423
          0.040423
          0.040422
          0.040422
          0.040422
          0.040422
          0.040422
          0.040422
          0.040422
          0.040422
          0.040422
          0.040422
          0.040422
          0.040422
          0.040422
          0.040422
          0.040422
          0.040422
          0.040422
          0.040422
          0.040422
          0.040422
          0.040422
          0.040422
          0.040422
          0.040422
          0.040422
          0.040422
          0.040422
          0.040422
