          1.761678
          1.761852
          1.761951
          1.761993
          1.761995
          1.761972
          1.761933
          1.761885
          1.761834
          1.761782
          1.761733
          1.761686
          1.761643
          1.761604
          1.761569
          1.761538
          1.761510
          1.761486
          1.761466
          1.761448
          1.761432
          1.761419
          1.761408
          1.761399
          1.761391
          1.761385
          1.761380
          1.761376
          1.761373
          1.761370
          1.761369
          1.761368
          1.761367
          1.761367
          1.761368
          1.761368
          1.761369
          1.761370
          1.761372
          1.761373
          1.761375
          1.761376
          1.761378
          1.761380
          1.761382
          1.761383
          1.761385
          1.761387
          1.761389
          1.761391
          1.761392
          1.761394
          1.761396
          1.761398
          1.761399
          1.761401
          1.761402
          1.761404
          1.761405
          1.761407
          1.761408
          1.761409
          1.761411
          1.761412
          1.761413
          1.761414
          1.761415
          1.761416
          1.761417
          1.761418
          1.761419
          1.761420
          1.761421
          1.761421
          1.761422
          1.761423
          1.761423
          1.761424
          1.761424
          1.761425
          1.761426
          1.761426
          1.761426
          1.761427
          1.761427
          1.761428
          1.761428
          1.761429
          1.761429
          1.761429
          1.761430
          1.761430
          1.761430
          1.761430
          1.761431
          1.761431
          1.761431
          1.761431
          1.761432
          1.761432
          1.761432
          1.761432
          1.761432
          1.761433
          1.761433
          1.761433
          1.761433
          1.761433
          1.761433
          1.761433
          1.761433
          1.761433
          1.761433
          1.761433
          1.761433
          1.761433
          1.761433
          1.761433
          1.761433
          1.761433
          1.761433
          1.761433
          1.761433
          1.761433
          1.761434
          1.761434
          1.761434
          1.761434
          1.761434
          1.761434
          1.761434
          1.761434
          1.761434
          1.761434
          1.761434
          1.761434
          1.761434
          1.761434
          1.761434
          1.761434
          1.761434
          1.761434
          1.761434
          1.761434
          1.761434
          1.761434
          1.761434
          1.761434
          1.761434
          1.761434
          1.761434
          1.761434
          1.761434
          1.761434
          1.761434
          1.761434
          1.761434
          1.761434
          1.761434
          1.761433
          1.761433
          1.761433
          1.761433
          1.761433
          1.761433
          1.761433
          1.761433
          1.761433
          1.761433
          1.761433
          1.761433
          1.761433
          1.761433
          1.761433
          1.761433
          1.761433
          1.761433
          1.761433
          1.761433
          1.761433
          1.761433
          1.761433
          1.761433
          1.761434
          1.761434
          1.761434
          1.761434
          1.761434
          1.761434
          1.761434
          1.761433
          1.761433
          1.761433
          1.761433
          1.761433
          1.761433
          1.761433
          1.761433
          1.761433
          1.761433
          1.761433
          1.761433
          1.761433
          1.761433
          1.761432
          1.761432
          1.761432
          1.761432
          1.761432
          1.761432
          1.761432
          1.761432
          1.761432
          1.761432
          1.761432
          1.761432
          1.761433
          1.761433
          1.761433
          1.761433
          1.761433
          1.761433
          1.761433
          1.761433
          1.761433
          1.761433
          1.761433
          1.761433
          1.761433
          1.761433
          1.761433
          1.761433
          1.761433
          1.761433
          1.761433
          1.761433
          1.761433
          1.761433
          1.761433
          1.761432
          1.761432
          1.761432
          1.761432
          1.761432
          1.761432
          1.761432
          1.761432
          1.761432
          1.761432
          1.761431
          1.761431
          1.761431
