          1.511421
          1.511693
          1.511510
          1.511278
          1.511059
          1.510862
          1.510691
          1.510546
          1.510423
          1.510320
          1.510232
          1.510158
          1.510093
          1.510039
          1.509993
          1.509954
          1.509920
          1.509892
          1.509867
          1.509846
          1.509828
          1.509812
          1.509799
          1.509788
          1.509779
          1.509771
          1.509765
          1.509759
          1.509755
          1.509752
          1.509749
          1.509747
          1.509746
          1.509745
          1.509745
          1.509745
          1.509745
          1.509745
          1.509746
          1.509747
          1.509748
          1.509749
          1.509750
          1.509752
          1.509753
          1.509755
          1.509756
          1.509758
          1.509759
          1.509761
          1.509762
          1.509764
          1.509765
          1.509767
          1.509768
          1.509770
          1.509771
          1.509772
          1.509774
          1.509775
          1.509776
          1.509777
          1.509778
          1.509780
          1.509781
          1.509782
          1.509783
          1.509784
          1.509784
          1.509785
          1.509786
          1.509787
          1.509787
          1.509788
          1.509789
          1.509789
          1.509790
          1.509791
          1.509791
          1.509792
          1.509792
          1.509792
          1.509793
          1.509793
          1.509794
          1.509794
          1.509795
          1.509795
          1.509795
          1.509796
          1.509796
          1.509796
          1.509797
          1.509797
          1.509797
          1.509797
          1.509798
          1.509798
          1.509798
          1.509798
          1.509799
          1.509799
          1.509799
          1.509799
          1.509799
          1.509799
          1.509799
          1.509800
          1.509800
          1.509800
          1.509800
          1.509800
          1.509800
          1.509800
          1.509800
          1.509800
          1.509800
          1.509800
          1.509800
          1.509800
          1.509800
          1.509800
          1.509800
          1.509800
          1.509800
          1.509800
          1.509800
          1.509800
          1.509800
          1.509800
          1.509800
          1.509800
          1.509800
          1.509800
          1.509800
          1.509800
          1.509800
          1.509800
          1.509800
          1.509801
          1.509801
          1.509801
          1.509801
          1.509801
          1.509801
          1.509801
          1.509801
          1.509801
          1.509801
          1.509801
          1.509801
          1.509801
          1.509801
          1.509800
          1.509800
          1.509800
          1.509800
          1.509800
          1.509800
          1.509800
          1.509800
          1.509800
          1.509800
          1.509800
          1.509799
          1.509799
          1.509799
          1.509799
          1.509799
          1.509799
          1.509799
          1.509799
          1.509800
          1.509800
          1.509800
          1.509800
          1.509800
          1.509800
          1.509800
          1.509800
          1.509800
          1.509800
          1.509800
          1.509800
          1.509800
          1.509801
          1.509801
          1.509801
          1.509801
          1.509800
          1.509800
          1.509800
          1.509800
          1.509800
          1.509800
          1.509800
          1.509800
          1.509800
          1.509799
          1.509799
          1.509799
          1.509799
          1.509799
          1.509799
          1.509799
          1.509799
          1.509799
          1.509799
          1.509799
          1.509799
          1.509799
          1.509799
          1.509799
          1.509799
          1.509799
          1.509799
          1.509799
          1.509799
          1.509799
          1.509800
          1.509800
          1.509800
          1.509800
          1.509800
          1.509800
          1.509800
          1.509800
          1.509800
          1.509800
          1.509800
          1.509800
          1.509800
          1.509800
          1.509800
          1.509800
          1.509800
          1.509800
          1.509799
          1.509799
          1.509799
          1.509799
          1.509799
          1.509798
          1.509798
          1.509798
          1.509798
          1.509798
          1.509798
          1.509797
          1.509797
          1.509797
          1.509797
