  8.659329408785051E-003  8.665475419741150E-003  8.665604584821931E-003
  8.664787057672521E-003  8.663539136847276E-003  8.661982397943099E-003
  8.660256361442702E-003  8.658479026232121E-003  8.656720556265853E-003
  8.655032477605653E-003  8.653439634770423E-003  8.651953501677991E-003
  8.650547291249817E-003  8.649284721510025E-003  8.648134483093827E-003
  8.647090184999567E-003  8.646144599410616E-003  8.645289094098499E-003
  8.644517207285604E-003  8.643819468099154E-003  8.643188666431252E-003
  8.642619124024052E-003  8.642105043994503E-003  8.641640931821612E-003
  8.641221905435524E-003  8.640843516456775E-003  8.640501810483571E-003
  8.640193158775660E-003  8.639914140397003E-003  8.639661809048916E-003
  8.639433545230286E-003  8.639226941342840E-003  8.639039906800202E-003
  8.638870367507628E-003  8.638716771568347E-003  8.638577448909342E-003
  8.638451153120889E-003  8.638336581766196E-003  8.638232545368928E-003
  8.638138141925926E-003  8.638052505357045E-003  8.637974760925139E-003
  8.637904269524464E-003  8.637840249269751E-003  8.637782186469645E-003
  8.637729560271782E-003  8.637681893178414E-003  8.637638676909467E-003
  8.637599593196375E-003  8.637564239424279E-003  8.637532244090777E-003
  8.637503349552387E-003  8.637477291531996E-003  8.637453691445807E-003
  8.637432512990963E-003  8.637413323374024E-003  8.637396087553527E-003
  8.637380520802868E-003  8.637366505473068E-003  8.637353818386725E-003
  8.637342447213765E-003  8.637332212482918E-003  8.637322992547483E-003
  8.637314605669291E-003  8.637307092073580E-003  8.637300287629636E-003
  8.637294133921130E-003  8.637288591276968E-003  8.637283618438818E-003
  8.637279185816514E-003  8.637275140858583E-003  8.637271587444002E-003
  8.637268445366959E-003  8.637265667942276E-003  8.637263232360182E-003
  8.637261201944749E-003  8.637259428468902E-003  8.637258017012569E-003
  8.637256882196251E-003  8.637256100089872E-003  8.637255584617157E-003
  8.637255355038983E-003  8.637255349562457E-003  8.637255700348689E-003
  8.637256147884858E-003  8.637256936623525E-003  8.637257899104765E-003
  8.637259039683862E-003  8.637260331614306E-003  8.637261794049233E-003
  8.637263406169673E-003  8.637265036428844E-003  8.637266790538157E-003
  8.637268592224898E-003  8.637270392297973E-003  8.637272196495228E-003
  8.637273944642060E-003  8.637275725819000E-003  8.637277291811371E-003
  8.637278891698373E-003  8.637280286926586E-003  8.637281586164088E-003
  8.637282744986289E-003  8.637283764874583E-003  8.637284625331853E-003
  8.637285329904676E-003  8.637285877367010E-003  8.637286317064723E-003
  8.637286555297264E-003  8.637286767463264E-003  8.637286770192525E-003
  8.637286779196476E-003  8.637286723361120E-003  8.637286623503583E-003
  8.637286461210595E-003  8.637286378689902E-003  8.637286280101965E-003
  8.637286241492115E-003  8.637286280999258E-003  8.637286480932975E-003
  8.637286748965479E-003  8.637287199530984E-003  8.637287806008333E-003
  8.637288532147564E-003  8.637289476298254E-003  8.637290599389226E-003
  8.637291887276547E-003  8.637293318598940E-003  8.637294965846422E-003
  8.637296744767205E-003  8.637298642162986E-003  8.637300596609328E-003
  8.637302670990173E-003  8.637304806352573E-003  8.637306890174713E-003
  8.637309036702637E-003  8.637311147527662E-003  8.637313197435301E-003
  8.637315150611434E-003  8.637316986525192E-003  8.637318631341682E-003
  8.637320157396605E-003  8.637321442342536E-003  8.637322600716545E-003
  8.637323461860731E-003  8.637324117773357E-003  8.637324571923651E-003
  8.637324792141080E-003  8.637324833449204E-003  8.637324629903194E-003
  8.637324310881971E-003  8.637323878653772E-003  8.637323196984813E-003
  8.637322510758856E-003  8.637321693627777E-003  8.637320874355052E-003
  8.637320067994725E-003  8.637319384593624E-003  8.637318668350874E-003
  8.637318112308265E-003  8.637317687671434E-003  8.637317485342775E-003
  8.637317477175412E-003  8.637317660663819E-003  8.637318098941804E-003
  8.637318802845562E-003  8.637319753570016E-003  8.637320983884575E-003
  8.637322442508163E-003  8.637324161534444E-003  8.637326050886164E-003
  8.637328163816798E-003  8.637330442711815E-003  8.637332789726240E-003
  8.637335277549320E-003  8.637337829879578E-003  8.637340282469807E-003
  8.637342762821730E-003  8.637345152181510E-003  8.637347388215068E-003
  8.637349430860397E-003  8.637351326420224E-003  8.637352932967850E-003
  8.637354286923091E-003  8.637355379744029E-003  8.637356132574530E-003
  8.637356560373993E-003  8.637356656733644E-003  8.637356481136612E-003
  8.637355967049848E-003  8.637355156452404E-003  8.637354068092476E-003
  8.637352742657037E-003  8.637351311381882E-003  8.637349629760736E-003
  8.637347899614824E-003  8.637346121354847E-003  8.637344303991917E-003
  8.637342606505507E-003  8.637341004886081E-003  8.637339510007811E-003
  8.637338336054316E-003  8.637337369513271E-003  8.637336666080664E-003
  8.637336396344016E-003  8.637336328759149E-003  8.637336752548524E-003
  8.637337461794568E-003  8.637338630813524E-003  8.637340101906537E-003
  8.637341905048699E-003  8.637344052368223E-003  8.637346520598391E-003
  8.637349172885136E-003  8.637352051399681E-003  8.637355102117756E-003
  8.637358148841690E-003  8.637361198301037E-003  8.637364222074985E-003
  8.637367135637225E-003  8.637369834440682E-003  8.637372214107925E-003
  8.637374371780280E-003  8.637376197315586E-003  8.637377509876764E-003
  8.637378438754303E-003  8.637378916644574E-003  8.637378880872910E-003
  8.637378342322314E-003  8.637377279944432E-003  8.637375849594122E-003
  8.637373883840229E-003  8.637371444651690E-003  8.637368724210366E-003
  8.637365567141194E-003  8.637362221503884E-003  8.637358650524748E-003
  8.637354948956188E-003  8.637351136853776E-003  8.637347406184940E-003
  8.637343687776263E-003  8.637340161869230E-003  8.637336769594833E-003
  8.637333607419454E-003  8.637330721796161E-003  8.637328137725577E-003
  8.637325837896344E-003  8.637323855172950E-003  8.637322074217406E-003
  8.637320486348672E-003  8.637319001518083E-003  8.637317584108160E-003
   1.00015756356705        1.00015270127592        1.00014348183292     
   1.00013261323182        1.00012103693201        1.00010935367460     
   1.00009798291684        1.00008719178191        1.00007713099263     
   1.00006787314651        1.00005943604832        1.00005180399052     
   1.00004494114109        1.00003880973729        1.00003334509435     
   1.00002848936451        1.00002418573784        1.00002037995594     
   1.00001702150957        1.00001406336423        1.00001146314212     
   1.00000918245297        1.00000718636528        1.00000544337110     
   1.00000392519483        1.00000260648710        1.00000146457096     
   1.00000047916976       0.999999632194600       0.999998907575952     
  0.999998291013880       0.999997769783064       0.999997332582525     
  0.999996969359962       0.999996671239282       0.999996430290387     
  0.999996239513344       0.999996092653036       0.999995984174910     
  0.999995909190251       0.999995863328340       0.999995842695574     
  0.999995843852570       0.999995863716050       0.999995899585012     
  0.999995949036250       0.999996009911550       0.999996080291804     
  0.999996158495764       0.999996243008806       0.999996332502824     
  0.999996425819028       0.999996521924957       0.999996619911491     
  0.999996719025775       0.999996818556649       0.999996917959060     
  0.999997016722309       0.999997114448107       0.999997210793749     
  0.999997305503331       0.999997398336999       0.999997489123955     
  0.999997577742151       0.999997664134982       0.999997748236654     
  0.999997830036741       0.999997909543849       0.999997986777270     
  0.999998061766291       0.999998134544811       0.999998205189685     
  0.999998273736280       0.999998340237088       0.999998404750061     
  0.999998467329434       0.999998527997199       0.999998586811528     
  0.999998643784131       0.999998698941717       0.999998752273900     
  0.999998803786611       0.999998853468858       0.999998901319015     
  0.999998947283678       0.999998991384996       0.999999033558871     
  0.999999073789934       0.999999112057456       0.999999148346176     
  0.999999182632335       0.999999214899177       0.999999245173772     
  0.999999273451136       0.999999299754046       0.999999324126044     
  0.999999346614064       0.999999367290371       0.999999386205302     
  0.999999403495759       0.999999419224701       0.999999433538560     
  0.999999446554446       0.999999458409012       0.999999469243077     
  0.999999479207567       0.999999488454366       0.999999497136411     
  0.999999505390558       0.999999513381953       0.999999521215607     
  0.999999529050773       0.999999536970441       0.999999545073003     
  0.999999553441985       0.999999562157023       0.999999571241437     
  0.999999580737965       0.999999590652761       0.999999600973026     
  0.999999611646960       0.999999622640799       0.999999633872608     
  0.999999645258271       0.999999656715726       0.999999668122267     
  0.999999679360943       0.999999690313995       0.999999700866728     
  0.999999710879003       0.999999720238401       0.999999728839648     
  0.999999736601240       0.999999743426559       0.999999749245291     
  0.999999754032408       0.999999757735560       0.999999760345103     
  0.999999761872047       0.999999762352342       0.999999761841701     
  0.999999760432465       0.999999758206190       0.999999755295516     
  0.999999751807373       0.999999747913962       0.999999743765612     
  0.999999739517704       0.999999735340272       0.999999731388171     
  0.999999727837824       0.999999724821710       0.999999722468159     
  0.999999720943373       0.999999720326051       0.999999720724987     
  0.999999722194613       0.999999724770155       0.999999728437662     
  0.999999733218312       0.999999739054333       0.999999745880315     
  0.999999753585450       0.999999762052795       0.999999771151920     
  0.999999780718377       0.999999790572393       0.999999800530899     
  0.999999810393134       0.999999819970287       0.999999829061175     
  0.999999837494359       0.999999845084427       0.999999851670588     
  0.999999857132417       0.999999861337289       0.999999864191131     
  0.999999865668039       0.999999865717388       0.999999864345086     
  0.999999861596422       0.999999857548963       0.999999852283950     
  0.999999845947487       0.999999838691976       0.999999830689457     
  0.999999822152999       0.999999813303746       0.999999804374659     
  0.999999795587002       0.999999787188711       0.999999779415674     
  0.999999772495306       0.999999766635963       0.999999761994925     
  0.999999758764601       0.999999757057400       0.999999756967980     
  0.999999758568250       0.999999761857170       0.999999766818792     
  0.999999773409683       0.999999781492761       0.999999790944483     
  0.999999801600620       0.999999813220589       0.999999825619555     
  0.999999838501960       0.999999851623836       0.999999864674243     
  0.999999877385871       0.999999889477655       0.999999900664116     
  0.999999910671455       0.999999919278458       0.999999926262546     
  0.999999931435132       0.999999934684538       0.999999935918606     
  0.999999935078908       0.999999932161174       0.999999927223349     
  0.999999920385652       0.999999911765061       0.999999901542981     
  0.999999889986733       0.999999877346557       0.999999863916900     
  0.999999850032211       0.999999836039236       0.999999822302695     
  0.999999809144496       0.999999796943973       0.999999786058469     
  0.999999776775677       0.999999769421531       0.999999764224951     
  0.999999761405825       0.999999761129362       0.999999763526089     
  0.999999768634119       0.999999776481337       0.999999787004177     
  0.999999800124871       0.999999815700858       0.999999833541647     
  0.999999853417545       0.999999875075387       0.999999898224743     
  0.999999922588782       0.999999947870001       0.999999973775984     
   1.51142064773912        1.51169318981995        1.51150981606420     
   1.51127826328669        1.51105863088553        1.51086182760462     
   1.51069104717183        1.51054581493309        1.51042297198635     
   1.51031950282418        1.51023213467953        1.51015800956205     
   1.51009298262711        1.51003916556884        1.50999329208221     
   1.50995407360177        1.50992049500630        1.50989168202468     
   1.50986704265386        1.50984590217775        1.50982778052612     
   1.50981232452979        1.50979919918430        1.50978810182040     
   1.50977877643760        1.50977099676628        1.50976456942044     
   1.50975932161512        1.50975509154255        1.50975174540004     
   1.50974916626381        1.50974724963516        1.50974590710365     
   1.50974504812419        1.50974461461498        1.50974453583910     
   1.50974476700334        1.50974525723799        1.50974596056870     
   1.50974684813479        1.50974788979998        1.50974905515185     
   1.50975032541399        1.50975167254249        1.50975308385054     
   1.50975454508821        1.50975604239765        1.50975755984569     
   1.50975909349251        1.50976063105719        1.50976216316101     
   1.50976368532206        1.50976519396739        1.50976667543543     
   1.50976813696582        1.50976956171810        1.50977095723441     
   1.50977231314434        1.50977363096015        1.50977490374650     
   1.50977613848889        1.50977732929209        1.50977847513628     
   1.50977957026626        1.50978062367760        1.50978162928444     
   1.50978258855227        1.50978350413113        1.50978437610246     
   1.50978520793024        1.50978599407586        1.50978674427930     
   1.50978745659241        1.50978813157220        1.50978877106347     
   1.50978938281904        1.50978995956917        1.50979051138314     
   1.50979103464465        1.50979153773395        1.50979201756554     
   1.50979247749506        1.50979291656053        1.50979334476680     
   1.50979374873143        1.50979414586484        1.50979452695948     
   1.50979489480974        1.50979524904389        1.50979559413515     
   1.50979592932647        1.50979624842585        1.50979655891066     
   1.50979685855829        1.50979714456368        1.50979741909690     
   1.50979767899807        1.50979792982416        1.50979815841339     
   1.50979838025222        1.50979858094897        1.50979876823874     
   1.50979893916577        1.50979909380252        1.50979923112973     
   1.50979935176730        1.50979945612971        1.50979954639569     
   1.50979961684829        1.50979967847093        1.50979971968300     
   1.50979975362013        1.50979977593549        1.50979978790864     
   1.50979978916076        1.50979978671996        1.50979977620776     
   1.50979976162930        1.50979974517949        1.50979973199910     
   1.50979971692197        1.50979970635801        1.50979970033585     
   1.50979969668690        1.50979970251325        1.50979971509382     
   1.50979973517881        1.50979976174590        1.50979980016404     
   1.50979984615563        1.50979989907712        1.50979995586221     
   1.50980002123755        1.50980009263643        1.50980016285663     
   1.50980023928217        1.50980031658443        1.50980039369755     
   1.50980046728550        1.50980053705319        1.50980059880390     
   1.50980065591023        1.50980070151536        1.50980074194091     
   1.50980076569650        1.50980077891177        1.50980078028948     
   1.50980076798390        1.50980074447129        1.50980070472356     
   1.50980065637767        1.50980059808309        1.50980052255386     
   1.50980044318509        1.50980035159114        1.50980025578195     
   1.50980015749411        1.50980006065481        1.50979995676635     
   1.50979985819667        1.50979976319665        1.50979967693726     
   1.50979959848582        1.50979952789171        1.50979946989744     
   1.50979942608081        1.50979939539523        1.50979938078606     
   1.50979937977355        1.50979939557938        1.50979942331826     
   1.50979946688982        1.50979952414133        1.50979959000535     
   1.50979966864441        1.50979975548709        1.50979984255176     
   1.50979993756329        1.50980003302933        1.50980012585584     
   1.50980021211113        1.50980029630914        1.50980036869496     
   1.50980043100802        1.50980048215160        1.50980051621511     
   1.50980053337686        1.50980053308405        1.50980051807020     
   1.50980048238460        1.50980042791372        1.50980035531434     
   1.50980026566015        1.50980016608633        1.50980004714702     
   1.50979992010375        1.50979978465037        1.50979964109894     
   1.50979949823988        1.50979935446682        1.50979921043686     
   1.50979907997926        1.50979895575568        1.50979884191725     
   1.50979874996524        1.50979866555569        1.50979860743131     
   1.50979856530706        1.50979854985498        1.50979855263044     
   1.50979857721891        1.50979862530417        1.50979869660391     
   1.50979878434652        1.50979889204080        1.50979901696170     
   1.50979914898415        1.50979929087559        1.50979943990436     
   1.50979959165131        1.50979974050385        1.50979987963921     
   1.50980001509475        1.50980013905757        1.50980024029558     
   1.50980032610125        1.50980039099064        1.50980043030310     
   1.50980044367163        1.50980042874220        1.50980039293862     
   1.50980032556302        1.50980022837932        1.50980011261413     
   1.50979996681493        1.50979980560266        1.50979962603838     
   1.50979943243946        1.50979922664313        1.50979901888842     
   1.50979880619428        1.50979860044940        1.50979839753163     
   1.50979820511822        1.50979802719716        1.50979786676513     
   1.50979772484364        1.50979760704518        1.50979750621372     
   1.50979742550506        1.50979736207361        1.50979731392715     
  0.680356583013365       0.680453242388897       0.680492081714583     
  0.680547993940792       0.680611163305614       0.680672440102955     
  0.680728741672440       0.680779646119251       0.680825308670701     
  0.680866392152135       0.680903425719259       0.680936880552106     
  0.680966441155865       0.680994034159491       0.681019332472739     
  0.681042565643793       0.681063937783529       0.681083603771247     
  0.681101749075904       0.681118463309400       0.681133861727387     
  0.681148071415405       0.681161194710891       0.681173319019856     
  0.681184526399193       0.681194890613319       0.681204480838156     
  0.681213359046727       0.681221578023582       0.681229189533171     
  0.681236241650856       0.681242777771934       0.681248839346509     
  0.681254459466496       0.681259676963146       0.681264520022276     
  0.681269021306394       0.681273206324181       0.681277097904535     
  0.681280721512373       0.681284098773696       0.681287247724760     
  0.681290188085651       0.681292933214562       0.681295499972052     
  0.681297902559571       0.681300153450151       0.681302262388788     
  0.681304242092753       0.681306100862436       0.681307846560303     
  0.681309487945159       0.681311032955435       0.681312484788737     
  0.681313853971474       0.681315140795070       0.681316354261860     
  0.681317496087228       0.681318571806941       0.681319583353209     
  0.681320537555227       0.681321436128515       0.681322282045902     
  0.681323076194712       0.681323824841680       0.681324528415199     
  0.681325189842404       0.681325812337460       0.681326398169144     
  0.681326950476609       0.681327468769240       0.681327958419577     
  0.681328420228742       0.681328855674802       0.681329266618568     
  0.681329657123412       0.681330025383049       0.681330376079608     
  0.681330708665154       0.681331026985860       0.681331330437679     
  0.681331620778268       0.681331897960347       0.681332166282714     
  0.681332420673374       0.681332668055709       0.681332905130439     
  0.681333132944408       0.681333351394057       0.681333562127335     
  0.681333764952447       0.681333957327486       0.681334142133362     
  0.681334318420945       0.681334485109151       0.681334642945043     
  0.681334790731991       0.681334930772636       0.681335057807651     
  0.681335178008508       0.681335285955147       0.681335384713435     
  0.681335473416799       0.681335552369958       0.681335621451816     
  0.681335681177816       0.681335731993401       0.681335775226292     
  0.681335809007187       0.681335838013027       0.681335858154714     
  0.681335874940931       0.681335887145892       0.681335895599286     
  0.681335900391499       0.681335904774602       0.681335907226341     
  0.681335909557527       0.681335912756248       0.681335919041540     
  0.681335926451007       0.681335937572738       0.681335952324445     
  0.681335969744587       0.681335992420532       0.681336019227914     
  0.681336050090215       0.681336084312952       0.681336123688228     
  0.681336166188078       0.681336211196425       0.681336257072866     
  0.681336305257168       0.681336354397610       0.681336401319310     
  0.681336448577963       0.681336493845626       0.681336536408431     
  0.681336574868657       0.681336608875816       0.681336636633413     
  0.681336659536706       0.681336674895170       0.681336685349278     
  0.681336686642153       0.681336681258235       0.681336669149849     
  0.681336649901275       0.681336624902326       0.681336592654146     
  0.681336556573958       0.681336516784394       0.681336470680295     
  0.681336424037101       0.681336374140500       0.681336324458013     
  0.681336276018112       0.681336231009176       0.681336186255191     
  0.681336146688475       0.681336111854224       0.681336083929294     
  0.681336062525089       0.681336047548678       0.681336040652359     
  0.681336042199658       0.681336051527165       0.681336069376940     
  0.681336094351120       0.681336127149905       0.681336165317416     
  0.681336209823952       0.681336259224625       0.681336310889925     
  0.681336365966970       0.681336422226002       0.681336475805897     
  0.681336529285511       0.681336579488049       0.681336624793574     
  0.681336663512735       0.681336697151291       0.681336721928799     
  0.681336738540949       0.681336746751681       0.681336744533045     
  0.681336732237456       0.681336710011006       0.681336679469129     
  0.681336638954272       0.681336589753323       0.681336532766801     
  0.681336469139328       0.681336402455745       0.681336329700127     
  0.681336255922257       0.681336181703762       0.681336107693086     
  0.681336037927728       0.681335972274846       0.681335911244793     
  0.681335860489359       0.681335817378836       0.681335783426024     
  0.681335763050281       0.681335750461661       0.681335752574228     
  0.681335764861472       0.681335791015572       0.681335827095748     
  0.681335873656031       0.681335930620394       0.681335997119415     
  0.681336069554072       0.681336148438836       0.681336231946727     
  0.681336315280509       0.681336398539528       0.681336480169095     
  0.681336557868018       0.681336628862140       0.681336690110088     
  0.681336743758608       0.681336786824283       0.681336814853010     
  0.681336830842025       0.681336833148698       0.681336820403579     
  0.681336793028392       0.681336750829348       0.681336697710316     
  0.681336630379183       0.681336550466288       0.681336463420328     
  0.681336365945559       0.681336264775056       0.681336159870180     
  0.681336053992090       0.681335948689693       0.681335848955513     
  0.681335754297363       0.681335669910527       0.681335594777975     
  0.681335532101875       0.681335483648017       0.681335450633527     
  0.681335433299878       0.681335433398278       0.681335447905607     
  0.681335477322931       0.681335519801763       0.681335573940463     
 -4.489942642620701E-003 -1.086913659182190E-003 -1.019911236433780E-003
 -9.198887420087976E-004 -8.174558679510651E-004 -7.197305236318896E-004
 -6.301511837331841E-004 -5.500934165710787E-004 -4.792430792058804E-004
 -4.170264125987659E-004 -3.624608622921005E-004 -3.145571613294914E-004
 -2.715065517493142E-004 -2.345760435956078E-004 -2.022230827462585E-004
 -1.738479677618599E-004 -1.489503186209955E-004 -1.270757869954472E-004
 -1.078984405696121E-004 -9.104144547111364E-005 -7.622346901377292E-005
 -6.322730675871500E-005 -5.184556459920328E-005 -4.188881732210749E-005
 -3.319339005401950E-005 -2.561317193037055E-005 -1.902101048558871E-005
 -1.330255634356212E-005 -8.351356965800449E-006 -4.077343456677641E-006
 -4.010379775637825E-007  2.748956918216190E-006  5.434071426777935E-006
  7.715258018525404E-006  9.635709117614453E-006  1.124358888636013E-005
  1.257280930942259E-005  1.365935302829989E-005  1.453574589207889E-005
  1.522499931789688E-005  1.574990587141879E-005  1.613288750260420E-005
  1.638972242477749E-005  1.654041576366590E-005  1.659662175105742E-005
  1.657036766539017E-005  1.647300590825245E-005  1.631665557824882E-005
  1.610702768623380E-005  1.585365799522737E-005  1.556445071523732E-005
  1.524447494376816E-005  1.489828400950937E-005  1.453518000544660E-005
  1.415365834587021E-005  1.376435206062929E-005  1.336537131733795E-005
  1.296366842976888E-005  1.256013043307021E-005  1.215972088415007E-005
  1.176030027799658E-005  1.136603978312225E-005  1.097868405779929E-005
  1.060223897882522E-005  1.023318319661698E-005  9.875443738164078E-006
  9.529114731538577E-006  9.193671991329872E-006  8.869683303365300E-006
  8.556164239836443E-006  8.256583954371578E-006  7.966534867460907E-006
  7.687536786569239E-006  7.419839142724546E-006  7.163001010438681E-006
  6.913618094962070E-006  6.675744182483441E-006  6.444704957990230E-006
  6.222660195118515E-006  6.005805852985531E-006  5.796059822887472E-006
  5.592068988816760E-006  5.394694296740236E-006  5.199101198816506E-006
  5.012509258974957E-006  4.826344902922554E-006  4.645516087267200E-006
  4.468920047923319E-006  4.296963964033272E-006  4.127758688255298E-006
  3.961809832002517E-006  3.802541038909856E-006  3.646274208625974E-006
  3.494415454094831E-006  3.348491901885697E-006  3.207608688839075E-006
  3.073457842830158E-006  2.943277156505834E-006  2.823993164514842E-006
  2.707711317241393E-006  2.601805200572904E-006  2.502457627961471E-006
  2.411125688495984E-006  2.327786602811575E-006  2.252955536207101E-006
  2.186292350840000E-006  2.127605049789170E-006  2.075667396974899E-006
  2.033391531027367E-006  1.995142449736858E-006  1.966728759128370E-006
  1.941396692891027E-006  1.921351886481380E-006  1.905897037903401E-006
  1.895247587946967E-006  1.885602293306821E-006  1.879292397116525E-006
  1.874195690189752E-006  1.869213926265375E-006  1.861709380192397E-006
  1.854371543548465E-006  1.843912636680682E-006  1.830411517180205E-006
  1.815004188574785E-006  1.794164766871776E-006  1.769260312664060E-006
  1.740096789781556E-006  1.707240780986581E-006  1.668080374215149E-006
  1.624952999252699E-006  1.578260598348413E-006  1.529672689681360E-006
  1.476865099482157E-006  1.421317747885348E-006  1.366706232958713E-006
  1.309354313321493E-006  1.252106030640466E-006  1.195572746719215E-006
  1.141434862601843E-006  1.089935091451614E-006  1.043268320105154E-006
  9.996335533973292E-007  9.626056749040916E-007  9.289066868964556E-007
  9.043184512762970E-007  8.856921460305484E-007  8.735569600113710E-007
  8.688238005246439E-007  8.701076489699102E-007  8.798575741265264E-007
  8.940959142935166E-007  9.133848341946310E-007  9.414514154277746E-007
  9.712431206385221E-007  1.006921816971048E-006  1.044327832578600E-006
  1.082577958599091E-006  1.119413298764399E-006  1.159228383610229E-006
  1.195675750914946E-006  1.229569556694642E-006  1.258236415685663E-006
  1.282221729076858E-006  1.301502665149195E-006  1.313717598962059E-006
  1.318147932035330E-006  1.315347605813955E-006  1.303926769372137E-006
  1.285263074245027E-006  1.257867514459841E-006  1.224334330695197E-006
  1.182787786049165E-006  1.134549722655754E-006  1.082336937589709E-006
  1.024064752640171E-006  9.621681967399840E-007  9.009704443563535E-007
  8.365741836090578E-007  7.728405698095465E-007  7.114712019815383E-007
  6.543850205922898E-007  5.994637569423288E-007  5.516506610283026E-007
  5.100302729158059E-007  4.751349055906075E-007  4.498712394731842E-007
  4.340683640888386E-007  4.279825767837805E-007  4.301042807355439E-007
  4.432788034227209E-007  4.664158984599455E-007  4.990442871093959E-007
  5.404222874361376E-007  5.867703105855256E-007  6.427811153084929E-007
  7.025030123280919E-007  7.659534036427184E-007  8.328852833552975E-007
  8.986486793258624E-007  9.639656693085545E-007  1.028441216085128E-006
  1.085017412826730E-006  1.137370163634810E-006  1.183423217976175E-006
  1.217391588508759E-006  1.246590932007367E-006  1.261546384402553E-006
  1.267720650480916E-006  1.259729974349522E-006  1.242047601867507E-006
  1.213019854468193E-006  1.171946299859675E-006  1.119172918024892E-006
  1.058387716188870E-006  9.879872567251109E-007  9.095500509883880E-007
  8.284271934151825E-007  7.435013034307802E-007  6.561765405590599E-007
  5.688732195328385E-007  4.846363796110320E-007  4.069486956535367E-007
  3.327969966851493E-007  2.661738960762179E-007  2.128448297518895E-007
  1.690166755400882E-007  1.373931424235623E-007  1.202993115438870E-007
  1.178006281313790E-007  1.309533856445260E-007  1.557460924051099E-007
  1.975702895813488E-007  2.552561047694284E-007  3.229259025593033E-007
  4.061904131476369E-007  4.974438800300711E-007  5.980721407691560E-007
  7.056632468376748E-007  8.192414406174161E-007  9.334058509767105E-007
  1.049729607200235E-006  1.162204242853864E-006  1.272918557827673E-006
  1.378146718379838E-006  1.476006724090408E-006  1.565217166277319E-006
  1.645564229079028E-006  1.714674523534475E-006  1.776405033188181E-006
  1.829611880893760E-006  1.876173079992605E-006  1.917305192984836E-006
