          1.328227
          1.328300
          1.328253
          1.328211
          1.328180
          1.328155
          1.328135
          1.328119
          1.328106
          1.328095
          1.328086
          1.328079
          1.328072
          1.328067
          1.328063
          1.328059
          1.328056
          1.328054
          1.328053
          1.328051
          1.328050
          1.328049
          1.328049
          1.328048
          1.328048
          1.328048
          1.328048
          1.328048
          1.328049
          1.328049
          1.328049
          1.328050
          1.328050
          1.328051
          1.328051
          1.328052
          1.328052
          1.328053
          1.328054
          1.328054
          1.328055
          1.328055
          1.328056
          1.328056
          1.328057
          1.328057
          1.328058
          1.328058
          1.328059
          1.328059
          1.328060
          1.328060
          1.328061
          1.328061
          1.328061
          1.328062
          1.328062
          1.328062
          1.328063
          1.328063
          1.328063
          1.328064
          1.328064
          1.328064
          1.328064
          1.328064
          1.328065
          1.328065
          1.328065
          1.328065
          1.328065
          1.328065
          1.328065
          1.328066
          1.328066
          1.328066
          1.328066
          1.328066
          1.328066
          1.328066
          1.328066
          1.328066
          1.328066
          1.328066
          1.328066
          1.328066
          1.328066
          1.328066
          1.328066
          1.328066
          1.328067
          1.328067
          1.328067
          1.328067
          1.328067
          1.328067
          1.328067
          1.328067
          1.328067
          1.328067
          1.328067
          1.328067
          1.328067
          1.328067
          1.328067
          1.328067
          1.328067
          1.328067
          1.328067
          1.328067
          1.328067
          1.328067
          1.328067
          1.328067
          1.328066
          1.328066
          1.328066
          1.328066
          1.328066
          1.328066
          1.328066
          1.328066
          1.328066
          1.328066
          1.328066
          1.328066
          1.328066
          1.328066
          1.328066
          1.328066
          1.328066
          1.328066
          1.328066
          1.328066
          1.328066
          1.328066
          1.328066
          1.328066
          1.328066
          1.328066
          1.328066
          1.328066
          1.328066
          1.328066
          1.328066
          1.328066
          1.328066
          1.328066
          1.328066
          1.328066
          1.328066
          1.328066
          1.328066
          1.328066
          1.328065
          1.328065
          1.328065
          1.328065
          1.328065
          1.328065
          1.328065
          1.328065
          1.328065
          1.328065
          1.328065
          1.328065
          1.328065
          1.328065
          1.328065
          1.328065
          1.328065
          1.328065
          1.328065
          1.328065
          1.328065
          1.328065
          1.328065
          1.328065
          1.328065
          1.328065
          1.328065
          1.328065
          1.328065
          1.328065
          1.328065
          1.328065
          1.328065
          1.328065
          1.328065
          1.328065
          1.328065
          1.328065
          1.328065
          1.328065
          1.328065
          1.328064
          1.328064
          1.328064
          1.328064
          1.328064
          1.328064
          1.328064
          1.328064
          1.328064
          1.328064
          1.328064
          1.328064
          1.328064
          1.328064
          1.328064
          1.328064
          1.328064
          1.328064
          1.328064
          1.328064
          1.328064
          1.328064
          1.328064
          1.328064
          1.328064
          1.328064
          1.328064
          1.328064
          1.328064
          1.328064
          1.328064
          1.328064
          1.328064
          1.328064
          1.328064
          1.328064
          1.328064
          1.328064
          1.328064
          1.328064
          1.328064
          1.328064
          1.328064
          1.328064
          1.328064
          1.328064
          1.328064
          1.328063
          1.328063
          1.328063
          1.328063
          1.328063
          1.328063
          1.328063
          1.328063
          1.328063
          1.328063
