         13.861634
         13.853760
         13.853955
         13.854150
         13.854356
         13.854573
         13.854796
         13.855020
         13.855241
         13.855455
         13.855660
         13.855856
         13.856041
         13.856216
         13.856380
         13.856535
         13.856681
         13.856818
         13.856947
         13.857069
         13.857184
         13.857293
         13.857396
         13.857494
         13.857587
         13.857676
         13.857760
         13.857841
         13.857919
         13.857993
         13.858064
         13.858133
         13.858199
         13.858263
         13.858324
         13.858384
         13.858442
         13.858498
         13.858552
         13.858605
         13.858656
         13.858706
         13.858755
         13.858802
         13.858849
         13.858894
         13.858938
         13.858982
         13.859024
         13.859065
         13.859106
         13.859146
         13.859185
         13.859223
         13.859260
         13.859297
         13.859333
         13.859368
         13.859403
         13.859437
         13.859470
         13.859503
         13.859536
         13.859567
         13.859599
         13.859629
         13.859659
         13.859689
         13.859718
         13.859747
         13.859775
         13.859803
         13.859830
         13.859857
         13.859884
         13.859910
         13.859935
         13.859961
         13.859986
         13.860010
         13.860034
         13.860058
         13.860081
         13.860104
         13.860127
         13.860149
         13.860171
         13.860193
         13.860214
         13.860235
         13.860256
         13.860276
         13.860296
         13.860316
         13.860336
         13.860355
         13.860373
         13.860392
         13.860410
         13.860428
         13.860446
         13.860463
         13.860480
         13.860497
         13.860514
         13.860530
         13.860546
         13.860562
         13.860578
         13.860593
         13.860609
         13.860624
         13.860638
         13.860653
         13.860667
         13.860682
         13.860695
         13.860709
         13.860723
         13.860736
         13.860749
         13.860762
         13.860775
         13.860788
         13.860800
         13.860812
         13.860824
         13.860836
         13.860848
         13.860859
         13.860871
         13.860882
         13.860893
         13.860904
         13.860914
         13.860925
         13.860935
         13.860945
         13.860955
         13.860965
         13.860974
         13.860984
         13.860993
         13.861002
         13.861011
         13.861020
         13.861029
         13.861037
         13.861046
         13.861054
         13.861062
         13.861071
         13.861079
         13.861087
         13.861094
         13.861102
         13.861110
         13.861118
         13.861125
         13.861132
         13.861140
         13.861147
         13.861154
         13.861161
         13.861168
         13.861175
         13.861182
         13.861188
         13.861195
         13.861201
         13.861207
         13.861213
         13.861219
         13.861225
         13.861230
         13.861236
         13.861241
         13.861246
         13.861251
         13.861256
         13.861261
         13.861266
         13.861270
         13.861275
         13.861279
         13.861284
         13.861288
         13.861292
         13.861296
         13.861301
         13.861305
         13.861309
         13.861313
         13.861317
         13.861321
         13.861325
         13.861330
         13.861334
         13.861338
         13.861342
         13.861346
         13.861350
         13.861354
         13.861358
         13.861362
         13.861365
         13.861369
         13.861372
         13.861376
         13.861379
         13.861381
         13.861384
         13.861386
         13.861389
         13.861390
         13.861392
         13.861393
         13.861395
         13.861396
         13.861396
         13.861397
         13.861397
         13.861398
         13.861398
         13.861398
         13.861398
         13.861399
         13.861399
         13.861399
         13.861399
         13.861400
         13.861400
         13.861401
         13.861402
         13.861403
         13.861404
         13.861405
         13.861406
         13.861408
         13.861409
         13.861410
         13.861411
         13.861413
         13.861413
         13.861414
         13.861414
         13.861414
         13.861413
         13.861412
         13.861410
         13.861408
         13.861404
         13.861400
