          0.637076
          0.637133
          0.637171
          0.637207
          0.637242
          0.637274
          0.637305
          0.637333
          0.637360
          0.637384
          0.637406
          0.637426
          0.637445
          0.637462
          0.637477
          0.637492
          0.637505
          0.637517
          0.637528
          0.637538
          0.637547
          0.637556
          0.637564
          0.637571
          0.637578
          0.637584
          0.637590
          0.637596
          0.637601
          0.637606
          0.637610
          0.637614
          0.637618
          0.637622
          0.637625
          0.637629
          0.637632
          0.637635
          0.637637
          0.637640
          0.637643
          0.637645
          0.637647
          0.637650
          0.637652
          0.637654
          0.637656
          0.637658
          0.637659
          0.637661
          0.637663
          0.637665
          0.637666
          0.637668
          0.637669
          0.637671
          0.637672
          0.637674
          0.637675
          0.637676
          0.637678
          0.637679
          0.637680
          0.637681
          0.637682
          0.637684
          0.637685
          0.637686
          0.637687
          0.637688
          0.637689
          0.637690
          0.637691
          0.637692
          0.637693
          0.637694
          0.637695
          0.637696
          0.637697
          0.637698
          0.637699
          0.637700
          0.637700
          0.637701
          0.637702
          0.637703
          0.637704
          0.637704
          0.637705
          0.637706
          0.637707
          0.637707
          0.637708
          0.637709
          0.637710
          0.637710
          0.637711
          0.637712
          0.637712
          0.637713
          0.637714
          0.637714
          0.637715
          0.637715
          0.637716
          0.637717
          0.637717
          0.637718
          0.637718
          0.637719
          0.637719
          0.637720
          0.637720
          0.637721
          0.637721
          0.637722
          0.637722
          0.637723
          0.637723
          0.637724
          0.637724
          0.637725
          0.637725
          0.637726
          0.637726
          0.637727
          0.637727
          0.637727
          0.637728
          0.637728
          0.637729
          0.637729
          0.637729
          0.637730
          0.637730
          0.637731
          0.637731
          0.637731
          0.637732
          0.637732
          0.637732
          0.637733
          0.637733
          0.637733
          0.637734
          0.637734
          0.637734
          0.637735
          0.637735
          0.637735
          0.637735
          0.637736
          0.637736
          0.637736
          0.637737
          0.637737
          0.637737
          0.637737
          0.637738
          0.637738
          0.637738
          0.637738
          0.637739
          0.637739
          0.637739
          0.637739
          0.637740
          0.637740
          0.637740
          0.637740
          0.637741
          0.637741
          0.637741
          0.637741
          0.637741
          0.637742
          0.637742
          0.637742
          0.637742
          0.637742
          0.637743
          0.637743
          0.637743
          0.637743
          0.637743
          0.637743
          0.637744
          0.637744
          0.637744
          0.637744
          0.637744
          0.637744
          0.637745
          0.637745
          0.637745
          0.637745
          0.637745
          0.637745
          0.637746
          0.637746
          0.637746
          0.637746
          0.637746
          0.637746
          0.637747
          0.637747
          0.637747
          0.637747
          0.637747
          0.637747
          0.637747
          0.637747
          0.637748
          0.637748
          0.637748
          0.637748
          0.637748
          0.637748
          0.637748
          0.637748
          0.637748
          0.637748
          0.637748
          0.637749
          0.637749
          0.637749
          0.637749
          0.637749
          0.637749
          0.637749
          0.637749
          0.637749
          0.637749
          0.637750
          0.637750
          0.637750
          0.637750
          0.637750
          0.637750
          0.637751
          0.637751
          0.637751
          0.637751
          0.637751
          0.637751
          0.637752
          0.637752
          0.637752
          0.637752
          0.637752
          0.637752
          0.637752
