          1.376775
          1.377761
          1.377747
          1.377676
          1.377589
          1.377501
          1.377419
          1.377347
          1.377283
          1.377227
          1.377178
          1.377134
          1.377096
          1.377063
          1.377033
          1.377006
          1.376982
          1.376961
          1.376942
          1.376924
          1.376909
          1.376895
          1.376883
          1.376872
          1.376862
          1.376853
          1.376845
          1.376837
          1.376831
          1.376825
          1.376820
          1.376815
          1.376811
          1.376807
          1.376803
          1.376800
          1.376798
          1.376795
          1.376793
          1.376791
          1.376789
          1.376787
          1.376786
          1.376784
          1.376783
          1.376782
          1.376781
          1.376780
          1.376780
          1.376779
          1.376778
          1.376778
          1.376777
          1.376777
          1.376777
          1.376776
          1.376776
          1.376776
          1.376775
          1.376775
          1.376775
          1.376775
          1.376775
          1.376774
          1.376774
          1.376774
          1.376774
          1.376774
          1.376774
          1.376774
          1.376774
          1.376774
          1.376774
          1.376774
          1.376774
          1.376774
          1.376774
          1.376774
          1.376774
          1.376774
          1.376774
          1.376774
          1.376774
          1.376774
          1.376774
          1.376774
          1.376774
          1.376774
          1.376774
          1.376774
          1.376774
          1.376774
          1.376774
          1.376774
          1.376774
          1.376774
          1.376774
          1.376774
          1.376774
          1.376774
          1.376774
          1.376774
          1.376774
          1.376774
          1.376774
          1.376774
          1.376774
          1.376774
          1.376774
          1.376774
          1.376774
          1.376774
          1.376774
          1.376774
          1.376774
          1.376774
          1.376774
          1.376774
          1.376774
          1.376774
          1.376774
          1.376774
          1.376774
          1.376774
          1.376774
          1.376774
          1.376774
          1.376774
          1.376774
          1.376774
          1.376774
          1.376774
          1.376774
          1.376774
          1.376774
          1.376774
          1.376774
          1.376774
          1.376774
          1.376774
          1.376774
          1.376774
          1.376774
          1.376774
          1.376774
          1.376774
          1.376774
          1.376774
          1.376774
          1.376775
          1.376775
          1.376775
          1.376775
          1.376775
          1.376775
          1.376775
          1.376775
          1.376775
          1.376775
          1.376775
          1.376775
          1.376775
          1.376775
          1.376775
          1.376775
          1.376775
          1.376775
          1.376775
          1.376775
          1.376775
          1.376775
          1.376775
          1.376775
          1.376775
          1.376775
          1.376775
          1.376775
          1.376775
          1.376775
          1.376775
          1.376775
          1.376775
          1.376775
          1.376775
          1.376775
          1.376775
          1.376775
          1.376775
          1.376775
          1.376775
          1.376775
          1.376775
          1.376775
          1.376775
          1.376775
          1.376775
          1.376775
          1.376775
          1.376775
          1.376775
          1.376775
          1.376775
          1.376775
          1.376775
          1.376775
          1.376775
          1.376775
          1.376775
          1.376775
          1.376775
          1.376775
          1.376775
          1.376775
          1.376775
          1.376775
          1.376775
          1.376775
          1.376775
          1.376775
          1.376775
          1.376775
          1.376775
          1.376775
          1.376775
          1.376775
          1.376775
          1.376775
          1.376775
          1.376775
          1.376775
          1.376775
          1.376775
          1.376775
          1.376775
          1.376775
          1.376775
          1.376775
          1.376775
          1.376775
          1.376775
          1.376775
          1.376775
          1.376775
          1.376775
          1.376775
          1.376775
          1.376775
          1.376775
          1.376775
          1.376775
          1.376775
          1.376775
          1.376775
