         -0.007017
         -0.001148
         -0.001057
         -0.000953
         -0.000852
         -0.000760
         -0.000678
         -0.000606
         -0.000543
         -0.000487
         -0.000438
         -0.000395
         -0.000357
         -0.000323
         -0.000292
         -0.000265
         -0.000240
         -0.000218
         -0.000198
         -0.000180
         -0.000164
         -0.000150
         -0.000137
         -0.000125
         -0.000114
         -0.000105
         -0.000096
         -0.000088
         -0.000081
         -0.000075
         -0.000069
         -0.000064
         -0.000059
         -0.000055
         -0.000051
         -0.000048
         -0.000044
         -0.000041
         -0.000039
         -0.000037
         -0.000034
         -0.000032
         -0.000031
         -0.000029
         -0.000027
         -0.000026
         -0.000025
         -0.000024
         -0.000023
         -0.000022
         -0.000021
         -0.000020
         -0.000019
         -0.000019
         -0.000018
         -0.000017
         -0.000017
         -0.000016
         -0.000016
         -0.000015
         -0.000015
         -0.000015
         -0.000014
         -0.000014
         -0.000013
         -0.000013
         -0.000013
         -0.000013
         -0.000012
         -0.000012
         -0.000012
         -0.000012
         -0.000011
         -0.000011
         -0.000011
         -0.000011
         -0.000011
         -0.000010
         -0.000010
         -0.000010
         -0.000010
         -0.000010
         -0.000010
         -0.000009
         -0.000009
         -0.000009
         -0.000009
         -0.000009
         -0.000009
         -0.000009
         -0.000009
         -0.000008
         -0.000008
         -0.000008
         -0.000008
         -0.000008
         -0.000008
         -0.000008
         -0.000008
         -0.000007
         -0.000007
         -0.000007
         -0.000007
         -0.000007
         -0.000007
         -0.000007
         -0.000007
         -0.000007
         -0.000006
         -0.000006
         -0.000006
         -0.000006
         -0.000006
         -0.000006
         -0.000006
         -0.000006
         -0.000006
         -0.000006
         -0.000006
         -0.000006
         -0.000006
         -0.000005
         -0.000005
         -0.000005
         -0.000005
         -0.000005
         -0.000005
         -0.000005
         -0.000005
         -0.000005
         -0.000005
         -0.000005
         -0.000005
         -0.000005
         -0.000005
         -0.000005
         -0.000004
         -0.000004
         -0.000004
         -0.000004
         -0.000004
         -0.000004
         -0.000004
         -0.000004
         -0.000004
         -0.000004
         -0.000004
         -0.000004
         -0.000004
         -0.000003
         -0.000003
         -0.000003
         -0.000003
         -0.000003
         -0.000003
         -0.000003
         -0.000003
         -0.000003
         -0.000003
         -0.000003
         -0.000003
         -0.000003
         -0.000003
         -0.000003
         -0.000003
         -0.000003
         -0.000003
         -0.000003
         -0.000003
         -0.000003
         -0.000003
         -0.000003
         -0.000003
         -0.000003
         -0.000003
         -0.000003
         -0.000003
         -0.000003
         -0.000003
         -0.000002
         -0.000002
         -0.000002
         -0.000002
         -0.000002
         -0.000002
         -0.000002
         -0.000002
         -0.000002
         -0.000002
         -0.000002
         -0.000002
         -0.000002
         -0.000002
         -0.000002
         -0.000002
         -0.000002
         -0.000002
         -0.000002
         -0.000002
         -0.000002
         -0.000002
         -0.000002
         -0.000002
         -0.000003
         -0.000003
         -0.000003
         -0.000003
         -0.000003
         -0.000003
         -0.000003
         -0.000003
         -0.000003
         -0.000003
         -0.000003
         -0.000002
         -0.000002
         -0.000002
         -0.000002
         -0.000002
         -0.000002
         -0.000001
         -0.000001
         -0.000001
         -0.000001
         -0.000000
         -0.000000
         -0.000000
         -0.000000
         -0.000000
         -0.000000
         -0.000000
         -0.000000
         -0.000000
         -0.000001
         -0.000001
         -0.000001
         -0.000002
         -0.000002
         -0.000002
         -0.000003
         -0.000003
         -0.000004
         -0.000004
         -0.000004
         -0.000005
         -0.000005
         -0.000005
         -0.000006
         -0.000006
         -0.000006
         -0.000006
         -0.000006
