          0.292850
          0.292884
          0.292919
          0.292954
          0.292988
          0.293021
          0.293051
          0.293079
          0.293105
          0.293129
          0.293151
          0.293170
          0.293188
          0.293205
          0.293220
          0.293233
          0.293245
          0.293256
          0.293266
          0.293275
          0.293283
          0.293291
          0.293298
          0.293304
          0.293309
          0.293314
          0.293319
          0.293323
          0.293327
          0.293331
          0.293334
          0.293337
          0.293339
          0.293342
          0.293344
          0.293346
          0.293348
          0.293350
          0.293351
          0.293353
          0.293354
          0.293356
          0.293357
          0.293358
          0.293359
          0.293360
          0.293361
          0.293362
          0.293362
          0.293363
          0.293364
          0.293365
          0.293365
          0.293366
          0.293366
          0.293367
          0.293368
          0.293368
          0.293369
          0.293369
          0.293369
          0.293370
          0.293370
          0.293371
          0.293371
          0.293372
          0.293372
          0.293372
          0.293373
          0.293373
          0.293373
          0.293374
          0.293374
          0.293374
          0.293375
          0.293375
          0.293375
          0.293375
          0.293376
          0.293376
          0.293376
          0.293377
          0.293377
          0.293377
          0.293377
          0.293378
          0.293378
          0.293378
          0.293378
          0.293378
          0.293379
          0.293379
          0.293379
          0.293379
          0.293380
          0.293380
          0.293380
          0.293380
          0.293380
          0.293381
          0.293381
          0.293381
          0.293381
          0.293381
          0.293381
          0.293382
          0.293382
          0.293382
          0.293382
          0.293382
          0.293383
          0.293383
          0.293383
          0.293383
          0.293383
          0.293383
          0.293383
          0.293384
          0.293384
          0.293384
          0.293384
          0.293384
          0.293384
          0.293385
          0.293385
          0.293385
          0.293385
          0.293385
          0.293385
          0.293385
          0.293385
          0.293386
          0.293386
          0.293386
          0.293386
          0.293386
          0.293386
          0.293386
          0.293386
          0.293386
          0.293387
          0.293387
          0.293387
          0.293387
          0.293387
          0.293387
          0.293387
          0.293387
          0.293387
          0.293387
          0.293388
          0.293388
          0.293388
          0.293388
          0.293388
          0.293388
          0.293388
          0.293388
          0.293388
          0.293388
          0.293388
          0.293389
          0.293389
          0.293389
          0.293389
          0.293389
          0.293389
          0.293389
          0.293389
          0.293389
          0.293389
          0.293389
          0.293389
          0.293389
          0.293389
          0.293389
          0.293390
          0.293390
          0.293390
          0.293390
          0.293390
          0.293390
          0.293390
          0.293390
          0.293390
          0.293390
          0.293390
          0.293390
          0.293390
          0.293390
          0.293390
          0.293390
          0.293390
          0.293390
          0.293390
          0.293390
          0.293390
          0.293390
          0.293390
          0.293390
          0.293391
          0.293391
          0.293391
          0.293391
          0.293391
          0.293391
          0.293391
          0.293391
          0.293391
          0.293391
          0.293391
          0.293391
          0.293391
          0.293391
          0.293391
          0.293391
          0.293391
          0.293391
          0.293390
          0.293390
          0.293390
          0.293390
          0.293390
          0.293390
          0.293390
          0.293390
          0.293390
          0.293390
          0.293390
          0.293390
          0.293390
          0.293390
          0.293390
          0.293390
          0.293390
          0.293390
          0.293390
          0.293390
          0.293390
          0.293390
          0.293390
          0.293390
          0.293390
          0.293390
          0.293390
          0.293390
          0.293390
          0.293390
          0.293389
          0.293389
          0.293389
          0.293389
