         12.484859
         12.484315
         12.483817
         12.483367
         12.482962
         12.482600
         12.482280
         12.481997
         12.481750
         12.481534
         12.481347
         12.481186
         12.481048
         12.480932
         12.480835
         12.480755
         12.480690
         12.480639
         12.480600
         12.480572
         12.480554
         12.480544
         12.480542
         12.480547
         12.480558
         12.480575
         12.480595
         12.480621
         12.480649
         12.480681
         12.480716
         12.480753
         12.480792
         12.480832
         12.480875
         12.480918
         12.480963
         12.481008
         12.481054
         12.481101
         12.481148
         12.481195
         12.481243
         12.481290
         12.481338
         12.481385
         12.481433
         12.481480
         12.481527
         12.481573
         12.481619
         12.481665
         12.481711
         12.481756
         12.481801
         12.481845
         12.481888
         12.481932
         12.481974
         12.482017
         12.482058
         12.482099
         12.482140
         12.482180
         12.482219
         12.482258
         12.482297
         12.482335
         12.482372
         12.482409
         12.482445
         12.482481
         12.482517
         12.482551
         12.482586
         12.482619
         12.482653
         12.482685
         12.482718
         12.482750
         12.482781
         12.482812
         12.482842
         12.482872
         12.482902
         12.482931
         12.482959
         12.482988
         12.483015
         12.483043
         12.483070
         12.483096
         12.483122
         12.483148
         12.483174
         12.483199
         12.483223
         12.483247
         12.483271
         12.483295
         12.483318
         12.483341
         12.483363
         12.483385
         12.483407
         12.483428
         12.483450
         12.483470
         12.483491
         12.483511
         12.483531
         12.483550
         12.483570
         12.483589
         12.483607
         12.483626
         12.483644
         12.483662
         12.483679
         12.483697
         12.483714
         12.483731
         12.483747
         12.483764
         12.483780
         12.483795
         12.483811
         12.483826
         12.483842
         12.483857
         12.483871
         12.483886
         12.483900
         12.483914
         12.483928
         12.483942
         12.483955
         12.483968
         12.483981
         12.483994
         12.484007
         12.484019
         12.484031
         12.484043
         12.484055
         12.484067
         12.484078
         12.484090
         12.484101
         12.484112
         12.484123
         12.484133
         12.484144
         12.484154
         12.484164
         12.484174
         12.484184
         12.484194
         12.484203
         12.484213
         12.484222
         12.484232
         12.484241
         12.484250
         12.484258
         12.484267
         12.484276
         12.484284
         12.484292
         12.484301
         12.484309
         12.484317
         12.484325
         12.484332
         12.484340
         12.484347
         12.484355
         12.484362
         12.484369
         12.484376
         12.484383
         12.484389
         12.484396
         12.484402
         12.484408
         12.484415
         12.484421
         12.484427
         12.484432
         12.484438
         12.484444
         12.484449
         12.484455
         12.484460
         12.484465
         12.484471
         12.484476
         12.484481
         12.484486
         12.484491
         12.484496
         12.484501
         12.484506
         12.484510
         12.484515
         12.484520
         12.484524
         12.484529
         12.484533
         12.484538
         12.484542
         12.484546
         12.484550
         12.484554
         12.484558
         12.484561
         12.484565
         12.484568
         12.484571
         12.484574
         12.484577
         12.484580
         12.484583
         12.484585
         12.484587
         12.484590
         12.484592
         12.484594
         12.484595
         12.484597
         12.484599
         12.484601
         12.484602
         12.484604
         12.484605
         12.484607
         12.484608
         12.484609
         12.484611
         12.484612
         12.484614
         12.484615
         12.484617
         12.484618
         12.484619
         12.484621
         12.484622
         12.484623
         12.484624
         12.484624
         12.484625
         12.484625
         12.484625
