          0.442254
          0.442240
          0.442224
          0.442212
          0.442204
          0.442198
          0.442193
          0.442190
          0.442188
          0.442186
          0.442185
          0.442184
          0.442183
          0.442183
          0.442182
          0.442182
          0.442181
          0.442181
          0.442181
          0.442181
          0.442181
          0.442180
          0.442180
          0.442180
          0.442180
          0.442180
          0.442180
          0.442180
          0.442180
          0.442180
          0.442180
          0.442179
          0.442179
          0.442179
          0.442179
          0.442179
          0.442179
          0.442179
          0.442179
          0.442179
          0.442179
          0.442179
          0.442179
          0.442179
          0.442179
          0.442179
          0.442179
          0.442179
          0.442179
          0.442179
          0.442178
          0.442178
          0.442178
          0.442178
          0.442178
          0.442178
          0.442178
          0.442178
          0.442178
          0.442178
          0.442178
          0.442178
          0.442178
          0.442178
          0.442178
          0.442178
          0.442178
          0.442178
          0.442178
          0.442178
          0.442178
          0.442178
          0.442178
          0.442178
          0.442178
          0.442178
          0.442178
          0.442177
          0.442177
          0.442177
          0.442177
          0.442177
          0.442177
          0.442177
          0.442177
          0.442177
          0.442177
          0.442177
          0.442177
          0.442177
          0.442177
          0.442177
          0.442177
          0.442177
          0.442177
          0.442177
          0.442177
          0.442177
          0.442177
          0.442177
          0.442177
          0.442177
          0.442177
          0.442177
          0.442177
          0.442177
          0.442177
          0.442177
          0.442177
          0.442177
          0.442177
          0.442177
          0.442177
          0.442177
          0.442177
          0.442177
          0.442177
          0.442177
          0.442177
          0.442177
          0.442177
          0.442177
          0.442177
          0.442177
          0.442176
          0.442176
          0.442176
          0.442176
          0.442176
          0.442176
          0.442176
          0.442176
          0.442176
          0.442176
          0.442176
          0.442176
          0.442176
          0.442176
          0.442176
          0.442176
          0.442176
          0.442176
          0.442176
          0.442176
          0.442176
          0.442176
          0.442176
          0.442176
          0.442176
          0.442176
          0.442176
          0.442176
          0.442176
          0.442176
          0.442176
          0.442176
          0.442176
          0.442176
          0.442176
          0.442176
          0.442176
          0.442176
          0.442176
          0.442176
          0.442176
          0.442176
          0.442176
          0.442176
          0.442176
          0.442176
          0.442176
          0.442176
          0.442176
          0.442176
          0.442176
          0.442176
          0.442176
          0.442176
          0.442176
          0.442176
          0.442176
          0.442176
          0.442176
          0.442176
          0.442176
          0.442176
          0.442176
          0.442176
          0.442176
          0.442176
          0.442176
          0.442176
          0.442176
          0.442176
          0.442176
          0.442176
          0.442176
          0.442176
          0.442176
          0.442176
          0.442176
          0.442176
          0.442176
          0.442176
          0.442176
          0.442176
          0.442176
          0.442176
          0.442176
          0.442176
          0.442176
          0.442176
          0.442176
          0.442176
          0.442176
          0.442176
          0.442176
          0.442176
          0.442176
          0.442176
          0.442175
          0.442175
          0.442175
          0.442175
          0.442175
          0.442175
          0.442175
          0.442175
          0.442175
          0.442175
          0.442175
          0.442175
          0.442175
          0.442175
          0.442175
          0.442175
          0.442175
          0.442176
          0.442176
          0.442176
          0.442176
          0.442176
          0.442176
          0.442176
          0.442176
          0.442176
          0.442176
          0.442176
          0.442176
          0.442176
          0.442176
          0.442176
