          0.680902
          0.680885
          0.680920
          0.680982
          0.681053
          0.681123
          0.681189
          0.681250
          0.681305
          0.681354
          0.681398
          0.681437
          0.681473
          0.681504
          0.681533
          0.681559
          0.681582
          0.681602
          0.681621
          0.681638
          0.681653
          0.681667
          0.681679
          0.681691
          0.681701
          0.681710
          0.681719
          0.681726
          0.681733
          0.681739
          0.681745
          0.681750
          0.681755
          0.681759
          0.681763
          0.681767
          0.681770
          0.681773
          0.681776
          0.681778
          0.681780
          0.681782
          0.681784
          0.681786
          0.681788
          0.681789
          0.681791
          0.681792
          0.681793
          0.681794
          0.681796
          0.681797
          0.681797
          0.681798
          0.681799
          0.681800
          0.681801
          0.681801
          0.681802
          0.681803
          0.681803
          0.681804
          0.681804
          0.681805
          0.681805
          0.681806
          0.681806
          0.681807
          0.681807
          0.681808
          0.681808
          0.681808
          0.681809
          0.681809
          0.681809
          0.681810
          0.681810
          0.681810
          0.681811
          0.681811
          0.681811
          0.681812
          0.681812
          0.681812
          0.681813
          0.681813
          0.681813
          0.681813
          0.681814
          0.681814
          0.681814
          0.681814
          0.681815
          0.681815
          0.681815
          0.681815
          0.681816
          0.681816
          0.681816
          0.681816
          0.681816
          0.681817
          0.681817
          0.681817
          0.681817
          0.681817
          0.681817
          0.681818
          0.681818
          0.681818
          0.681818
          0.681818
          0.681819
          0.681819
          0.681819
          0.681819
          0.681819
          0.681819
          0.681820
          0.681820
          0.681820
          0.681820
          0.681820
          0.681820
          0.681820
          0.681821
          0.681821
          0.681821
          0.681821
          0.681821
          0.681821
          0.681821
          0.681821
          0.681822
          0.681822
          0.681822
          0.681822
          0.681822
          0.681822
          0.681822
          0.681822
          0.681822
          0.681822
          0.681823
          0.681823
          0.681823
          0.681823
          0.681823
          0.681823
          0.681823
          0.681823
          0.681823
          0.681823
          0.681823
          0.681824
          0.681824
          0.681824
          0.681824
          0.681824
          0.681824
          0.681824
          0.681824
          0.681824
          0.681825
          0.681825
          0.681825
          0.681825
          0.681825
          0.681825
          0.681825
          0.681825
          0.681825
          0.681825
          0.681825
          0.681825
          0.681825
          0.681825
          0.681825
          0.681825
          0.681825
          0.681825
          0.681825
          0.681825
          0.681825
          0.681825
          0.681825
          0.681825
          0.681825
          0.681825
          0.681825
          0.681826
          0.681826
          0.681826
          0.681826
          0.681826
          0.681826
          0.681826
          0.681826
          0.681827
          0.681827
          0.681827
          0.681827
          0.681827
          0.681827
          0.681827
          0.681827
          0.681827
          0.681827
          0.681827
          0.681827
          0.681827
          0.681827
          0.681827
          0.681827
          0.681827
          0.681827
          0.681827
          0.681827
          0.681826
          0.681826
          0.681826
          0.681826
          0.681826
          0.681826
          0.681826
          0.681826
          0.681826
          0.681826
          0.681826
          0.681826
          0.681826
          0.681826
          0.681826
          0.681827
          0.681827
          0.681827
          0.681827
          0.681828
          0.681828
          0.681828
          0.681829
          0.681829
          0.681829
          0.681829
          0.681829
          0.681830
          0.681830
          0.681829
          0.681829
          0.681829
          0.681829
          0.681829
