          0.536241          0.373166          0.085699          0.004829          0.000064          0.000000          0.000000          0.000000          0.000000          0.000000          0.000000          0.000000          0.000000          0.000000          0.000000
          0.140257          0.426051          0.354883          0.074893          0.003868          0.000047          0.000000          0.000000          0.000000          0.000000          0.000000          0.000000          0.000000          0.000000          0.000000
          0.012247          0.145648          0.438102          0.335779          0.065108          0.003082          0.000034          0.000000          0.000000          0.000000          0.000000          0.000000          0.000000          0.000000          0.000000
          0.000314          0.014566          0.162049          0.448213          0.316085          0.056306          0.002442          0.000025          0.000000          0.000000          0.000000          0.000000          0.000000          0.000000          0.000000
          0.000002          0.000412          0.017571          0.179367          0.456237          0.296030          0.048438          0.001925          0.000018          0.000000          0.000000          0.000000          0.000000          0.000000          0.000000
          0.000000          0.000003          0.000540          0.021084          0.197512          0.462056          0.275833          0.041451          0.001509          0.000013          0.000000          0.000000          0.000000          0.000000          0.000000
          0.000000          0.000000          0.000005          0.000703          0.025165          0.216375          0.465582          0.255699          0.035285          0.001176          0.000009          0.000000          0.000000          0.000000          0.000000
          0.000000          0.000000          0.000000          0.000006          0.000912          0.029877          0.235822          0.466764          0.235822          0.029877          0.000912          0.000006          0.000000          0.000000          0.000000
          0.000000          0.000000          0.000000          0.000000          0.000009          0.001176          0.035285          0.255699          0.465582          0.216375          0.025165          0.000703          0.000005          0.000000          0.000000
          0.000000          0.000000          0.000000          0.000000          0.000000          0.000013          0.001509          0.041451          0.275833          0.462056          0.197512          0.021084          0.000540          0.000003          0.000000
          0.000000          0.000000          0.000000          0.000000          0.000000          0.000000          0.000018          0.001925          0.048438          0.296030          0.456237          0.179367          0.017571          0.000412          0.000002
          0.000000          0.000000          0.000000          0.000000          0.000000          0.000000          0.000000          0.000025          0.002442          0.056306          0.316085          0.448213          0.162049          0.014566          0.000314
          0.000000          0.000000          0.000000          0.000000          0.000000          0.000000          0.000000          0.000000          0.000034          0.003082          0.065108          0.335779          0.438102          0.145648          0.012247
          0.000000          0.000000          0.000000          0.000000          0.000000          0.000000          0.000000          0.000000          0.000000          0.000047          0.003868          0.074893          0.354883          0.426051          0.140257
          0.000000          0.000000          0.000000          0.000000          0.000000          0.000000          0.000000          0.000000          0.000000          0.000000          0.000064          0.004829          0.085699          0.373166          0.536241
