          0.999334
          0.999390
          0.999448
          0.999504
          0.999557
          0.999607
          0.999654
          0.999696
          0.999735
          0.999771
          0.999803
          0.999831
          0.999857
          0.999881
          0.999902
          0.999921
          0.999937
          0.999952
          0.999966
          0.999978
          0.999988
          0.999998
          1.000006
          1.000013
          1.000020
          1.000026
          1.000031
          1.000035
          1.000039
          1.000042
          1.000045
          1.000048
          1.000050
          1.000052
          1.000053
          1.000055
          1.000056
          1.000056
          1.000057
          1.000058
          1.000058
          1.000058
          1.000058
          1.000058
          1.000058
          1.000058
          1.000058
          1.000057
          1.000057
          1.000057
          1.000056
          1.000056
          1.000055
          1.000055
          1.000054
          1.000054
          1.000053
          1.000052
          1.000052
          1.000051
          1.000050
          1.000050
          1.000049
          1.000048
          1.000048
          1.000047
          1.000046
          1.000046
          1.000045
          1.000045
          1.000044
          1.000043
          1.000043
          1.000042
          1.000041
          1.000041
          1.000040
          1.000040
          1.000039
          1.000038
          1.000038
          1.000037
          1.000037
          1.000036
          1.000036
          1.000035
          1.000035
          1.000034
          1.000034
          1.000033
          1.000033
          1.000032
          1.000032
          1.000031
          1.000031
          1.000030
          1.000030
          1.000029
          1.000029
          1.000028
          1.000028
          1.000028
          1.000027
          1.000027
          1.000026
          1.000026
          1.000025
          1.000025
          1.000025
          1.000024
          1.000024
          1.000024
          1.000023
          1.000023
          1.000023
          1.000022
          1.000022
          1.000022
          1.000021
          1.000021
          1.000021
          1.000020
          1.000020
          1.000020
          1.000019
          1.000019
          1.000019
          1.000019
          1.000018
          1.000018
          1.000018
          1.000017
          1.000017
          1.000017
          1.000017
          1.000016
          1.000016
          1.000016
          1.000016
          1.000015
          1.000015
          1.000015
          1.000015
          1.000015
          1.000014
          1.000014
          1.000014
          1.000014
          1.000013
          1.000013
          1.000013
          1.000013
          1.000013
          1.000012
          1.000012
          1.000012
          1.000012
          1.000012
          1.000012
          1.000011
          1.000011
          1.000011
          1.000011
          1.000011
          1.000011
          1.000011
          1.000010
          1.000010
          1.000010
          1.000010
          1.000010
          1.000010
          1.000009
          1.000009
          1.000009
          1.000009
          1.000009
          1.000009
          1.000008
          1.000008
          1.000008
          1.000008
          1.000008
          1.000008
          1.000008
          1.000007
          1.000007
          1.000007
          1.000007
          1.000007
          1.000007
          1.000007
          1.000007
          1.000006
          1.000006
          1.000006
          1.000006
          1.000006
          1.000006
          1.000006
          1.000006
          1.000006
          1.000006
          1.000006
          1.000006
          1.000006
          1.000006
          1.000005
          1.000005
          1.000005
          1.000005
          1.000005
          1.000005
          1.000005
          1.000004
          1.000004
          1.000004
          1.000004
          1.000004
          1.000004
          1.000003
          1.000003
          1.000003
          1.000003
          1.000003
          1.000003
          1.000002
          1.000002
          1.000002
          1.000002
          1.000002
          1.000002
          1.000002
          1.000002
          1.000002
          1.000002
          1.000002
          1.000002
          1.000002
          1.000002
          1.000002
          1.000002
          1.000002
          1.000002
          1.000002
          1.000001
          1.000001
          1.000001
          1.000001
          1.000001
          1.000000
          1.000000
