          0.261242
          0.262474
          0.262407
          0.262309
          0.262202
          0.262098
          0.262000
          0.261910
          0.261828
          0.261754
          0.261688
          0.261628
          0.261575
          0.261526
          0.261483
          0.261444
          0.261409
          0.261377
          0.261349
          0.261323
          0.261300
          0.261280
          0.261261
          0.261244
          0.261229
          0.261215
          0.261203
          0.261192
          0.261182
          0.261173
          0.261165
          0.261158
          0.261151
          0.261146
          0.261140
          0.261135
          0.261131
          0.261127
          0.261124
          0.261121
          0.261118
          0.261115
          0.261113
          0.261111
          0.261109
          0.261107
          0.261106
          0.261104
          0.261103
          0.261102
          0.261101
          0.261100
          0.261099
          0.261098
          0.261098
          0.261097
          0.261096
          0.261096
          0.261095
          0.261095
          0.261095
          0.261094
          0.261094
          0.261094
          0.261093
          0.261093
          0.261093
          0.261093
          0.261092
          0.261092
          0.261092
          0.261092
          0.261092
          0.261092
          0.261092
          0.261092
          0.261091
          0.261091
          0.261091
          0.261091
          0.261091
          0.261091
          0.261091
          0.261091
          0.261091
          0.261091
          0.261091
          0.261091
          0.261091
          0.261091
          0.261090
          0.261090
          0.261090
          0.261090
          0.261090
          0.261090
          0.261090
          0.261090
          0.261090
          0.261090
          0.261090
          0.261090
          0.261090
          0.261090
          0.261090
          0.261090
          0.261090
          0.261090
          0.261090
          0.261090
          0.261090
          0.261090
          0.261090
          0.261090
          0.261090
          0.261090
          0.261090
          0.261090
          0.261090
          0.261090
          0.261090
          0.261090
          0.261090
          0.261090
          0.261090
          0.261089
          0.261089
          0.261089
          0.261089
          0.261089
          0.261089
          0.261089
          0.261089
          0.261089
          0.261089
          0.261089
          0.261089
          0.261089
          0.261089
          0.261089
          0.261089
          0.261089
          0.261089
          0.261089
          0.261089
          0.261089
          0.261089
          0.261089
          0.261089
          0.261089
          0.261089
          0.261089
          0.261089
          0.261089
          0.261089
          0.261089
          0.261089
          0.261089
          0.261089
          0.261089
          0.261089
          0.261089
          0.261089
          0.261089
          0.261089
          0.261089
          0.261089
          0.261089
          0.261089
          0.261089
          0.261089
          0.261089
          0.261089
          0.261089
          0.261089
          0.261089
          0.261089
          0.261089
          0.261089
          0.261089
          0.261089
          0.261089
          0.261089
          0.261089
          0.261089
          0.261089
          0.261089
          0.261089
          0.261089
          0.261089
          0.261089
          0.261089
          0.261089
          0.261089
          0.261089
          0.261089
          0.261089
          0.261089
          0.261089
          0.261089
          0.261089
          0.261089
          0.261089
          0.261089
          0.261089
          0.261089
          0.261089
          0.261089
          0.261089
          0.261089
          0.261089
          0.261088
          0.261088
          0.261088
          0.261088
          0.261088
          0.261088
          0.261088
          0.261088
          0.261088
          0.261088
          0.261088
          0.261088
          0.261088
          0.261088
          0.261088
          0.261088
          0.261088
          0.261088
          0.261089
          0.261089
          0.261089
          0.261089
          0.261089
          0.261089
          0.261089
          0.261089
          0.261089
          0.261089
          0.261089
          0.261089
          0.261089
          0.261089
          0.261089
          0.261089
          0.261089
          0.261089
          0.261088
          0.261088
          0.261088
          0.261088
          0.261088
