          0.041074
          0.042320
          0.042324
          0.042313
          0.042295
          0.042272
          0.042246
          0.042220
          0.042194
          0.042170
          0.042146
          0.042125
          0.042105
          0.042086
          0.042070
          0.042055
          0.042041
          0.042028
          0.042017
          0.042007
          0.041997
          0.041989
          0.041982
          0.041975
          0.041969
          0.041963
          0.041958
          0.041954
          0.041950
          0.041946
          0.041943
          0.041940
          0.041937
          0.041934
          0.041932
          0.041930
          0.041928
          0.041927
          0.041925
          0.041924
          0.041923
          0.041922
          0.041921
          0.041920
          0.041919
          0.041918
          0.041917
          0.041917
          0.041916
          0.041916
          0.041915
          0.041915
          0.041914
          0.041914
          0.041914
          0.041913
          0.041913
          0.041913
          0.041913
          0.041912
          0.041912
          0.041912
          0.041912
          0.041912
          0.041911
          0.041911
          0.041911
          0.041911
          0.041911
          0.041911
          0.041911
          0.041910
          0.041910
          0.041910
          0.041910
          0.041910
          0.041910
          0.041910
          0.041910
          0.041910
          0.041910
          0.041910
          0.041910
          0.041909
          0.041909
          0.041909
          0.041909
          0.041909
          0.041909
          0.041909
          0.041909
          0.041909
          0.041909
          0.041909
          0.041909
          0.041909
          0.041909
          0.041909
          0.041909
          0.041909
          0.041908
          0.041908
          0.041908
          0.041908
          0.041908
          0.041908
          0.041908
          0.041908
          0.041908
          0.041908
          0.041908
          0.041908
          0.041908
          0.041908
          0.041908
          0.041908
          0.041908
          0.041908
          0.041908
          0.041908
          0.041908
          0.041908
          0.041908
          0.041908
          0.041908
          0.041908
          0.041908
          0.041907
          0.041907
          0.041907
          0.041907
          0.041907
          0.041907
          0.041907
          0.041907
          0.041907
          0.041907
          0.041907
          0.041907
          0.041907
          0.041907
          0.041907
          0.041907
          0.041907
          0.041907
          0.041907
          0.041907
          0.041907
          0.041907
          0.041907
          0.041907
          0.041907
          0.041907
          0.041907
          0.041907
          0.041907
          0.041907
          0.041907
          0.041907
          0.041907
          0.041907
          0.041907
          0.041907
          0.041907
          0.041907
          0.041907
          0.041907
          0.041907
          0.041907
          0.041906
          0.041906
          0.041906
          0.041906
          0.041906
          0.041906
          0.041906
          0.041906
          0.041906
          0.041906
          0.041906
          0.041906
          0.041906
          0.041906
          0.041906
          0.041906
          0.041906
          0.041906
          0.041906
          0.041906
          0.041906
          0.041906
          0.041906
          0.041906
          0.041906
          0.041906
          0.041906
          0.041906
          0.041906
          0.041906
          0.041906
          0.041906
          0.041906
          0.041906
          0.041906
          0.041906
          0.041906
          0.041906
          0.041906
          0.041906
          0.041906
          0.041906
          0.041906
          0.041906
          0.041906
          0.041906
          0.041906
          0.041906
          0.041905
          0.041905
          0.041905
          0.041905
          0.041905
          0.041905
          0.041905
          0.041905
          0.041905
          0.041905
          0.041905
          0.041906
          0.041906
          0.041906
          0.041906
          0.041906
          0.041906
          0.041906
          0.041906
          0.041906
          0.041906
          0.041906
          0.041906
          0.041906
          0.041906
          0.041906
          0.041906
          0.041906
          0.041906
          0.041906
          0.041906
          0.041906
          0.041906
          0.041905
          0.041905
