          0.220169
          0.220154
          0.220083
          0.219995
          0.219908
          0.219826
          0.219754
          0.219690
          0.219634
          0.219585
          0.219542
          0.219504
          0.219470
          0.219440
          0.219413
          0.219389
          0.219368
          0.219349
          0.219332
          0.219317
          0.219303
          0.219290
          0.219279
          0.219269
          0.219260
          0.219252
          0.219245
          0.219239
          0.219233
          0.219227
          0.219223
          0.219218
          0.219215
          0.219211
          0.219208
          0.219205
          0.219203
          0.219200
          0.219198
          0.219197
          0.219195
          0.219194
          0.219192
          0.219191
          0.219190
          0.219189
          0.219188
          0.219187
          0.219187
          0.219186
          0.219186
          0.219185
          0.219185
          0.219184
          0.219184
          0.219184
          0.219183
          0.219183
          0.219183
          0.219183
          0.219182
          0.219182
          0.219182
          0.219182
          0.219182
          0.219182
          0.219182
          0.219182
          0.219182
          0.219182
          0.219182
          0.219182
          0.219181
          0.219181
          0.219181
          0.219181
          0.219181
          0.219181
          0.219181
          0.219181
          0.219181
          0.219181
          0.219181
          0.219181
          0.219181
          0.219181
          0.219181
          0.219181
          0.219181
          0.219181
          0.219181
          0.219181
          0.219181
          0.219181
          0.219182
          0.219182
          0.219182
          0.219182
          0.219182
          0.219182
          0.219182
          0.219182
          0.219182
          0.219182
          0.219182
          0.219182
          0.219182
          0.219182
          0.219182
          0.219182
          0.219182
          0.219182
          0.219182
          0.219182
          0.219182
          0.219182
          0.219182
          0.219182
          0.219182
          0.219182
          0.219182
          0.219182
          0.219182
          0.219182
          0.219182
          0.219182
          0.219182
          0.219182
          0.219182
          0.219182
          0.219182
          0.219182
          0.219182
          0.219182
          0.219182
          0.219182
          0.219182
          0.219182
          0.219182
          0.219182
          0.219182
          0.219182
          0.219182
          0.219182
          0.219182
          0.219182
          0.219182
          0.219182
          0.219182
          0.219182
          0.219182
          0.219182
          0.219182
          0.219182
          0.219182
          0.219182
          0.219182
          0.219182
          0.219182
          0.219182
          0.219182
          0.219182
          0.219182
          0.219182
          0.219182
          0.219182
          0.219182
          0.219182
          0.219182
          0.219182
          0.219182
          0.219182
          0.219182
          0.219182
          0.219182
          0.219182
          0.219182
          0.219183
          0.219183
          0.219183
          0.219183
          0.219183
          0.219183
          0.219183
          0.219183
          0.219183
          0.219183
          0.219183
          0.219183
          0.219183
          0.219183
          0.219183
          0.219183
          0.219183
          0.219183
          0.219182
          0.219182
          0.219182
          0.219182
          0.219182
          0.219182
          0.219182
          0.219182
          0.219182
          0.219182
          0.219182
          0.219182
          0.219182
          0.219183
          0.219183
          0.219183
          0.219183
          0.219183
          0.219183
          0.219183
          0.219183
          0.219183
          0.219183
          0.219183
          0.219183
          0.219183
          0.219183
          0.219183
          0.219183
          0.219183
          0.219183
          0.219183
          0.219183
          0.219183
          0.219183
          0.219183
          0.219183
          0.219183
          0.219183
          0.219183
          0.219182
          0.219182
          0.219182
          0.219182
          0.219182
          0.219182
          0.219182
          0.219182
          0.219182
          0.219182
          0.219182
          0.219182
          0.219182
          0.219183
          0.219183
          0.219183
          0.219183
