          1.761689
          1.761852
          1.761940
          1.761973
          1.761970
          1.761944
          1.761904
          1.761856
          1.761806
          1.761755
          1.761707
          1.761660
          1.761618
          1.761578
          1.761542
          1.761510
          1.761480
          1.761454
          1.761430
          1.761409
          1.761391
          1.761374
          1.761359
          1.761347
          1.761335
          1.761325
          1.761317
          1.761309
          1.761303
          1.761297
          1.761293
          1.761289
          1.761285
          1.761283
          1.761280
          1.761279
          1.761277
          1.761277
          1.761276
          1.761276
          1.761276
          1.761276
          1.761276
          1.761277
          1.761278
          1.761279
          1.761280
          1.761281
          1.761282
          1.761284
          1.761285
          1.761286
          1.761288
          1.761289
          1.761291
          1.761293
          1.761294
          1.761296
          1.761298
          1.761299
          1.761301
          1.761303
          1.761304
          1.761306
          1.761308
          1.761309
          1.761311
          1.761313
          1.761314
          1.761316
          1.761318
          1.761319
          1.761321
          1.761322
          1.761324
          1.761325
          1.761327
          1.761328
          1.761330
          1.761331
          1.761333
          1.761334
          1.761336
          1.761337
          1.761338
          1.761340
          1.761341
          1.761342
          1.761344
          1.761345
          1.761346
          1.761348
          1.761349
          1.761350
          1.761351
          1.761352
          1.761353
          1.761355
          1.761356
          1.761357
          1.761358
          1.761359
          1.761360
          1.761361
          1.761362
          1.761363
          1.761364
          1.761365
          1.761366
          1.761367
          1.761368
          1.761369
          1.761370
          1.761370
          1.761371
          1.761372
          1.761373
          1.761374
          1.761375
          1.761376
          1.761376
          1.761377
          1.761378
          1.761379
          1.761380
          1.761380
          1.761381
          1.761382
          1.761382
          1.761383
          1.761384
          1.761385
          1.761385
          1.761386
          1.761387
          1.761387
          1.761388
          1.761388
          1.761389
          1.761390
          1.761390
          1.761391
          1.761391
          1.761392
          1.761392
          1.761393
          1.761393
          1.761394
          1.761394
          1.761395
          1.761395
          1.761396
          1.761396
          1.761397
          1.761397
          1.761398
          1.761398
          1.761399
          1.761399
          1.761400
          1.761400
          1.761401
          1.761401
          1.761402
          1.761402
          1.761403
          1.761403
          1.761403
          1.761404
          1.761404
          1.761405
          1.761405
          1.761405
          1.761406
          1.761406
          1.761406
          1.761407
          1.761407
          1.761407
          1.761407
          1.761408
          1.761408
          1.761408
          1.761408
          1.761409
          1.761409
          1.761409
          1.761409
          1.761409
          1.761410
          1.761410
          1.761410
          1.761411
          1.761411
          1.761411
          1.761412
          1.761412
          1.761412
          1.761413
          1.761413
          1.761413
          1.761414
          1.761414
          1.761414
          1.761415
          1.761415
          1.761415
          1.761416
          1.761416
          1.761416
          1.761416
          1.761416
          1.761416
          1.761416
          1.761417
          1.761417
          1.761417
          1.761416
          1.761416
          1.761416
          1.761416
          1.761416
          1.761416
          1.761416
          1.761416
          1.761416
          1.761416
          1.761416
          1.761416
          1.761416
          1.761416
          1.761416
          1.761417
          1.761417
          1.761417
          1.761418
          1.761418
          1.761419
          1.761419
          1.761419
          1.761420
          1.761420
          1.761421
          1.761421
          1.761422
          1.761422
          1.761422
          1.761422
          1.761423
          1.761423
          1.761423
          1.761423
