          0.008664
          0.008666
          0.008666
          0.008666
          0.008665
          0.008663
          0.008662
          0.008661
          0.008659
          0.008658
          0.008657
          0.008656
          0.008655
          0.008654
          0.008653
          0.008652
          0.008651
          0.008650
          0.008650
          0.008649
          0.008648
          0.008648
          0.008647
          0.008647
          0.008647
          0.008646
          0.008646
          0.008646
          0.008645
          0.008645
          0.008645
          0.008645
          0.008644
          0.008644
          0.008644
          0.008644
          0.008644
          0.008643
          0.008643
          0.008643
          0.008643
          0.008643
          0.008643
          0.008643
          0.008643
          0.008643
          0.008642
          0.008642
          0.008642
          0.008642
          0.008642
          0.008642
          0.008642
          0.008642
          0.008642
          0.008642
          0.008642
          0.008642
          0.008641
          0.008641
          0.008641
          0.008641
          0.008641
          0.008641
          0.008641
          0.008641
          0.008641
          0.008641
          0.008641
          0.008641
          0.008641
          0.008641
          0.008641
          0.008641
          0.008641
          0.008640
          0.008640
          0.008640
          0.008640
          0.008640
          0.008640
          0.008640
          0.008640
          0.008640
          0.008640
          0.008640
          0.008640
          0.008640
          0.008640
          0.008640
          0.008640
          0.008640
          0.008640
          0.008640
          0.008640
          0.008640
          0.008640
          0.008640
          0.008640
          0.008640
          0.008640
          0.008640
          0.008639
          0.008639
          0.008639
          0.008639
          0.008639
          0.008639
          0.008639
          0.008639
          0.008639
          0.008639
          0.008639
          0.008639
          0.008639
          0.008639
          0.008639
          0.008639
          0.008639
          0.008639
          0.008639
          0.008639
          0.008639
          0.008639
          0.008639
          0.008639
          0.008639
          0.008639
          0.008639
          0.008639
          0.008639
          0.008639
          0.008639
          0.008639
          0.008639
          0.008639
          0.008639
          0.008639
          0.008639
          0.008639
          0.008639
          0.008639
          0.008639
          0.008639
          0.008639
          0.008639
          0.008639
          0.008638
          0.008638
          0.008638
          0.008638
          0.008638
          0.008638
          0.008638
          0.008638
          0.008638
          0.008638
          0.008638
          0.008638
          0.008638
          0.008638
          0.008638
          0.008638
          0.008638
          0.008638
          0.008638
          0.008638
          0.008638
          0.008638
          0.008638
          0.008638
          0.008638
          0.008638
          0.008638
          0.008638
          0.008638
          0.008638
          0.008638
          0.008638
          0.008638
          0.008638
          0.008638
          0.008638
          0.008638
          0.008638
          0.008638
          0.008638
          0.008638
          0.008638
          0.008638
          0.008638
          0.008638
          0.008638
          0.008638
          0.008638
          0.008638
          0.008638
          0.008638
          0.008638
          0.008638
          0.008638
          0.008638
          0.008638
          0.008638
          0.008638
          0.008638
          0.008638
          0.008638
          0.008638
          0.008638
          0.008638
          0.008638
          0.008638
          0.008638
          0.008638
          0.008638
          0.008638
          0.008638
          0.008638
          0.008638
          0.008638
          0.008638
          0.008638
          0.008638
          0.008638
          0.008638
          0.008638
          0.008638
          0.008638
          0.008638
          0.008638
          0.008638
          0.008638
          0.008638
          0.008638
          0.008638
          0.008638
          0.008638
          0.008638
          0.008638
          0.008638
          0.008638
          0.008638
          0.008638
          0.008638
          0.008638
          0.008638
          0.008638
          0.008638
          0.008638
          0.008638
          0.008638
          1.000170
          1.000165
          1.000157
          1.000148
          1.000138
          1.000128
          1.000118
          1.000108
          1.000099
          1.000090
          1.000083
          1.000075
          1.000069
          1.000063
          1.000058
          1.000053
          1.000048
          1.000044
          1.000041
          1.000037
          1.000034
          1.000032
          1.000029
          1.000027
          1.000025
          1.000023
          1.000022
          1.000020
          1.000019
          1.000017
          1.000016
          1.000015
          1.000014
          1.000014
          1.000013
          1.000012
          1.000012
          1.000011
          1.000010
          1.000010
          1.000010
          1.000009
          1.000009
          1.000008
          1.000008
          1.000008
          1.000008
          1.000007
          1.000007
          1.000007
          1.000007
          1.000006
          1.000006
          1.000006
          1.000006
          1.000006
          1.000006
          1.000006
          1.000005
          1.000005
          1.000005
          1.000005
          1.000005
          1.000005
          1.000005
          1.000005
          1.000005
          1.000005
          1.000004
          1.000004
          1.000004
          1.000004
          1.000004
          1.000004
          1.000004
          1.000004
          1.000004
          1.000004
          1.000004
          1.000004
          1.000004
          1.000004
          1.000004
          1.000003
          1.000003
          1.000003
          1.000003
          1.000003
          1.000003
          1.000003
          1.000003
          1.000003
          1.000003
          1.000003
          1.000003
          1.000003
          1.000003
          1.000003
          1.000003
          1.000003
          1.000003
          1.000003
          1.000003
          1.000003
          1.000003
          1.000003
          1.000002
          1.000002
          1.000002
          1.000002
          1.000002
          1.000002
          1.000002
          1.000002
          1.000002
          1.000002
          1.000002
          1.000002
          1.000002
          1.000002
          1.000002
          1.000002
          1.000002
          1.000002
          1.000002
          1.000002
          1.000002
          1.000002
          1.000002
          1.000002
          1.000002
          1.000002
          1.000002
          1.000002
          1.000002
          1.000002
          1.000002
          1.000002
          1.000002
          1.000002
          1.000002
          1.000001
          1.000001
          1.000001
          1.000001
          1.000001
          1.000001
          1.000001
          1.000001
          1.000001
          1.000001
          1.000001
          1.000001
          1.000001
          1.000001
          1.000001
          1.000001
          1.000001
          1.000001
          1.000001
          1.000001
          1.000001
          1.000001
          1.000001
          1.000001
          1.000001
          1.000001
          1.000001
          1.000001
          1.000001
          1.000001
          1.000001
          1.000001
          1.000001
          1.000001
          1.000001
          1.000001
          1.000001
          1.000001
          1.000001
          1.000001
          1.000001
          1.000001
          1.000001
          1.000001
          1.000001
          1.000001
          1.000001
          1.000001
          1.000001
          1.000001
          1.000001
          1.000001
          1.000001
          1.000001
          1.000001
          1.000001
          1.000001
          1.000001
          1.000001
          1.000001
          1.000001
          1.000001
          1.000001
          1.000001
          1.000001
          1.000001
          1.000001
          1.000001
          1.000001
          1.000001
          1.000000
          1.000000
          1.000000
          1.000000
          1.000000
          1.000000
          1.000000
          1.000000
          1.000000
          1.000000
          1.000000
          1.000000
          1.000000
          1.000000
          1.000000
          1.000000
          1.000001
          1.000001
          1.000001
          1.000001
          1.000001
          1.000001
          1.000001
          1.000001
          1.000001
          1.000001
          1.000001
          1.000001
          1.000001
          1.000001
          1.000001
          1.000001
          1.000001
          1.000001
          1.000001
          1.000000
          1.000000
          1.000000
          1.000000
          1.000000
          1.000000
          1.511777
          1.511656
          1.511419
          1.511178
          1.510960
          1.510774
          1.510618
          1.510487
          1.510378
          1.510286
          1.510207
          1.510140
          1.510082
          1.510031
          1.509987
          1.509948
          1.509913
          1.509883
          1.509856
          1.509832
          1.509811
          1.509793
          1.509776
          1.509762
          1.509749
          1.509738
          1.509728
          1.509719
          1.509711
          1.509705
          1.509699
          1.509694
          1.509690
          1.509687
          1.509684
          1.509681
          1.509679
          1.509678
          1.509676
          1.509676
          1.509675
          1.509675
          1.509675
          1.509675
          1.509675
          1.509675
          1.509676
          1.509676
          1.509677
          1.509678
          1.509679
          1.509680
          1.509681
          1.509682
          1.509683
          1.509685
          1.509686
          1.509687
          1.509688
          1.509690
          1.509691
          1.509692
          1.509694
          1.509695
          1.509696
          1.509698
          1.509699
          1.509700
          1.509702
          1.509703
          1.509704
          1.509706
          1.509707
          1.509708
          1.509709
          1.509711
          1.509712
          1.509713
          1.509714
          1.509716
          1.509717
          1.509718
          1.509719
          1.509720
          1.509721
          1.509723
          1.509724
          1.509725
          1.509726
          1.509727
          1.509728
          1.509729
          1.509730
          1.509731
          1.509732
          1.509733
          1.509734
          1.509735
          1.509736
          1.509737
          1.509737
          1.509738
          1.509739
          1.509740
          1.509741
          1.509742
          1.509742
          1.509743
          1.509744
          1.509745
          1.509746
          1.509746
          1.509747
          1.509748
          1.509749
          1.509749
          1.509750
          1.509751
          1.509751
          1.509752
          1.509753
          1.509753
          1.509754
          1.509755
          1.509755
          1.509756
          1.509757
          1.509757
          1.509758
          1.509759
          1.509759
          1.509760
          1.509760
          1.509761
          1.509761
          1.509762
          1.509762
          1.509763
          1.509763
          1.509764
          1.509764
          1.509765
          1.509765
          1.509765
          1.509766
          1.509766
          1.509767
          1.509767
          1.509767
          1.509768
          1.509768
          1.509769
          1.509769
          1.509770
          1.509770
          1.509770
          1.509771
          1.509771
          1.509772
          1.509772
          1.509773
          1.509773
          1.509773
          1.509774
          1.509774
          1.509775
          1.509775
          1.509775
          1.509776
          1.509776
          1.509776
          1.509777
          1.509777
          1.509777
          1.509778
          1.509778
          1.509778
          1.509778
          1.509778
          1.509778
          1.509779
          1.509779
          1.509779
          1.509779
          1.509779
          1.509779
          1.509779
          1.509779
          1.509780
          1.509780
          1.509780
          1.509780
          1.509781
          1.509781
          1.509781
          1.509781
          1.509782
          1.509782
          1.509783
          1.509783
          1.509784
          1.509784
          1.509784
          1.509785
          1.509785
          1.509786
          1.509786
          1.509786
          1.509786
          1.509787
          1.509787
          1.509787
          1.509787
          1.509787
          1.509787
          1.509787
          1.509786
          1.509786
          1.509786
          1.509786
          1.509785
          1.509785
          1.509785
          1.509784
          1.509784
          1.509784
          1.509784
          1.509784
          1.509784
          1.509784
          1.509784
          1.509784
          1.509784
          1.509785
          1.509785
          1.509786
          1.509787
          1.509787
          1.509788
          1.509789
          1.509790
          1.509790
          1.509791
          1.509792
          1.509793
          1.509793
          1.509794
          1.509794
          1.509794
          1.509794
          1.509794
          1.509793
          0.680902
          0.680885
          0.680920
          0.680982
          0.681053
          0.681123
          0.681189
          0.681250
          0.681305
          0.681354
          0.681398
          0.681437
          0.681473
          0.681504
          0.681533
          0.681559
          0.681582
          0.681602
          0.681621
          0.681638
          0.681653
          0.681667
          0.681679
          0.681691
          0.681701
          0.681710
          0.681719
          0.681726
          0.681733
          0.681739
          0.681745
          0.681750
          0.681755
          0.681759
          0.681763
          0.681767
          0.681770
          0.681773
          0.681776
          0.681778
          0.681780
          0.681782
          0.681784
          0.681786
          0.681788
          0.681789
          0.681791
          0.681792
          0.681793
          0.681795
          0.681796
          0.681797
          0.681797
          0.681798
          0.681799
          0.681800
          0.681801
          0.681801
          0.681802
          0.681803
          0.681803
          0.681804
          0.681804
          0.681805
          0.681805
          0.681806
          0.681806
          0.681807
          0.681807
          0.681808
          0.681808
          0.681808
          0.681809
          0.681809
          0.681809
          0.681810
          0.681810
          0.681811
          0.681811
          0.681811
          0.681811
          0.681812
          0.681812
          0.681812
          0.681813
          0.681813
          0.681813
          0.681813
          0.681814
          0.681814
          0.681814
          0.681814
          0.681815
          0.681815
          0.681815
          0.681815
          0.681816
          0.681816
          0.681816
          0.681816
          0.681816
          0.681817
          0.681817
          0.681817
          0.681817
          0.681817
          0.681817
          0.681818
          0.681818
          0.681818
          0.681818
          0.681818
          0.681819
          0.681819
          0.681819
          0.681819
          0.681819
          0.681819
          0.681820
          0.681820
          0.681820
          0.681820
          0.681820
          0.681820
          0.681820
          0.681821
          0.681821
          0.681821
          0.681821
          0.681821
          0.681821
          0.681821
          0.681821
          0.681822
          0.681822
          0.681822
          0.681822
          0.681822
          0.681822
          0.681822
          0.681822
          0.681822
          0.681822
          0.681823
          0.681823
          0.681823
          0.681823
          0.681823
          0.681823
          0.681823
          0.681823
          0.681823
          0.681823
          0.681823
          0.681824
          0.681824
          0.681824
          0.681824
          0.681824
          0.681824
          0.681824
          0.681824
          0.681824
          0.681825
          0.681825
          0.681825
          0.681825
          0.681825
          0.681825
          0.681825
          0.681825
          0.681825
          0.681825
          0.681825
          0.681825
          0.681825
          0.681825
          0.681825
          0.681825
          0.681825
          0.681825
          0.681825
          0.681825
          0.681825
          0.681825
          0.681825
          0.681825
          0.681825
          0.681825
          0.681825
          0.681826
          0.681826
          0.681826
          0.681826
          0.681826
          0.681826
          0.681826
          0.681826
          0.681827
          0.681827
          0.681827
          0.681827
          0.681827
          0.681827
          0.681827
          0.681827
          0.681827
          0.681827
          0.681827
          0.681827
          0.681827
          0.681827
          0.681827
          0.681827
          0.681827
          0.681827
          0.681827
          0.681827
          0.681826
          0.681826
          0.681826
          0.681826
          0.681826
          0.681826
          0.681826
          0.681826
          0.681826
          0.681826
          0.681826
          0.681826
          0.681826
          0.681826
          0.681826
          0.681827
          0.681827
          0.681827
          0.681827
          0.681828
          0.681828
          0.681828
          0.681829
          0.681829
          0.681829
          0.681829
          0.681829
          0.681830
          0.681830
          0.681829
          0.681829
          0.681829
          0.681829
          0.681829
         -0.007017
         -0.001148
         -0.001057
         -0.000953
         -0.000852
         -0.000760
         -0.000678
         -0.000606
         -0.000543
         -0.000487
         -0.000438
         -0.000395
         -0.000357
         -0.000323
         -0.000292
         -0.000265
         -0.000240
         -0.000218
         -0.000198
         -0.000180
         -0.000164
         -0.000150
         -0.000137
         -0.000125
         -0.000114
         -0.000105
         -0.000096
         -0.000088
         -0.000081
         -0.000075
         -0.000069
         -0.000064
         -0.000059
         -0.000055
         -0.000051
         -0.000048
         -0.000044
         -0.000041
         -0.000039
         -0.000037
         -0.000034
         -0.000032
         -0.000031
         -0.000029
         -0.000028
         -0.000026
         -0.000025
         -0.000024
         -0.000023
         -0.000022
         -0.000021
         -0.000020
         -0.000019
         -0.000019
         -0.000018
         -0.000017
         -0.000017
         -0.000016
         -0.000016
         -0.000015
         -0.000015
         -0.000015
         -0.000014
         -0.000014
         -0.000013
         -0.000013
         -0.000013
         -0.000013
         -0.000012
         -0.000012
         -0.000012
         -0.000012
         -0.000011
         -0.000011
         -0.000011
         -0.000011
         -0.000011
         -0.000010
         -0.000010
         -0.000010
         -0.000010
         -0.000010
         -0.000010
         -0.000009
         -0.000009
         -0.000009
         -0.000009
         -0.000009
         -0.000009
         -0.000009
         -0.000009
         -0.000008
         -0.000008
         -0.000008
         -0.000008
         -0.000008
         -0.000008
         -0.000008
         -0.000008
         -0.000007
         -0.000007
         -0.000007
         -0.000007
         -0.000007
         -0.000007
         -0.000007
         -0.000007
         -0.000007
         -0.000006
         -0.000006
         -0.000006
         -0.000006
         -0.000006
         -0.000006
         -0.000006
         -0.000006
         -0.000006
         -0.000006
         -0.000006
         -0.000006
         -0.000006
         -0.000005
         -0.000005
         -0.000005
         -0.000005
         -0.000005
         -0.000005
         -0.000005
         -0.000005
         -0.000005
         -0.000005
         -0.000005
         -0.000005
         -0.000005
         -0.000005
         -0.000005
         -0.000004
         -0.000004
         -0.000004
         -0.000004
         -0.000004
         -0.000004
         -0.000004
         -0.000004
         -0.000004
         -0.000004
         -0.000004
         -0.000004
         -0.000004
         -0.000003
         -0.000003
         -0.000003
         -0.000003
         -0.000003
         -0.000003
         -0.000003
         -0.000003
         -0.000003
         -0.000003
         -0.000003
         -0.000003
         -0.000003
         -0.000003
         -0.000003
         -0.000003
         -0.000003
         -0.000003
         -0.000003
         -0.000003
         -0.000003
         -0.000003
         -0.000003
         -0.000003
         -0.000003
         -0.000003
         -0.000003
         -0.000003
         -0.000003
         -0.000003
         -0.000002
         -0.000002
         -0.000002
         -0.000002
         -0.000002
         -0.000002
         -0.000002
         -0.000002
         -0.000002
         -0.000002
         -0.000002
         -0.000002
         -0.000002
         -0.000002
         -0.000002
         -0.000002
         -0.000002
         -0.000002
         -0.000002
         -0.000002
         -0.000002
         -0.000002
         -0.000002
         -0.000002
         -0.000003
         -0.000003
         -0.000003
         -0.000003
         -0.000003
         -0.000003
         -0.000003
         -0.000003
         -0.000003
         -0.000003
         -0.000003
         -0.000002
         -0.000002
         -0.000002
         -0.000002
         -0.000002
         -0.000002
         -0.000001
         -0.000001
         -0.000001
         -0.000001
         -0.000000
         -0.000000
         -0.000000
         -0.000000
         -0.000000
         -0.000000
         -0.000000
         -0.000000
         -0.000000
         -0.000001
         -0.000001
         -0.000001
         -0.000002
         -0.000002
         -0.000002
         -0.000003
         -0.000003
         -0.000004
         -0.000004
         -0.000004
         -0.000005
         -0.000005
         -0.000005
         -0.000006
         -0.000006
         -0.000006
         -0.000006
         -0.000006
