  8.663552614340233E-003  8.665581983272211E-003  8.665912909134755E-003
  8.665514584035453E-003  8.664641468624949E-003  8.663482984061796E-003
  8.662174843420859E-003  8.660809376900497E-003  8.659447519450799E-003
  8.658128058691834E-003  8.656872939477233E-003  8.655694748903837E-003
  8.654598654676313E-003  8.653584674780220E-003  8.652650545706112E-003
  8.651792216610220E-003  8.651004607643023E-003  8.650282504846805E-003
  8.649620702530336E-003  8.649014376811717E-003  8.648458338855832E-003
  8.647948242775120E-003  8.647479758755709E-003  8.647049193639475E-003
  8.646652998000635E-003  8.646287905604821E-003  8.645951005600899E-003
  8.645639637482038E-003  8.645351381860027E-003  8.645084172855285E-003
  8.644835848871551E-003  8.644604730496452E-003  8.644389108274439E-003
  8.644187685856772E-003  8.643999147738876E-003  8.643822170569105E-003
  8.643655826967965E-003  8.643499094397851E-003  8.643351096897161E-003
  8.643211102411331E-003  8.643078351687343E-003  8.642952330953720E-003
  8.642832316575986E-003  8.642717947633653E-003  8.642608621634851E-003
  8.642503916487144E-003  8.642403573957081E-003  8.642307161021118E-003
  8.642214425301178E-003  8.642125063924143E-003  8.642038819484837E-003
  8.641955459939442E-003  8.641874777429467E-003  8.641796643747743E-003
  8.641720880362920E-003  8.641647316255626E-003  8.641575783330286E-003
  8.641506213882945E-003  8.641438492646997E-003  8.641372428095619E-003
  8.641308138287849E-003  8.641245390200825E-003  8.641184098060464E-003
  8.641124205535660E-003  8.641065668453327E-003  8.641008403972656E-003
  8.640952411223715E-003  8.640897558841135E-003  8.640843879023308E-003
  8.640791276174528E-003  8.640739750664981E-003  8.640689127385340E-003
  8.640639629438982E-003  8.640590981920167E-003  8.640543275849928E-003
  8.640496443582222E-003  8.640450464937621E-003  8.640405264291757E-003
  8.640360838160797E-003  8.640317165826313E-003  8.640274282195807E-003
  8.640232073767084E-003  8.640190582111823E-003  8.640149792884475E-003
  8.640109636327640E-003  8.640070153146964E-003  8.640031157923061E-003
  8.639992894335731E-003  8.639955163451975E-003  8.639918017976117E-003
  8.639881429165910E-003  8.639845404091875E-003  8.639809939109570E-003
  8.639774898888706E-003  8.639740432295736E-003  8.639706469668593E-003
  8.639673064782066E-003  8.639640065024153E-003  8.639607620549852E-003
  8.639575661770173E-003  8.639544160748814E-003  8.639513164194772E-003
  8.639482651792200E-003  8.639452575305928E-003  8.639422957051359E-003
  8.639393879317723E-003  8.639365175083073E-003  8.639337008307147E-003
  8.639309291319050E-003  8.639282068045399E-003  8.639255216802042E-003
  8.639228793710992E-003  8.639202838098527E-003  8.639177354713770E-003
  8.639152299093705E-003  8.639127584193310E-003  8.639103431125707E-003
  8.639079547754117E-003  8.639056092628640E-003  8.639032987364214E-003
  8.639010263750989E-003  8.638987892588913E-003  8.638965860387378E-003
  8.638944116642081E-003  8.638922674921933E-003  8.638901556183595E-003
  8.638880666199580E-003  8.638860078359062E-003  8.638839713303625E-003
  8.638819610369946E-003  8.638799726636712E-003  8.638780113903691E-003
  8.638760666661607E-003  8.638741474552430E-003  8.638722460695575E-003
  8.638703664379488E-003  8.638685097314922E-003  8.638666724653682E-003
  8.638648555070282E-003  8.638630652623443E-003  8.638612990412763E-003
  8.638595546716931E-003  8.638578414028252E-003  8.638561574552887E-003
  8.638544983746676E-003  8.638528806940377E-003  8.638512843983847E-003
  8.638497264574609E-003  8.638482004574436E-003  8.638467050076828E-003
  8.638452528553213E-003  8.638438264621670E-003  8.638424399542308E-003
  8.638410812077826E-003  8.638397646413110E-003  8.638384745667140E-003
  8.638372186996257E-003  8.638359913698527E-003  8.638347869011322E-003
  8.638336131441092E-003  8.638324576241084E-003  8.638313119756975E-003
  8.638301914289319E-003  8.638290816914473E-003  8.638279791618518E-003
  8.638268903146062E-003  8.638257993700041E-003  8.638247103640816E-003
  8.638236175748043E-003  8.638225272298270E-003  8.638214289804642E-003
  8.638203255626883E-003  8.638192169523464E-003  8.638181028027650E-003
  8.638169842843586E-003  8.638158668099099E-003  8.638147490734422E-003
  8.638136277599760E-003  8.638125167241873E-003  8.638114126577534E-003
  8.638103244935408E-003  8.638092511239237E-003  8.638082105752488E-003
  8.638071952899633E-003  8.638062073436890E-003  8.638052575025765E-003
  8.638043536163981E-003  8.638034988533608E-003  8.638026858201260E-003
  8.638019278614623E-003  8.638012218267280E-003  8.638005732496809E-003
  8.637999753618026E-003  8.637994256998526E-003  8.637989258860702E-003
  8.637984720427884E-003  8.637980655970323E-003  8.637976920129050E-003
  8.637973491085645E-003  8.637970244818854E-003  8.637967145704757E-003
  8.637964096520751E-003  8.637960995431291E-003  8.637957734039083E-003
  8.637954343214942E-003  8.637950628494359E-003  8.637946615577192E-003
  8.637942112691838E-003  8.637937134838207E-003  8.637931660466371E-003
  8.637925578441704E-003  8.637919013811489E-003  8.637911865120536E-003
  8.637904260215146E-003  8.637896231569436E-003  8.637887714155693E-003
  8.637878944295723E-003  8.637870027557863E-003  8.637861074890471E-003
  8.637852144485836E-003  8.637843456259797E-003  8.637835133546252E-003
  8.637827354781342E-003  8.637820266823467E-003  8.637813994519388E-003
  8.637808718062953E-003  8.637804576688933E-003  8.637801652294004E-003
  8.637800013515233E-003  8.637799759517636E-003  8.637800901692097E-003
  8.637803435056747E-003  8.637807363389939E-003  8.637812648904664E-003
  8.637819128804892E-003  8.637826718089067E-003  8.637835269971918E-003
  8.637844572456341E-003  8.637854412009186E-003  8.637864618720676E-003
  8.637874904640930E-003  8.637884991861329E-003  8.637894774612824E-003
  8.637903867068340E-003  8.637912136818462E-003  8.637919458468778E-003
  8.637925572350007E-003  8.637930528478782E-003  8.637934225039123E-003
  8.637936801669740E-003  8.637938479781828E-003  8.637939602378530E-003
   1.00016996675072        1.00016517551051        1.00015741977827     
   1.00014806460147        1.00013795219140        1.00012766142935     
   1.00011757151197        1.00010791696033        1.00009883148562     
   1.00009038043225        1.00008258399858        1.00007543396769     
   1.00006890449494        1.00006295978671        1.00005755930447     
   1.00005266082000        1.00004822249053        1.00004420413265     
   1.00004056782775        1.00003727823781        1.00003430264783     
   1.00003161115810        1.00002917641088        1.00002697355065     
   1.00002497995867        1.00002317514127        1.00002154056833     
   1.00002005948537        1.00001871676198        1.00001749874639     
   1.00001639308863        1.00001538871655        1.00001447562304     
   1.00001364482537        1.00001288818320        1.00001219836647     
   1.00001156882271        1.00001099361181        1.00001046740758     
   1.00000998542199        1.00000954333224        1.00000913726720     
   1.00000876370641        1.00000841953210        1.00000810189315     
   1.00000780827075        1.00000753640403        1.00000728422217     
   1.00000704989191        1.00000683174822        1.00000662830213     
   1.00000643821774        1.00000626029580        1.00000609345823     
   1.00000593671517        1.00000578917713        1.00000565004855     
   1.00000551862187        1.00000539423951        1.00000527630620     
   1.00000516431043        1.00000505771880        1.00000495609223     
   1.00000485903575        1.00000476618543        1.00000467720206     
   1.00000459178234        1.00000450963072        1.00000443050173     
   1.00000435414476        1.00000428034577        1.00000420889548     
   1.00000413964578        1.00000407237687        1.00000400696339     
   1.00000394325301        1.00000388111842        1.00000382044227     
   1.00000376113505        1.00000370311007        1.00000364628801     
   1.00000359057883        1.00000353593152        1.00000348228226     
   1.00000342957321        1.00000337777152        1.00000332683300     
   1.00000327677552        1.00000322753548        1.00000317911532     
   1.00000313150038        1.00000308468502        1.00000303866076     
   1.00000299342034        1.00000294900036        1.00000290538509     
   1.00000286257849        1.00000282056457        1.00000277937530     
   1.00000273898875        1.00000269940219        1.00000266061834     
   1.00000262261999        1.00000258539239        1.00000254893239     
   1.00000251322362        1.00000247821695        1.00000244391338     
   1.00000241025407        1.00000237720451        1.00000234471252     
   1.00000231276325        1.00000228131868        1.00000225032243     
   1.00000221971304        1.00000218944233        1.00000215948924     
   1.00000212975853        1.00000210025287        1.00000207092335     
   1.00000204174766        1.00000201269450        1.00000198374480     
   1.00000195488763        1.00000192613264        1.00000189748839     
   1.00000186896027        1.00000184058880        1.00000181239394     
   1.00000178442528        1.00000175672242        1.00000172934146     
   1.00000170232375        1.00000167574741        1.00000164966155     
   1.00000162414030        1.00000159924304        1.00000157502239     
   1.00000155153870        1.00000152884364        1.00000150696029     
   1.00000148591286        1.00000146572381        1.00000144637456     
   1.00000142784226        1.00000141010819        1.00000139308858     
   1.00000137675648        1.00000136101881        1.00000134579426     
   1.00000133099719        1.00000131649198        1.00000130219530     
   1.00000128797222        1.00000127372403        1.00000125930256     
   1.00000124461256        1.00000122953641        1.00000121398069     
   1.00000119787800        1.00000118114414        1.00000116374832     
   1.00000114569979        1.00000112696955        1.00000110759047     
   1.00000108762298        1.00000106712220        1.00000104621226     
   1.00000102501947        1.00000100370254        1.00000098241169     
   1.00000096134228        1.00000094068885        1.00000092065095     
   1.00000090143109        1.00000088322616        1.00000086621022     
   1.00000085055428        1.00000083642869        1.00000082394169     
   1.00000081319299        1.00000080423024        1.00000079707913     
   1.00000079167845        1.00000078796508        1.00000078584067     
   1.00000078514062        1.00000078564426        1.00000078709369     
   1.00000078923134        1.00000079173324        1.00000079426732     
   1.00000079647012        1.00000079799333        1.00000079849447     
   1.00000079762808        1.00000079506992        1.00000079050695     
   1.00000078369783        1.00000077443856        1.00000076260154     
   1.00000074811104        1.00000073096787        1.00000071125432     
   1.00000068913769        1.00000066482495        1.00000063863833     
   1.00000061094182        1.00000058221047        1.00000055295657     
   1.00000052373559        1.00000049516847        1.00000046785449     
   1.00000044243712        1.00000041951798        1.00000039967874     
   1.00000038350194        1.00000037145749        1.00000036393509     
   1.00000036123392        1.00000036357081        1.00000037101711     
   1.00000038352341        1.00000040089637        1.00000042280618     
   1.00000044879272        1.00000047824827        1.00000051043536     
   1.00000054451316        1.00000057955079        1.00000061452809     
   1.00000064837824        1.00000068000838        1.00000070831338     
   1.00000073220868        1.00000075069169        1.00000076283516     
   1.00000076782711        1.00000076501155        1.00000075390599     
   1.00000073420210        1.00000070581830        1.00000066890504     
   1.00000062379313        1.00000057108811        1.00000051158094     
   1.00000044623530        1.00000037621532        1.00000030275749     
   1.00000022718710        1.00000015079388        1.00000007474945     
   1.51177727559539        1.51165642106182        1.51141891069563     
   1.51117765720609        1.51096047635684        1.51077435616064     
   1.51061804559171        1.51048741942059        1.51037794802938     
   1.51028563333856        1.51020707409968        1.51013970762056     
   1.51008151566572        1.51003087695324        1.50998658074380     
   1.50994766351018        1.50991334114808        1.50988300173390     
   1.50985614792239        1.50983239110145        1.50981133943701     
   1.50979271011656        1.50977622506094        1.50976167169603     
   1.50974884414338        1.50973755715259        1.50972765207904     
   1.50971898499263        1.50971142624714        1.50970487286422     
   1.50969920066190        1.50969432813857        1.50969016051375     
   1.50968663916532        1.50968369542916        1.50968125285992     
   1.50967927207817        1.50967769669076        1.50967648141720     
   1.50967559145590        1.50967498462448        1.50967464193528     
   1.50967451765355        1.50967460277745        1.50967485910006     
   1.50967526539733        1.50967581590724        1.50967648349493     
   1.50967725878651        1.50967812579120        1.50967907148353     
   1.50968008466374        1.50968115488461        1.50968227942701     
   1.50968344916250        1.50968465507778        1.50968588775980     
   1.50968714772692        1.50968842987264        1.50968971979739     
   1.50969103684244        1.50969236104549        1.50969368909154     
   1.50969502015946        1.50969635415361        1.50969768639875     
   1.50969902107565        1.50970034767126        1.50970167359216     
   1.50970299194046        1.50970430636144        1.50970560071119     
   1.50970690276343        1.50970818491437        1.50970946052207     
   1.50971072474770        1.50971197806641        1.50971321496243     
   1.50971443754898        1.50971564558804        1.50971684494731     
   1.50971802501465        1.50971919256067        1.50972034781925     
   1.50972148506701        1.50972261074567        1.50972370617751     
   1.50972479966982        1.50972587053351        1.50972692627254     
   1.50972796488165        1.50972898856700        1.50972999834947     
   1.50973098065958        1.50973195292891        1.50973290815199     
   1.50973385331582        1.50973477252306        1.50973568373634     
   1.50973657963699        1.50973745848892        1.50973832607927     
   1.50973918118621        1.50974001942538        1.50974084415580     
   1.50974166500730        1.50974246465413        1.50974326202678     
   1.50974404792736        1.50974482860023        1.50974559190771     
   1.50974634495066        1.50974709282059        1.50974783669683     
   1.50974857271661        1.50974929253997        1.50975002161798     
   1.50975072890557        1.50975143334897        1.50975212714469     
   1.50975281500510        1.50975349464854        1.50975416574075     
   1.50975482400844        1.50975547186098        1.50975611243071     
   1.50975673647669        1.50975735273101        1.50975795316787     
   1.50975854274492        1.50975911750564        1.50975968344268     
   1.50976022956757        1.50976076614409        1.50976128511592     
   1.50976179099792        1.50976228508439        1.50976276368007     
   1.50976322773989        1.50976368405465        1.50976412956315     
   1.50976456167184        1.50976499033135        1.50976541328619     
   1.50976582589869        1.50976624624853        1.50976665233682     
   1.50976706347819        1.50976747276421        1.50976787915614     
   1.50976829706205        1.50976870803868        1.50976912832560     
   1.50976954546618        1.50976997618384        1.50977040428018     
   1.50977083962796        1.50977127725101        1.50977171242410     
   1.50977215537926        1.50977259369470        1.50977301997568     
   1.50977345189179        1.50977387496272        1.50977428655372     
   1.50977469482392        1.50977508337284        1.50977545771434     
   1.50977581201912        1.50977615336676        1.50977647056811     
   1.50977676639470        1.50977704048423        1.50977729169421     
   1.50977752047293        1.50977773159778        1.50977792229181     
   1.50977808774134        1.50977824171569        1.50977837854869     
   1.50977850654743        1.50977862261538        1.50977874489443     
   1.50977886347262        1.50977897993651        1.50977910477116     
   1.50977924551246        1.50977940518817        1.50977957560502     
   1.50977977189124        1.50977999101197        1.50978024019289     
   1.50978051349100        1.50978081025642        1.50978113443941     
   1.50978148410989        1.50978186339530        1.50978225967677     
   1.50978267401388        1.50978309632234        1.50978352605536     
   1.50978395588601        1.50978437787193        1.50978478251336     
   1.50978517564135        1.50978553788592        1.50978587362387     
   1.50978616281893        1.50978640770448        1.50978660520809     
   1.50978674188606        1.50978682960762        1.50978685398418     
   1.50978682588360        1.50978674459006        1.50978659836628     
   1.50978640803305        1.50978617900031        1.50978591750026     
   1.50978562391653        1.50978531652622        1.50978500287870     
   1.50978469673340        1.50978440921765        1.50978414965924     
   1.50978393390208        1.50978377462459        1.50978367923999     
   1.50978365488056        1.50978371323193        1.50978385749719     
   1.50978409037041        1.50978441646601        1.50978483716028     
   1.50978534100108        1.50978592621221        1.50978658478833     
   1.50978730187309        1.50978806256975        1.50978885674419     
   1.50978966041341        1.50979045031795        1.50979122023617     
   1.50979193123960        1.50979257055853        1.50979312222540     
   1.50979355230302        1.50979385628879        1.50979400693618     
   1.50979399668728        1.50979381887476        1.50979347178358     
  0.680902106286485       0.680885032370185       0.680919763875095     
  0.680981981285857       0.681052781883582       0.681123212130110     
  0.681189410948217       0.681249973594545       0.681304669908541     
  0.681353800201254       0.681397816142021       0.681437258372414     
  0.681472632531158       0.681504376451050       0.681532895723306     
  0.681558542210652       0.681581618821187       0.681602399364921     
  0.681621127195861       0.681638026538358       0.681653275250809     
  0.681667049265527       0.681679494623817       0.681690751946336     
  0.681700940948281       0.681710167737641       0.681718529386669     
  0.681726112186390       0.681732993244592       0.681739246202616     
  0.681744926661261       0.681750094344791       0.681754795923538     
  0.681759082148879       0.681762993550711       0.681766561578677     
  0.681769824171625       0.681772808698911       0.681775541488579     
  0.681778048249942       0.681780348562173       0.681782466313309     
  0.681784413583227       0.681786211787319       0.681787870354099     
  0.681789401980819       0.681790822628893       0.681792139499419     
  0.681793363969333       0.681794503821299       0.681795566501127     
  0.681796558873243       0.681797487029659       0.681798358698905     
  0.681799178673018       0.681799950946985       0.681800678647244     
  0.681801367582195       0.681802021191694       0.681802639270136     
  0.681803232324314       0.681803797589876       0.681804337167138     
  0.681804853698323       0.681805349822048       0.681805826391156     
  0.681806286932629       0.681806729900176       0.681807159409606     
  0.681807574739324       0.681807978424848       0.681808366306603     
  0.681808748608041       0.681809117296909       0.681809477493486     
  0.681809828398758       0.681810170820513       0.681810503498146     
  0.681810827608117       0.681811143561336       0.681811453761345     
  0.681811755118731       0.681812050156710       0.681812339305023     
  0.681812620944879       0.681812897429426       0.681813162781717     
  0.681813426526506       0.681813682186968       0.681813932345728     
  0.681814176548167       0.681814415696922       0.681814650315674     
  0.681814876032121       0.681815098701927       0.681815316275051     
  0.681815531220192       0.681815738416552       0.681815943838415     
  0.681816145298692       0.681816342282993       0.681816536797045     
  0.681816728553356       0.681816916154726       0.681817100725761     
  0.681817285559981       0.681817464978356       0.681817645184081     
  0.681817823244888       0.681818001166909       0.681818174871233     
  0.681818346559596       0.681818517900039       0.681818689285613     
  0.681818859372840       0.681819025222543       0.681819195132974     
  0.681819358809841       0.681819522217350       0.681819682723763     
  0.681819841744980       0.681819998443356       0.681820152594960     
  0.681820302659097       0.681820449322189       0.681820593592629     
  0.681820732372186       0.681820868500395       0.681820999367494     
  0.681821126616236       0.681821249004615       0.681821368607719     
  0.681821481900567       0.681821592351660       0.681821697473717     
  0.681821798888483       0.681821897235869       0.681821991489164     
  0.681822082127042       0.681822171617145       0.681822259188739     
  0.681822344138995       0.681822429920118       0.681822515994966     
  0.681822600899026       0.681822690690940       0.681822778188135     
  0.681822869644721       0.681822962805008       0.681823057182391     
  0.681823157429766       0.681823257307376       0.681823361880589     
  0.681823466817692       0.681823577336492       0.681823687833261     
  0.681823801149325       0.681823915316319       0.681824028364256     
  0.681824143298929       0.681824255721923       0.681824362746864     
  0.681824469926258       0.681824572347223       0.681824668874764     
  0.681824762079039       0.681824846495367       0.681824923851507     
  0.681824992307731       0.681825054376681       0.681825106633017     
  0.681825150256812       0.681825185526554       0.681825212530379     
  0.681825231925415       0.681825245875726       0.681825254091155     
  0.681825255539427       0.681825255358201       0.681825252360752     
  0.681825249848453       0.681825247352665       0.681825251361575     
  0.681825259070479       0.681825271173266       0.681825291286357     
  0.681825322034291       0.681825364408914       0.681825415458480     
  0.681825479762061       0.681825555890276       0.681825645610575     
  0.681825746228005       0.681825856600446       0.681825977062161     
  0.681826105987559       0.681826243708065       0.681826384964279     
  0.681826528932202       0.681826671182494       0.681826810484268     
  0.681826943511094       0.681827066825840       0.681827176626833     
  0.681827274402920       0.681827353552059       0.681827415440278     
  0.681827453645643       0.681827469240121       0.681827461935728     
  0.681827428203841       0.681827373094855       0.681827293303752     
  0.681827193934219       0.681827076539545       0.681826939013078     
  0.681826790056964       0.681826633523542       0.681826473434089     
  0.681826311718422       0.681826156064222       0.681826010522851     
  0.681825880934660       0.681825771985357       0.681825687405091     
  0.681825632720820       0.681825612045696       0.681825627310338     
  0.681825679868420       0.681825772162497       0.681825903449697     
  0.681826072383467       0.681826277920207       0.681826517668909     
  0.681826784715794       0.681827075099936       0.681827382766750     
  0.681827699367232       0.681828016577220       0.681828327842704     
  0.681828622332378       0.681828889702786       0.681829125763380     
  0.681829316089717       0.681829455316419       0.681829537856866     
  0.681829552805390       0.681829499621531       0.681829371071948     
  0.681829167009744       0.681828888269766       0.681828537773770     
 -7.017081303866883E-003 -1.147772740421354E-003 -1.057130623426855E-003
 -9.532405264883523E-004 -8.522149614581365E-004 -7.599976285132377E-004
 -6.780854398622751E-004 -6.060691598011639E-004 -5.428934387636022E-004
 -4.874049139190420E-004 -4.384742603105862E-004 -3.951904795266367E-004
 -3.567749498605081E-004 -3.225517841380479E-004 -2.919854383605336E-004
 -2.646219784128165E-004 -2.400704824098239E-004 -2.180096130716531E-004
 -1.981659520351901E-004 -1.803153128914361E-004 -1.642303908316944E-004
 -1.497377260116295E-004 -1.366674668100256E-004 -1.248838044571228E-004
 -1.142563323414888E-004 -1.046669132546846E-004 -9.601272971308652E-005
 -8.820031250134731E-005 -8.114518193488104E-005 -7.477787688027150E-005
 -6.902021892858781E-005 -6.381655327621767E-005 -5.910628903357236E-005
 -5.484796520383035E-005 -5.099633556484977E-005 -4.750342117159385E-005
 -4.434048417367400E-005 -4.147137346087277E-005 -3.886619821217386E-005
 -3.650098422820759E-005 -3.434877186181345E-005 -3.239464416804756E-005
 -3.061104405344799E-005 -2.898896015605832E-005 -2.750546327433838E-005
 -2.614639648810439E-005 -2.490559037452654E-005 -2.376668840990438E-005
 -2.272232602646376E-005 -2.176211290726806E-005 -2.087739319217906E-005
 -2.006063210940751E-005 -1.930483805584866E-005 -1.860701340151270E-005
 -1.796111534996745E-005 -1.736129079804372E-005 -1.680158534582105E-005
 -1.628107334314738E-005 -1.579612619576992E-005 -1.533870872416482E-005
 -1.491735522009446E-005 -1.452132789553683E-005 -1.414811121426055E-005
 -1.379652414870556E-005 -1.346579474788918E-005 -1.315296571212726E-005
 -1.285940974658451E-005 -1.257937222044419E-005 -1.231593544775082E-005
 -1.206513972589891E-005 -1.182825801204800E-005 -1.159689032615534E-005
 -1.138421585934699E-005 -1.117622490079105E-005 -1.097903889912762E-005
 -1.078989805270062E-005 -1.060864488844805E-005 -1.043221262064303E-005
 -1.026130931298794E-005 -1.009555898553836E-005 -9.937588344391447E-006
 -9.781935499186102E-006 -9.631675669397881E-006 -9.486644696889178E-006
 -9.343792366859473E-006 -9.206040299030038E-006 -9.064021809854073E-006
 -8.931549138455436E-006 -8.798243851904919E-006 -8.667593746422823E-006
 -8.538501829532419E-006 -8.411842099938075E-006 -8.287934809953127E-006
 -8.159977787100474E-006 -8.036433789879625E-006 -7.913774463357083E-006
 -7.795267895560596E-006 -7.672979584492849E-006 -7.555579092640470E-006
 -7.439376943678130E-006 -7.323386291025538E-006 -7.210336888856882E-006
 -7.099485380979248E-006 -6.988528464345511E-006 -6.879005282474840E-006
 -6.775536081577649E-006 -6.669479416046971E-006 -6.570038049015200E-006
 -6.472578118018853E-006 -6.380005082669575E-006 -6.286170733762907E-006
 -6.194485023850480E-006 -6.107382820419148E-006 -6.025324303712384E-006
 -5.946238486646300E-006 -5.865920790711621E-006 -5.796740427772647E-006
 -5.723279724165151E-006 -5.654713177749755E-006 -5.587093839659779E-006
 -5.522620831362559E-006 -5.460016537759670E-006 -5.398969289741353E-006
 -5.337265690508760E-006 -5.275991264374896E-006 -5.216597371059878E-006
 -5.154418998496224E-006 -5.093686829758993E-006 -5.030339950505939E-006
 -4.966738003633477E-006 -4.900835178433998E-006 -4.835497130267647E-006
 -4.765255326136151E-006 -4.695107736078302E-006 -4.621026190559108E-006
 -4.545212773028401E-006 -4.468272636698599E-006 -4.388375740865546E-006
 -4.305980881976261E-006 -4.224434355220911E-006 -4.142227318710741E-006
 -4.058084004264183E-006 -3.976934128778340E-006 -3.897673299137606E-006
 -3.817995294531727E-006 -3.746761927462521E-006 -3.673142301830002E-006
 -3.606600848224574E-006 -3.543683923850284E-006 -3.483841634555784E-006
 -3.434096715449447E-006 -3.385312079733003E-006 -3.345417333170572E-006
 -3.308172281300838E-006 -3.281714611452290E-006 -3.257953034046521E-006
 -3.241607462756093E-006 -3.230101869678470E-006 -3.220957177801019E-006
 -3.219052001925771E-006 -3.218132906702190E-006 -3.214384841598646E-006
 -3.216381895903568E-006 -3.216852146646732E-006 -3.214365210436600E-006
 -3.212797143505194E-006 -3.203926678096119E-006 -3.190361504387109E-006
 -3.169194210315634E-006 -3.143833783864497E-006 -3.108746108196977E-006
 -3.065288626489551E-006 -3.013318460123949E-006 -2.952306318168948E-006
 -2.882532642417413E-006 -2.806437987295511E-006 -2.722769497386785E-006
 -2.629259196639180E-006 -2.532844186103070E-006 -2.430911529400732E-006
 -2.327700846264176E-006 -2.221900174484174E-006 -2.122579046157748E-006
 -2.025048108326194E-006 -1.930179689120806E-006 -1.843325057183006E-006
 -1.768295705442191E-006 -1.706630718188677E-006 -1.654324096996009E-006
 -1.618801335004432E-006 -1.598583212283391E-006 -1.597086740614967E-006
 -1.611251470614980E-006 -1.640626946135385E-006 -1.686989844257395E-006
 -1.749197625809406E-006 -1.829014787013992E-006 -1.919906148441251E-006
 -2.022031242059996E-006 -2.130084713704229E-006 -2.243461536113362E-006
 -2.358210781097714E-006 -2.470086684330436E-006 -2.574153541798914E-006
 -2.673005296893389E-006 -2.756833587277821E-006 -2.827570314243455E-006
 -2.875195687737794E-006 -2.900726513648278E-006 -2.902662162341587E-006
 -2.874476579641400E-006 -2.822156985308616E-006 -2.738874194191997E-006
 -2.630276076647513E-006 -2.496350639606837E-006 -2.331754353771673E-006
 -2.147242460656169E-006 -1.946093745050068E-006 -1.731944434047431E-006
 -1.505615456323690E-006 -1.276727739671518E-006 -1.049645788216434E-006
 -8.317709117873586E-007 -6.291674301387184E-007 -4.469263810965533E-007
 -2.933244936272907E-007 -1.749748818353065E-007 -9.579356942478995E-008
 -5.946378786073955E-008 -7.177426744779553E-008 -1.342394294087182E-007
 -2.479990497788663E-007 -4.149918112046614E-007 -6.354192479157744E-007
 -9.031194031299172E-007 -1.216577382772726E-006 -1.571142879891857E-006
 -1.958681371007102E-006 -2.371052344391731E-006 -2.802446253894627E-006
 -3.240255598447597E-006 -3.672333163463820E-006 -4.095078749700473E-006
 -4.488929587640795E-006 -4.847414051780572E-006 -5.162833633402467E-006
 -5.419037479882177E-006 -5.614873670420299E-006 -5.738634816407467E-006
 -5.789056664873697E-006 -5.766279219818779E-006 -5.673969696105295E-006
