         13.371165
         13.367135
         13.367379
         13.367612
         13.367832
         13.368047
         13.368259
         13.368469
         13.368673
         13.368870
         13.369057
         13.369233
         13.369399
         13.369554
         13.369698
         13.369832
         13.369956
         13.370070
         13.370176
         13.370274
         13.370364
         13.370448
         13.370525
         13.370596
         13.370662
         13.370723
         13.370780
         13.370832
         13.370881
         13.370926
         13.370968
         13.371007
         13.371043
         13.371077
         13.371109
         13.371139
         13.371167
         13.371193
         13.371217
         13.371240
         13.371261
         13.371281
         13.371300
         13.371317
         13.371334
         13.371349
         13.371363
         13.371376
         13.371387
         13.371398
         13.371408
         13.371417
         13.371424
         13.371431
         13.371437
         13.371443
         13.371448
         13.371452
         13.371456
         13.371459
         13.371462
         13.371464
         13.371466
         13.371467
         13.371469
         13.371470
         13.371470
         13.371471
         13.371471
         13.371470
         13.371470
         13.371470
         13.371469
         13.371468
         13.371467
         13.371466
         13.371465
         13.371463
         13.371462
         13.371460
         13.371458
         13.371457
         13.371455
         13.371453
         13.371451
         13.371449
         13.371447
         13.371445
         13.371442
         13.371440
         13.371438
         13.371436
         13.371434
         13.371431
         13.371429
         13.371427
         13.371424
         13.371422
         13.371420
         13.371417
         13.371415
         13.371413
         13.371410
         13.371408
         13.371406
         13.371403
         13.371401
         13.371399
         13.371396
         13.371394
         13.371392
         13.371390
         13.371387
         13.371385
         13.371383
         13.371381
         13.371379
         13.371377
         13.371375
         13.371373
         13.371371
         13.371369
         13.371367
         13.371365
         13.371363
         13.371361
         13.371359
         13.371357
         13.371355
         13.371354
         13.371352
         13.371350
         13.371348
         13.371346
         13.371345
         13.371343
         13.371341
         13.371339
         13.371338
         13.371336
         13.371334
         13.371332
         13.371331
         13.371329
         13.371327
         13.371326
         13.371324
         13.371322
         13.371321
         13.371319
         13.371317
         13.371316
         13.371314
         13.371313
         13.371311
         13.371310
         13.371308
         13.371307
         13.371306
         13.371304
         13.371303
         13.371302
         13.371300
         13.371299
         13.371298
         13.371297
         13.371296
         13.371295
         13.371293
         13.371292
         13.371291
         13.371290
         13.371289
         13.371288
         13.371287
         13.371286
         13.371285
         13.371284
         13.371283
         13.371282
         13.371281
         13.371280
         13.371279
         13.371278
         13.371277
         13.371276
         13.371275
         13.371274
         13.371273
         13.371272
         13.371271
         13.371270
         13.371269
         13.371268
         13.371267
         13.371266
         13.371265
         13.371264
         13.371263
         13.371262
         13.371261
         13.371260
         13.371259
         13.371258
         13.371258
         13.371257
         13.371256
         13.371256
         13.371255
         13.371255
         13.371254
         13.371254
         13.371254
         13.371253
         13.371253
         13.371253
         13.371252
         13.371252
         13.371252
         13.371251
         13.371251
         13.371251
         13.371251
         13.371250
         13.371250
         13.371249
         13.371249
         13.371249
         13.371248
         13.371248
         13.371247
         13.371247
         13.371246
         13.371245
         13.371245
         13.371244
         13.371244
         13.371243
         13.371243
         13.371242
         13.371242
         13.371242
         13.371241
         13.371241
         13.371241
         13.371241
         13.371241
         13.371242
         13.371242
         13.371243
         13.371244
         13.371245
         13.371246
