          0.614508
          0.614751
          0.614779
          0.614806
          0.614832
          0.614856
          0.614878
          0.614896
          0.614915
          0.614933
          0.614950
          0.614966
          0.614980
          0.614994
          0.615007
          0.615019
          0.615029
          0.615040
          0.615049
          0.615058
          0.615066
          0.615073
          0.615081
          0.615087
          0.615093
          0.615099
          0.615104
          0.615109
          0.615114
          0.615119
          0.615123
          0.615127
          0.615130
          0.615134
          0.615137
          0.615140
          0.615143
          0.615146
          0.615149
          0.615151
          0.615154
          0.615156
          0.615158
          0.615160
          0.615162
          0.615164
          0.615166
          0.615168
          0.615169
          0.615171
          0.615174
          0.615175
          0.615176
          0.615177
          0.615177
          0.615178
          0.615179
          0.615180
          0.615181
          0.615181
          0.615182
          0.615183
          0.615184
          0.615184
          0.615185
          0.615186
          0.615186
          0.615187
          0.615187
          0.615188
          0.615188
          0.615189
          0.615189
          0.615190
          0.615190
          0.615190
          0.615191
          0.615191
          0.615192
          0.615192
          0.615192
          0.615192
          0.615193
          0.615193
          0.615193
          0.615193
          0.615194
          0.615194
          0.615194
          0.615194
          0.615194
          0.615194
          0.615195
          0.615195
          0.615195
          0.615195
          0.615195
          0.615195
          0.615195
          0.615195
          0.615195
          0.615195
          0.615195
          0.615195
          0.615195
          0.615195
          0.615196
          0.615196
          0.615196
          0.615196
          0.615196
          0.615196
          0.615196
          0.615196
          0.615196
          0.615196
          0.615196
          0.615196
          0.615196
          0.615196
          0.615196
          0.615196
          0.615195
          0.615195
          0.615195
          0.615195
          0.615195
          0.615195
          0.615195
          0.615195
          0.615195
          0.615195
          0.615195
          0.615195
          0.615195
          0.615195
          0.615195
          0.615195
          0.615195
          0.615195
          0.615195
          0.615195
          0.615195
          0.615195
          0.615195
          0.615195
          0.615195
          0.615195
          0.615194
          0.615194
          0.615194
          0.615194
          0.615194
          0.615194
          0.615194
          0.615194
          0.615194
          0.615194
          0.615194
          0.615194
          0.615194
          0.615194
          0.615194
          0.615194
          0.615194
          0.615194
          0.615194
          0.615194
          0.615194
          0.615194
          0.615194
          0.615194
          0.615194
          0.615194
          0.615194
          0.615193
          0.615193
          0.615193
          0.615193
          0.615193
          0.615193
          0.615193
          0.615193
          0.615193
          0.615193
          0.615193
          0.615193
          0.615193
          0.615193
          0.615193
          0.615193
          0.615193
          0.615193
          0.615193
          0.615193
          0.615193
          0.615193
          0.615193
          0.615193
          0.615193
          0.615193
          0.615193
          0.615193
          0.615192
          0.615192
          0.615192
          0.615192
          0.615192
          0.615192
          0.615192
          0.615192
          0.615192
          0.615192
          0.615192
          0.615192
          0.615192
          0.615192
          0.615192
          0.615192
          0.615192
          0.615192
          0.615192
          0.615192
          0.615192
          0.615192
          0.615192
          0.615192
          0.615192
          0.615192
          0.615192
          0.615192
          0.615192
          0.615192
          0.615192
          0.615192
          0.615192
          0.615192
          0.615192
          0.615192
          0.615191
          0.615191
          0.615191
          0.615191
          0.615191
          0.615191
          0.615191
          0.615191
          0.615191
          0.615191
          0.615191
          0.615191
          0.615191
