          1.328061
          1.328957
          1.328993
          1.328948
          1.328877
          1.328800
          1.328725
          1.328656
          1.328594
          1.328539
          1.328491
          1.328448
          1.328409
          1.328375
          1.328345
          1.328318
          1.328294
          1.328272
          1.328253
          1.328235
          1.328220
          1.328205
          1.328193
          1.328181
          1.328170
          1.328161
          1.328152
          1.328145
          1.328137
          1.328131
          1.328125
          1.328120
          1.328115
          1.328111
          1.328107
          1.328103
          1.328100
          1.328097
          1.328094
          1.328091
          1.328089
          1.328087
          1.328085
          1.328083
          1.328082
          1.328080
          1.328079
          1.328078
          1.328077
          1.328076
          1.328075
          1.328074
          1.328073
          1.328073
          1.328072
          1.328071
          1.328071
          1.328070
          1.328070
          1.328069
          1.328069
          1.328069
          1.328068
          1.328068
          1.328067
          1.328067
          1.328067
          1.328067
          1.328066
          1.328066
          1.328066
          1.328066
          1.328065
          1.328065
          1.328065
          1.328065
          1.328065
          1.328064
          1.328064
          1.328064
          1.328064
          1.328064
          1.328064
          1.328063
          1.328063
          1.328063
          1.328063
          1.328063
          1.328063
          1.328063
          1.328063
          1.328063
          1.328063
          1.328062
          1.328062
          1.328062
          1.328062
          1.328062
          1.328062
          1.328062
          1.328062
          1.328062
          1.328062
          1.328062
          1.328062
          1.328062
          1.328062
          1.328062
          1.328062
          1.328062
          1.328062
          1.328062
          1.328062
          1.328061
          1.328061
          1.328061
          1.328061
          1.328061
          1.328061
          1.328061
          1.328061
          1.328061
          1.328061
          1.328061
          1.328061
          1.328061
          1.328061
          1.328061
          1.328061
          1.328061
          1.328061
          1.328061
          1.328061
          1.328061
          1.328061
          1.328061
          1.328061
          1.328061
          1.328061
          1.328061
          1.328061
          1.328061
          1.328061
          1.328061
          1.328061
          1.328061
          1.328061
          1.328061
          1.328061
          1.328061
          1.328061
          1.328061
          1.328061
          1.328061
          1.328061
          1.328061
          1.328061
          1.328061
          1.328061
          1.328061
          1.328061
          1.328061
          1.328061
          1.328061
          1.328061
          1.328061
          1.328061
          1.328061
          1.328061
          1.328061
          1.328061
          1.328061
          1.328061
          1.328061
          1.328061
          1.328061
          1.328061
          1.328061
          1.328061
          1.328061
          1.328061
          1.328061
          1.328061
          1.328061
          1.328061
          1.328061
          1.328061
          1.328061
          1.328061
          1.328061
          1.328061
          1.328061
          1.328061
          1.328061
          1.328061
          1.328061
          1.328061
          1.328061
          1.328061
          1.328061
          1.328061
          1.328061
          1.328061
          1.328061
          1.328061
          1.328061
          1.328061
          1.328061
          1.328061
          1.328061
          1.328061
          1.328061
          1.328061
          1.328061
          1.328061
          1.328061
          1.328061
          1.328061
          1.328061
          1.328061
          1.328061
          1.328061
          1.328061
          1.328061
          1.328061
          1.328061
          1.328061
          1.328061
          1.328061
          1.328061
          1.328061
          1.328061
          1.328061
          1.328061
          1.328061
          1.328061
          1.328061
          1.328061
          1.328061
          1.328061
          1.328061
          1.328061
          1.328061
          1.328061
          1.328061
          1.328061
          1.328061
          1.328061
          1.328061
          1.328061
          1.328061
          1.328061
          1.328061
