          0.282710
          0.282735
          0.282762
          0.282789
          0.282815
          0.282839
          0.282862
          0.282882
          0.282901
          0.282919
          0.282934
          0.282948
          0.282961
          0.282972
          0.282982
          0.282991
          0.282998
          0.283005
          0.283011
          0.283016
          0.283020
          0.283024
          0.283027
          0.283030
          0.283033
          0.283035
          0.283036
          0.283038
          0.283039
          0.283040
          0.283040
          0.283041
          0.283041
          0.283042
          0.283042
          0.283042
          0.283042
          0.283042
          0.283041
          0.283041
          0.283041
          0.283041
          0.283040
          0.283040
          0.283039
          0.283039
          0.283039
          0.283038
          0.283038
          0.283037
          0.283036
          0.283036
          0.283035
          0.283035
          0.283034
          0.283033
          0.283033
          0.283032
          0.283032
          0.283031
          0.283031
          0.283030
          0.283030
          0.283029
          0.283029
          0.283028
          0.283028
          0.283027
          0.283027
          0.283026
          0.283026
          0.283026
          0.283025
          0.283025
          0.283024
          0.283024
          0.283024
          0.283023
          0.283023
          0.283023
          0.283023
          0.283022
          0.283022
          0.283022
          0.283022
          0.283021
          0.283021
          0.283021
          0.283021
          0.283020
          0.283020
          0.283020
          0.283020
          0.283020
          0.283019
          0.283019
          0.283019
          0.283019
          0.283019
          0.283019
          0.283019
          0.283018
          0.283018
          0.283018
          0.283018
          0.283018
          0.283018
          0.283018
          0.283018
          0.283018
          0.283017
          0.283017
          0.283017
          0.283017
          0.283017
          0.283017
          0.283017
          0.283017
          0.283017
          0.283017
          0.283017
          0.283017
          0.283017
          0.283017
          0.283017
          0.283016
          0.283016
          0.283016
          0.283016
          0.283016
          0.283016
          0.283016
          0.283016
          0.283016
          0.283016
          0.283016
          0.283016
          0.283016
          0.283016
          0.283016
          0.283016
          0.283016
          0.283016
          0.283016
          0.283016
          0.283016
          0.283016
          0.283016
          0.283016
          0.283015
          0.283015
          0.283015
          0.283015
          0.283015
          0.283015
          0.283015
          0.283015
          0.283015
          0.283015
          0.283015
          0.283015
          0.283015
          0.283015
          0.283015
          0.283015
          0.283015
          0.283015
          0.283015
          0.283015
          0.283015
          0.283015
          0.283015
          0.283015
          0.283015
          0.283015
          0.283015
          0.283015
          0.283015
          0.283015
          0.283015
          0.283015
          0.283015
          0.283015
          0.283015
          0.283015
          0.283015
          0.283015
          0.283015
          0.283015
          0.283015
          0.283015
          0.283015
          0.283015
          0.283015
          0.283015
          0.283015
          0.283015
          0.283015
          0.283015
          0.283015
          0.283015
          0.283015
          0.283015
          0.283015
          0.283015
          0.283015
          0.283015
          0.283015
          0.283015
          0.283015
          0.283015
          0.283015
          0.283015
          0.283015
          0.283015
          0.283015
          0.283015
          0.283015
          0.283015
          0.283015
          0.283015
          0.283015
          0.283015
          0.283015
          0.283015
          0.283015
          0.283015
          0.283015
          0.283015
          0.283015
          0.283015
          0.283015
          0.283015
          0.283015
          0.283014
          0.283014
          0.283014
          0.283014
          0.283014
          0.283014
          0.283014
          0.283014
          0.283014
          0.283014
          0.283014
          0.283015
          0.283015
          0.283015
          0.283015
          0.283015
          0.283015
          0.283015
