          0.003837
          0.003798
          0.003761
          0.003723
          0.003686
          0.003646
          0.003599
          0.003588
          0.003556
          0.003526
          0.003485
          0.003455
          0.003420
          0.003388
          0.003351
          0.003323
          0.003287
          0.003259
          0.003223
          0.003187
          0.003155
          0.003124
          0.003092
          0.003061
          0.003030
          0.003000
          0.002970
          0.002941
          0.002911
          0.002882
          0.002853
          0.002825
          0.002796
          0.002768
          0.002739
          0.002713
          0.002685
          0.002658
          0.002631
          0.002605
          0.002578
          0.002554
          0.002527
          0.002503
          0.002477
          0.002453
          0.002428
          0.002404
          0.002379
          0.002356
          0.002331
          0.002309
          0.002285
          0.002263
          0.002240
          0.002218
          0.002196
          0.002174
          0.002152
          0.002130
          0.002110
          0.002088
          0.002067
          0.002047
          0.002026
          0.002006
          0.001987
          0.001969
          0.001947
          0.001927
          0.001908
          0.001888
          0.001872
          0.001852
          0.001833
          0.001815
          0.001796
          0.001778
          0.001760
          0.001743
          0.001725
          0.001708
          0.001691
          0.001674
          0.001658
          0.001642
          0.001625
          0.001608
          0.001592
          0.001576
          0.001560
          0.001545
          0.001529
          0.001514
          0.001499
          0.001483
          0.001469
          0.001454
          0.001440
          0.001425
          0.001411
          0.001397
          0.001383
          0.001369
          0.001356
          0.001342
          0.001329
          0.001315
          0.001302
          0.001288
          0.001276
          0.001263
          0.001251
          0.001238
          0.001226
          0.001214
          0.001202
          0.001190
          0.001178
          0.001165
          0.001154
          0.001142
          0.001131
          0.001119
          0.001108
          0.001097
          0.001086
          0.001075
          0.001064
          0.001054
          0.001043
          0.001033
          0.001022
          0.001012
          0.001002
          0.000992
          0.000982
          0.000972
          0.000962
          0.000953
          0.000943
          0.000934
          0.000925
          0.000915
          0.000906
          0.000897
          0.000888
          0.000879
          0.000870
          0.000862
          0.000853
          0.000845
          0.000836
          0.000828
          0.000819
          0.000811
          0.000802
          0.000795
          0.000787
          0.000779
          0.000771
          0.000764
          0.000756
          0.000748
          0.000741
          0.000733
          0.000726
          0.000719
          0.000712
          0.000704
          0.000698
          0.000691
          0.000685
          0.000677
          0.000670
          0.000663
          0.000657
          0.000650
          0.000643
          0.000638
          0.000631
          0.000625
          0.000618
          0.000612
          0.000606
          0.000600
          0.000594
          0.000588
          0.000582
          0.000576
          0.000571
          0.000565
          0.000559
          0.000554
          0.000548
          0.000543
          0.000536
          0.000530
          0.000523
          0.000517
          0.000512
          0.000506
          0.000501
          0.000496
          0.000491
          0.000486
          0.000481
          0.000476
          0.000472
          0.000467
          0.000462
          0.000458
          0.000453
          0.000449
          0.000444
          0.000440
          0.000435
          0.000431
          0.000427
          0.000422
          0.000418
          0.000414
          0.000410
          0.000406
          0.000402
          0.000397
          0.000394
          0.000390
          0.000386
          0.000382
          0.000379
          0.000375
          0.000371
          0.000367
          0.000363
          0.000359
          0.000356
          0.000352
          0.000349
          0.000345
          0.000342
          0.000338
          0.000335
          0.000332
          0.000328
          0.000325
          0.000322
          0.000319
          0.000315
          0.000312
          0.000309
          0.000306
          0.000305
          0.000301
          0.000297
          0.000294
          0.000291
          0.000288
          0.000285
          0.000282
          0.000280
          0.000277
          0.000274
          0.000271
          0.000268
          0.000266
          0.000263
          0.000260
          0.000258
          0.000255
          0.000253
          0.000250
          0.000248
          0.000245
          0.000243
          0.000240
          0.000238
          0.000236
          0.000233
          0.000231
          0.000229
          0.000226
          0.000224
          0.000222
          0.000220
          0.000217
          0.000215
          0.000213
          0.000211
          0.000209
          0.000207
          0.000205
          0.000203
          0.000201
          0.000200
          0.000198
          0.000197
          0.000196
          0.000194
          0.000193
          0.000191
          0.000190
          0.000188
          0.000186
          0.000184
          0.000182
          0.000180
          0.000178
          0.000176
          0.000175
          0.000173
          0.000171
          0.000169
          0.000168
          0.000166
          0.000164
          0.000163
          0.000161
          0.000160
          0.000158
          0.000156
          0.000155
          0.000153
          0.000152
          0.000150
          0.000149
          0.000148
          0.000147
          0.000145
          0.000143
          0.000142
          0.000140
          0.000139
          0.000137
          0.000136
          0.000135
          0.000133
          0.000132
          0.000130
          0.000129
          0.000128
          0.000127
          0.000125
          0.000124
          0.000123
          0.000122
          0.000120
          0.000119
          0.000118
          0.000117
          0.000116
          0.000114
          0.000113
          0.000112
          0.000111
          0.000110
          0.000109
          0.000108
          0.000107
          0.000106
          0.000105
          0.000104
          0.000103
          0.000101
          0.000101
          0.000099
          0.000098
          0.000098
          0.000097
          0.000096
          0.000095
          0.000094
          0.000093
          0.000092
          0.000091
          0.000090
          0.000089
          0.000088
          0.000087
          0.000086
          0.000086
          0.000085
          0.000084
          0.000083
          0.000082
          0.000081
          0.000081
          0.000080
          0.000079
          0.000078
          0.000077
          0.000077
          0.000076
          0.000075
          0.000074
          0.000074
          0.000073
          0.000072
          0.000071
          0.000071
          0.000070
          0.000069
          0.000069
          0.000068
          0.000067
          0.000067
          0.000066
          0.000065
          0.000065
          0.000064
          0.000063
          0.000063
          0.000062
          0.000061
          0.000061
          0.000060
          0.000060
          0.000059
          0.000058
          0.000058
          0.000057
          0.000057
          0.000056
          0.000056
          0.000055
          0.000054
          0.000054
          0.000053
          0.000053
          0.000052
          0.000052
          0.000051
          0.000051
          0.000050
          0.000050
          0.000049
          0.000049
          0.000048
          0.000048
          0.000047
          0.000047
          0.000046
          0.000046
          0.000045
          0.000045
          0.000045
          0.000044
          0.000044
          0.000043
          0.000043
          0.000042
          0.000042
          0.000042
          0.000041
          0.000041
          0.000040
          0.000040
          0.000039
          0.000039
          0.000039
          0.000038
          0.000038
          0.000038
          0.000037
          0.000037
          0.000036
          0.000036
          0.000036
          0.000035
          0.000035
          0.000035
          0.000034
          0.000034
          0.000034
          0.000033
          0.000033
          0.000033
          0.000032
          0.000032
          0.000032
          0.000031
          0.000031
          0.000031
          0.000030
          0.000030
          0.000030
          0.000029
          0.000029
          0.000029
          0.000028
          0.000028
          0.000028
          0.000027
          0.000027
          0.000027
          0.000027
          0.000026
          0.000026
          0.000026
          0.000026
          0.000025
          0.000025
          0.000025
          0.000025
          0.000024
          0.000024
          0.000024
          0.000024
          0.000023
          0.000023
          0.000023
          0.000023
          0.000022
          0.000022
          0.000022
          0.000022
          0.000022
          0.000021
          0.000021
          0.000021
          0.000021
          0.000020
          0.000020
          0.000020
          0.000020
          0.000020
          0.000019
          0.000019
          0.000019
          0.000019
          0.000019
          0.000018
          0.000018
          0.000018
          0.000018
          0.000018
          0.000018
          0.000017
          0.000017
          0.000017
          0.000017
          0.000017
          0.000017
          0.000016
          0.000016
          0.000016
          0.000016
          0.000016
          0.000016
          0.000015
          0.000015
          0.000015
          0.000015
          0.000015
          0.000015
          0.000015
          0.000014
          0.000014
          0.000014
          0.000014
          0.000014
          0.000014
          0.000014
          0.000013
          0.000013
          0.000013
          0.000013
          0.000013
          0.000013
          0.000013
          0.000013
          0.000012
          0.000012
          0.000012
          0.000012
          0.000012
          0.000012
          0.000012
          0.000012
          0.000011
          0.000011
          0.000011
          0.000011
          0.000011
          0.000011
          0.000011
          0.000011
          0.000011
          0.000010
          0.000010
          0.000010
          0.000010
          0.000010
          0.000010
          0.000010
          0.000010
          0.000010
          0.000010
          0.000009
          0.000009
          0.000009
          0.000009
          0.000009
          0.000009
          0.000009
          0.000009
          0.000009
          0.000009
          0.000009
          0.000008
          0.000008
          0.000008
          0.000008
          0.000008
          0.000008
          0.000008
          0.000008
          0.000008
          0.000008
          0.000008
          0.000008
          0.000007
          0.000007
          0.000007
          0.000007
          0.000007
          0.000007
          0.000007
          0.000007
          0.000007
          0.000007
          0.000007
          0.000007
          0.000007
          0.000007
          0.000007
          0.000006
          0.000006
          0.000006
          0.000006
          0.000006
          0.000006
          0.000006
          0.000006
          0.000006
          0.000006
          0.000006
          0.000006
          0.000006
          0.000006
          0.000006
          0.000006
          0.000005
          0.000005
          0.000005
          0.000005
          0.000005
          0.000005
          0.000005
          0.000005
          0.000005
          0.000005
          0.000005
          0.000005
          0.000005
          0.000005
          0.000005
          0.000005
          0.000005
          0.000005
          0.000005
          0.000005
          0.000004
          0.000004
          0.000004
          0.000004
          0.000004
          0.000004
          0.000004
          0.000004
          0.000004
          0.000004
          0.000004
          0.000004
          0.000004
          0.000004
          0.000004
          0.000004
          0.000004
          0.000004
          0.000004
          0.000004
          0.000004
          0.000004
          0.000004
          0.000004
          0.000004
          0.000003
          0.000003
          0.000003
          0.000003
          0.000003
          0.000003
          0.000003
          0.000003
          0.000003
          0.000003
          0.000003
          0.000003
          0.000003
          0.000003
          0.000003
          0.000003
          0.000003
          0.000003
          0.000003
          0.000003
          0.000003
          0.000003
          0.000003
          0.000003
          0.000003
          0.000003
          0.000003
          0.000003
          0.000003
          0.000003
          0.000003
          0.000003
          0.000003
          0.000003
          0.000002
          0.000002
          0.000002
          0.000002
          0.000002
          0.000002
          0.000002
          0.000002
          0.000002
          0.000002
          0.000002
          0.000002
          0.000002
          0.000002
          0.000002
          0.000002
          0.000002
          0.000002
          0.000002
          0.000002
          0.000002
          0.000002
          0.000002
          0.000002
          0.000002
          0.000002
          0.000002
          0.000002
          0.000002
          0.000002
          0.000002
          0.000002
          0.000002
          0.000002
          0.000002
          0.000002
          0.000002
          0.000002
          0.000002
          0.000002
          0.000002
          0.000002
          0.000002
          0.000002
          0.000002
          0.000002
          0.000002
          0.000002
          0.000002
          0.000002
          0.000001
          0.000001
          0.000001
          0.000001
          0.000001
          0.000001
          0.000001
          0.000001
          0.000001
          0.000001
          0.000001
          0.000001
          0.000001
          0.000001
          0.000001
          0.000001
          0.000001
          0.000001
          0.000001
          0.000001
          0.000001
          0.000001
          0.000001
          0.000001
          0.000001
          0.000001
          0.000001
          0.000001
          0.000001
          0.000001
          0.000001
          0.000001
          0.000001
          0.000001
          0.000001
          0.000001
          0.000001
          0.000001
          0.000001
          0.000001
