         12.043104
         12.042801
         12.042530
         12.042293
         12.042087
         12.041913
         12.041767
         12.041647
         12.041551
         12.041476
         12.041420
         12.041381
         12.041357
         12.041346
         12.041346
         12.041357
         12.041375
         12.041401
         12.041433
         12.041470
         12.041512
         12.041557
         12.041604
         12.041654
         12.041706
         12.041758
         12.041812
         12.041865
         12.041919
         12.041973
         12.042026
         12.042079
         12.042131
         12.042183
         12.042233
         12.042282
         12.042330
         12.042377
         12.042423
         12.042468
         12.042511
         12.042553
         12.042593
         12.042633
         12.042671
         12.042707
         12.042743
         12.042777
         12.042810
         12.042841
         12.042871
         12.042900
         12.042928
         12.042954
         12.042980
         12.043004
         12.043027
         12.043048
         12.043069
         12.043089
         12.043107
         12.043125
         12.043142
         12.043158
         12.043173
         12.043187
         12.043200
         12.043213
         12.043224
         12.043235
         12.043246
         12.043255
         12.043265
         12.043273
         12.043281
         12.043288
         12.043295
         12.043302
         12.043307
         12.043313
         12.043318
         12.043322
         12.043327
         12.043331
         12.043334
         12.043337
         12.043340
         12.043343
         12.043345
         12.043347
         12.043349
         12.043350
         12.043351
         12.043353
         12.043353
         12.043354
         12.043355
         12.043355
         12.043355
         12.043355
         12.043355
         12.043355
         12.043354
         12.043354
         12.043353
         12.043352
         12.043352
         12.043351
         12.043350
         12.043349
         12.043348
         12.043346
         12.043345
         12.043344
         12.043342
         12.043341
         12.043340
         12.043338
         12.043337
         12.043335
         12.043333
         12.043332
         12.043330
         12.043329
         12.043327
         12.043325
         12.043324
         12.043322
         12.043320
         12.043319
         12.043317
         12.043315
         12.043313
         12.043312
         12.043310
         12.043308
         12.043306
         12.043305
         12.043303
         12.043301
         12.043300
         12.043298
         12.043296
         12.043294
         12.043293
         12.043291
         12.043289
         12.043288
         12.043286
         12.043284
         12.043282
         12.043281
         12.043279
         12.043277
         12.043276
         12.043274
         12.043272
         12.043271
         12.043269
         12.043268
         12.043266
         12.043265
         12.043263
         12.043261
         12.043260
         12.043259
         12.043257
         12.043256
         12.043254
         12.043253
         12.043251
         12.043250
         12.043249
         12.043247
         12.043246
         12.043245
         12.043244
         12.043242
         12.043241
         12.043240
         12.043239
         12.043238
         12.043236
         12.043235
         12.043234
         12.043233
         12.043232
         12.043231
         12.043230
         12.043228
         12.043227
         12.043226
         12.043225
         12.043224
         12.043223
         12.043222
         12.043221
         12.043220
         12.043218
         12.043217
         12.043216
         12.043215
         12.043214
         12.043213
         12.043212
         12.043211
         12.043210
         12.043209
         12.043208
         12.043208
         12.043207
         12.043206
         12.043205
         12.043204
         12.043204
         12.043203
         12.043202
         12.043202
         12.043201
         12.043200
         12.043200
         12.043199
         12.043199
         12.043198
         12.043197
         12.043197
         12.043196
         12.043196
         12.043195
         12.043195
         12.043194
         12.043194
         12.043193
         12.043193
         12.043192
         12.043192
         12.043191
         12.043191
         12.043190
         12.043190
         12.043189
         12.043189
         12.043188
         12.043188
         12.043187
         12.043187
         12.043186
         12.043186
         12.043186
         12.043186
         12.043185
         12.043185
         12.043185
