          0.426700
          0.426771
          0.426744
          0.426722
          0.426703
          0.426687
          0.426673
          0.426660
          0.426649
          0.426640
          0.426632
          0.426624
          0.426618
          0.426612
          0.426606
          0.426601
          0.426596
          0.426592
          0.426588
          0.426585
          0.426581
          0.426578
          0.426575
          0.426572
          0.426570
          0.426568
          0.426565
          0.426563
          0.426561
          0.426560
          0.426558
          0.426557
          0.426555
          0.426554
          0.426553
          0.426551
          0.426550
          0.426549
          0.426548
          0.426548
          0.426547
          0.426546
          0.426545
          0.426545
          0.426544
          0.426543
          0.426543
          0.426542
          0.426542
          0.426541
          0.426541
          0.426541
          0.426540
          0.426539
          0.426539
          0.426538
          0.426538
          0.426537
          0.426537
          0.426537
          0.426536
          0.426536
          0.426536
          0.426535
          0.426535
          0.426535
          0.426535
          0.426534
          0.426534
          0.426534
          0.426534
          0.426533
          0.426533
          0.426533
          0.426533
          0.426533
          0.426533
          0.426533
          0.426533
          0.426532
          0.426532
          0.426532
          0.426532
          0.426532
          0.426532
          0.426532
          0.426532
          0.426532
          0.426532
          0.426532
          0.426532
          0.426531
          0.426531
          0.426531
          0.426531
          0.426531
          0.426531
          0.426531
          0.426531
          0.426531
          0.426531
          0.426531
          0.426531
          0.426531
          0.426531
          0.426531
          0.426531
          0.426531
          0.426531
          0.426531
          0.426531
          0.426531
          0.426531
          0.426531
          0.426531
          0.426531
          0.426531
          0.426531
          0.426531
          0.426531
          0.426531
          0.426531
          0.426531
          0.426531
          0.426531
          0.426531
          0.426531
          0.426531
          0.426531
          0.426531
          0.426531
          0.426531
          0.426531
          0.426531
          0.426531
          0.426531
          0.426531
          0.426531
          0.426531
          0.426531
          0.426531
          0.426531
          0.426530
          0.426530
          0.426530
          0.426530
          0.426530
          0.426530
          0.426530
          0.426530
          0.426530
          0.426530
          0.426530
          0.426530
          0.426530
          0.426530
          0.426530
          0.426530
          0.426530
          0.426530
          0.426530
          0.426530
          0.426530
          0.426530
          0.426530
          0.426530
          0.426530
          0.426530
          0.426530
          0.426530
          0.426530
          0.426530
          0.426530
          0.426530
          0.426530
          0.426530
          0.426530
          0.426530
          0.426530
          0.426530
          0.426530
          0.426530
          0.426530
          0.426530
          0.426530
          0.426530
          0.426530
          0.426530
          0.426530
          0.426530
          0.426530
          0.426530
          0.426530
          0.426530
          0.426530
          0.426530
          0.426530
          0.426530
          0.426530
          0.426530
          0.426530
          0.426530
          0.426530
          0.426530
          0.426530
          0.426530
          0.426530
          0.426530
          0.426530
          0.426530
          0.426530
          0.426530
          0.426530
          0.426530
          0.426530
          0.426530
          0.426530
          0.426530
          0.426530
          0.426530
          0.426530
          0.426530
          0.426530
          0.426530
          0.426530
          0.426530
          0.426530
          0.426530
          0.426530
          0.426530
          0.426530
          0.426530
          0.426530
          0.426530
          0.426530
          0.426530
          0.426530
          0.426530
          0.426530
          0.426530
          0.426530
          0.426530
          0.426530
          0.426530
          0.426530
          0.426530
          0.426530
          0.426530
          0.426530
          0.426530
          0.426530
          0.426530
