          0.252098
          0.253115
          0.253079
          0.252992
          0.252896
          0.252799
          0.252707
          0.252622
          0.252545
          0.252475
          0.252411
          0.252354
          0.252303
          0.252257
          0.252215
          0.252178
          0.252144
          0.252114
          0.252087
          0.252063
          0.252041
          0.252021
          0.252004
          0.251988
          0.251973
          0.251961
          0.251949
          0.251939
          0.251929
          0.251921
          0.251914
          0.251907
          0.251901
          0.251895
          0.251891
          0.251886
          0.251882
          0.251879
          0.251876
          0.251873
          0.251870
          0.251868
          0.251866
          0.251864
          0.251862
          0.251861
          0.251859
          0.251858
          0.251857
          0.251856
          0.251855
          0.251855
          0.251854
          0.251853
          0.251853
          0.251852
          0.251852
          0.251851
          0.251851
          0.251851
          0.251851
          0.251850
          0.251850
          0.251850
          0.251850
          0.251850
          0.251850
          0.251849
          0.251849
          0.251849
          0.251849
          0.251849
          0.251849
          0.251849
          0.251849
          0.251849
          0.251849
          0.251849
          0.251849
          0.251849
          0.251849
          0.251849
          0.251849
          0.251849
          0.251849
          0.251849
          0.251849
          0.251849
          0.251849
          0.251849
          0.251849
          0.251849
          0.251849
          0.251849
          0.251849
          0.251849
          0.251849
          0.251849
          0.251849
          0.251849
          0.251849
          0.251849
          0.251849
          0.251849
          0.251849
          0.251849
          0.251849
          0.251849
          0.251849
          0.251849
          0.251850
          0.251850
          0.251850
          0.251850
          0.251850
          0.251850
          0.251850
          0.251850
          0.251850
          0.251850
          0.251850
          0.251850
          0.251850
          0.251850
          0.251850
          0.251850
          0.251850
          0.251850
          0.251850
          0.251850
          0.251850
          0.251850
          0.251850
          0.251850
          0.251850
          0.251850
          0.251850
          0.251850
          0.251850
          0.251850
          0.251850
          0.251850
          0.251850
          0.251850
          0.251850
          0.251850
          0.251850
          0.251850
          0.251850
          0.251850
          0.251850
          0.251850
          0.251850
          0.251850
          0.251850
          0.251850
          0.251850
          0.251850
          0.251850
          0.251850
          0.251850
          0.251850
          0.251850
          0.251850
          0.251850
          0.251850
          0.251850
          0.251850
          0.251850
          0.251850
          0.251850
          0.251850
          0.251850
          0.251850
          0.251850
          0.251850
          0.251850
          0.251850
          0.251850
          0.251850
          0.251850
          0.251850
          0.251850
          0.251850
          0.251850
          0.251850
          0.251850
          0.251850
          0.251850
          0.251850
          0.251850
          0.251850
          0.251850
          0.251850
          0.251850
          0.251850
          0.251850
          0.251850
          0.251850
          0.251850
          0.251850
          0.251850
          0.251850
          0.251850
          0.251850
          0.251850
          0.251850
          0.251850
          0.251850
          0.251850
          0.251850
          0.251850
          0.251850
          0.251850
          0.251850
          0.251850
          0.251850
          0.251850
          0.251850
          0.251850
          0.251850
          0.251850
          0.251850
          0.251850
          0.251850
          0.251850
          0.251850
          0.251850
          0.251850
          0.251850
          0.251850
          0.251850
          0.251850
          0.251850
          0.251850
          0.251850
          0.251850
          0.251850
          0.251850
          0.251850
          0.251850
          0.251850
          0.251850
          0.251850
          0.251850
          0.251850
          0.251850
          0.251850
          0.251850
          0.251850
          0.251850
          0.251850
