          0.039774
          0.040756
          0.040764
          0.040748
          0.040729
          0.040707
          0.040684
          0.040661
          0.040639
          0.040617
          0.040597
          0.040578
          0.040560
          0.040545
          0.040530
          0.040517
          0.040505
          0.040494
          0.040485
          0.040476
          0.040469
          0.040462
          0.040456
          0.040450
          0.040446
          0.040441
          0.040438
          0.040434
          0.040432
          0.040429
          0.040427
          0.040425
          0.040423
          0.040422
          0.040421
          0.040420
          0.040419
          0.040418
          0.040417
          0.040417
          0.040416
          0.040416
          0.040416
          0.040415
          0.040415
          0.040415
          0.040415
          0.040415
          0.040414
          0.040414
          0.040414
          0.040414
          0.040414
          0.040414
          0.040414
          0.040414
          0.040415
          0.040415
          0.040415
          0.040415
          0.040415
          0.040415
          0.040415
          0.040416
          0.040416
          0.040416
          0.040416
          0.040416
          0.040416
          0.040417
          0.040417
          0.040417
          0.040417
          0.040417
          0.040418
          0.040418
          0.040418
          0.040418
          0.040418
          0.040418
          0.040418
          0.040419
          0.040419
          0.040419
          0.040419
          0.040419
          0.040419
          0.040419
          0.040419
          0.040420
          0.040420
          0.040420
          0.040420
          0.040420
          0.040420
          0.040420
          0.040420
          0.040420
          0.040420
          0.040420
          0.040420
          0.040421
          0.040421
          0.040421
          0.040421
          0.040421
          0.040421
          0.040421
          0.040421
          0.040421
          0.040421
          0.040421
          0.040421
          0.040421
          0.040421
          0.040421
          0.040421
          0.040421
          0.040421
          0.040421
          0.040421
          0.040421
          0.040422
          0.040422
          0.040422
          0.040422
          0.040422
          0.040422
          0.040422
          0.040422
          0.040422
          0.040422
          0.040422
          0.040422
          0.040422
          0.040422
          0.040422
          0.040422
          0.040422
          0.040422
          0.040422
          0.040422
          0.040422
          0.040422
          0.040422
          0.040422
          0.040422
          0.040422
          0.040422
          0.040422
          0.040422
          0.040422
          0.040422
          0.040422
          0.040422
          0.040422
          0.040422
          0.040422
          0.040422
          0.040422
          0.040422
          0.040422
          0.040422
          0.040422
          0.040422
          0.040422
          0.040422
          0.040422
          0.040422
          0.040422
          0.040422
          0.040422
          0.040422
          0.040422
          0.040422
          0.040422
          0.040422
          0.040422
          0.040422
          0.040422
          0.040422
          0.040422
          0.040422
          0.040422
          0.040422
          0.040422
          0.040422
          0.040422
          0.040422
          0.040422
          0.040422
          0.040422
          0.040422
          0.040422
          0.040422
          0.040422
          0.040422
          0.040422
          0.040422
          0.040422
          0.040422
          0.040422
          0.040422
          0.040422
          0.040422
          0.040422
          0.040422
          0.040422
          0.040422
          0.040422
          0.040422
          0.040422
          0.040422
          0.040422
          0.040422
          0.040422
          0.040422
          0.040422
          0.040422
          0.040422
          0.040422
          0.040422
          0.040422
          0.040422
          0.040422
          0.040422
          0.040422
          0.040422
          0.040422
          0.040422
          0.040422
          0.040422
          0.040422
          0.040422
          0.040422
          0.040422
          0.040422
          0.040422
          0.040422
          0.040422
          0.040422
          0.040422
          0.040422
          0.040422
          0.040422
          0.040422
          0.040422
          0.040422
          0.040422
          0.040422
          0.040422
          0.040423
