          1.761525
          1.761630
          1.761696
          1.761730
          1.761741
          1.761735
          1.761718
          1.761693
          1.761665
          1.761635
          1.761606
          1.761577
          1.761550
          1.761525
          1.761503
          1.761482
          1.761464
          1.761448
          1.761434
          1.761422
          1.761412
          1.761403
          1.761396
          1.761390
          1.761384
          1.761380
          1.761377
          1.761375
          1.761373
          1.761372
          1.761371
          1.761371
          1.761371
          1.761372
          1.761373
          1.761374
          1.761375
          1.761377
          1.761379
          1.761380
          1.761382
          1.761384
          1.761386
          1.761388
          1.761390
          1.761392
          1.761394
          1.761396
          1.761398
          1.761399
          1.761400
          1.761402
          1.761403
          1.761405
          1.761406
          1.761408
          1.761410
          1.761411
          1.761413
          1.761414
          1.761415
          1.761417
          1.761418
          1.761419
          1.761420
          1.761421
          1.761422
          1.761423
          1.761424
          1.761425
          1.761426
          1.761427
          1.761428
          1.761429
          1.761429
          1.761430
          1.761431
          1.761431
          1.761432
          1.761433
          1.761433
          1.761434
          1.761434
          1.761434
          1.761435
          1.761435
          1.761436
          1.761436
          1.761436
          1.761437
          1.761437
          1.761437
          1.761437
          1.761438
          1.761438
          1.761438
          1.761438
          1.761438
          1.761438
          1.761439
          1.761439
          1.761439
          1.761439
          1.761439
          1.761439
          1.761439
          1.761439
          1.761439
          1.761439
          1.761439
          1.761439
          1.761439
          1.761439
          1.761439
          1.761439
          1.761439
          1.761439
          1.761439
          1.761439
          1.761439
          1.761439
          1.761439
          1.761439
          1.761439
          1.761439
          1.761439
          1.761439
          1.761439
          1.761439
          1.761439
          1.761439
          1.761439
          1.761439
          1.761439
          1.761439
          1.761439
          1.761439
          1.761438
          1.761438
          1.761438
          1.761438
          1.761438
          1.761438
          1.761438
          1.761438
          1.761438
          1.761438
          1.761438
          1.761438
          1.761438
          1.761437
          1.761437
          1.761437
          1.761437
          1.761437
          1.761437
          1.761437
          1.761437
          1.761437
          1.761437
          1.761437
          1.761437
          1.761437
          1.761437
          1.761437
          1.761437
          1.761437
          1.761436
          1.761436
          1.761436
          1.761436
          1.761436
          1.761436
          1.761436
          1.761436
          1.761436
          1.761436
          1.761436
          1.761436
          1.761436
          1.761436
          1.761436
          1.761436
          1.761436
          1.761436
          1.761436
          1.761435
          1.761435
          1.761435
          1.761435
          1.761435
          1.761435
          1.761435
          1.761435
          1.761435
          1.761435
          1.761435
          1.761435
          1.761435
          1.761435
          1.761435
          1.761434
          1.761434
          1.761434
          1.761434
          1.761434
          1.761434
          1.761434
          1.761434
          1.761434
          1.761434
          1.761434
          1.761434
          1.761434
          1.761434
          1.761434
          1.761434
          1.761434
          1.761434
          1.761434
          1.761434
          1.761434
          1.761434
          1.761434
          1.761434
          1.761434
          1.761434
          1.761434
          1.761434
          1.761434
          1.761434
          1.761434
          1.761434
          1.761434
          1.761434
          1.761433
          1.761433
          1.761433
          1.761433
          1.761433
          1.761433
          1.761433
          1.761433
          1.761433
          1.761433
          1.761433
          1.761433
          1.761433
          1.761433
          1.761433
          1.761433
          1.761433
