          1.509908
          1.510874
          1.510829
          1.510733
          1.510629
          1.510525
          1.510427
          1.510330
          1.510252
          1.510185
          1.510124
          1.510071
          1.510024
          1.509984
          1.509949
          1.509919
          1.509894
          1.509871
          1.509852
          1.509835
          1.509820
          1.509808
          1.509797
          1.509788
          1.509781
          1.509774
          1.509769
          1.509764
          1.509761
          1.509758
          1.509756
          1.509755
          1.509754
          1.509753
          1.509753
          1.509753
          1.509753
          1.509754
          1.509755
          1.509757
          1.509758
          1.509760
          1.509762
          1.509763
          1.509765
          1.509767
          1.509769
          1.509771
          1.509773
          1.509776
          1.509764
          1.509769
          1.509772
          1.509774
          1.509775
          1.509777
          1.509778
          1.509780
          1.509781
          1.509782
          1.509783
          1.509784
          1.509785
          1.509786
          1.509787
          1.509788
          1.509789
          1.509790
          1.509790
          1.509791
          1.509792
          1.509793
          1.509794
          1.509794
          1.509795
          1.509796
          1.509796
          1.509797
          1.509797
          1.509798
          1.509798
          1.509799
          1.509799
          1.509800
          1.509800
          1.509800
          1.509801
          1.509801
          1.509801
          1.509802
          1.509802
          1.509802
          1.509802
          1.509803
          1.509803
          1.509803
          1.509803
          1.509803
          1.509804
          1.509804
          1.509804
          1.509804
          1.509804
          1.509804
          1.509804
          1.509804
          1.509804
          1.509804
          1.509804
          1.509804
          1.509804
          1.509804
          1.509805
          1.509805
          1.509805
          1.509805
          1.509805
          1.509805
          1.509805
          1.509805
          1.509805
          1.509805
          1.509805
          1.509805
          1.509805
          1.509805
          1.509805
          1.509805
          1.509805
          1.509805
          1.509804
          1.509804
          1.509804
          1.509804
          1.509804
          1.509804
          1.509804
          1.509804
          1.509804
          1.509804
          1.509804
          1.509804
          1.509804
          1.509804
          1.509804
          1.509804
          1.509804
          1.509803
          1.509803
          1.509803
          1.509803
          1.509803
          1.509803
          1.509803
          1.509803
          1.509803
          1.509803
          1.509803
          1.509803
          1.509803
          1.509803
          1.509803
          1.509803
          1.509803
          1.509803
          1.509803
          1.509803
          1.509803
          1.509803
          1.509803
          1.509802
          1.509802
          1.509802
          1.509802
          1.509802
          1.509802
          1.509802
          1.509802
          1.509802
          1.509802
          1.509802
          1.509802
          1.509802
          1.509802
          1.509802
          1.509802
          1.509802
          1.509802
          1.509802
          1.509801
          1.509801
          1.509801
          1.509801
          1.509801
          1.509801
          1.509801
          1.509801
          1.509801
          1.509801
          1.509801
          1.509801
          1.509801
          1.509801
          1.509801
          1.509801
          1.509801
          1.509801
          1.509801
          1.509801
          1.509801
          1.509801
          1.509801
          1.509801
          1.509801
          1.509801
          1.509801
          1.509801
          1.509801
          1.509801
          1.509801
          1.509801
          1.509801
          1.509801
          1.509801
          1.509801
          1.509801
          1.509801
          1.509801
          1.509801
          1.509801
          1.509800
          1.509800
          1.509800
          1.509800
          1.509800
          1.509800
          1.509800
          1.509800
          1.509800
          1.509799
          1.509799
          1.509799
          1.509799
          1.509799
          1.509799
          1.509799
          1.509799
          1.509799
          1.509799
          1.509799
          1.509799
          1.509799
