          0.008661
          0.008668
          0.008667
          0.008666
          0.008664
          0.008662
          0.008661
          0.008659
          0.008657
          0.008655
          0.008654
          0.008653
          0.008651
          0.008650
          0.008649
          0.008648
          0.008647
          0.008646
          0.008645
          0.008645
          0.008644
          0.008643
          0.008643
          0.008642
          0.008642
          0.008641
          0.008641
          0.008641
          0.008640
          0.008640
          0.008640
          0.008640
          0.008639
          0.008639
          0.008639
          0.008639
          0.008639
          0.008639
          0.008638
          0.008638
          0.008638
          0.008638
          0.008638
          0.008638
          0.008638
          0.008638
          0.008638
          0.008638
          0.008638
          0.008638
          0.008638
          0.008637
          0.008637
          0.008637
          0.008637
          0.008637
          0.008637
          0.008637
          0.008637
          0.008637
          0.008637
          0.008637
          0.008637
          0.008637
          0.008637
          0.008637
          0.008637
          0.008637
          0.008637
          0.008637
          0.008637
          0.008637
          0.008637
          0.008637
          0.008637
          0.008637
          0.008637
          0.008637
          0.008637
          0.008637
          0.008637
          0.008637
          0.008637
          0.008637
          0.008637
          0.008637
          0.008637
          0.008637
          0.008637
          0.008637
          0.008637
          0.008637
          0.008637
          0.008637
          0.008637
          0.008637
          0.008637
          0.008637
          0.008637
          0.008637
          0.008637
          0.008637
          0.008637
          0.008637
          0.008637
          0.008637
          0.008637
          0.008637
          0.008637
          0.008637
          0.008637
          0.008637
          0.008637
          0.008637
          0.008637
          0.008637
          0.008637
          0.008637
          0.008637
          0.008637
          0.008637
          0.008637
          0.008637
          0.008637
          0.008637
          0.008637
          0.008637
          0.008637
          0.008637
          0.008637
          0.008637
          0.008637
          0.008637
          0.008637
          0.008637
          0.008637
          0.008637
          0.008637
          0.008637
          0.008637
          0.008637
          0.008637
          0.008637
          0.008637
          0.008637
          0.008637
          0.008637
          0.008637
          0.008637
          0.008637
          0.008637
          0.008637
          0.008637
          0.008637
          0.008637
          0.008637
          0.008637
          0.008637
          0.008637
          0.008637
          0.008637
          0.008637
          0.008637
          0.008637
          0.008637
          0.008637
          0.008637
          0.008637
          0.008637
          0.008637
          0.008637
          0.008637
          0.008637
          0.008637
          0.008637
          0.008637
          0.008637
          0.008637
          0.008637
          0.008637
          0.008637
          0.008637
          0.008637
          0.008637
          0.008637
          0.008637
          0.008637
          0.008637
          0.008637
          0.008637
          0.008637
          0.008637
          0.008637
          0.008637
          0.008637
          0.008637
          0.008637
          0.008637
          0.008637
          0.008637
          0.008637
          0.008637
          0.008637
          0.008637
          0.008637
          0.008637
          0.008637
          0.008637
          0.008637
          0.008637
          0.008637
          0.008637
          0.008637
          0.008637
          0.008637
          0.008637
          0.008637
          0.008637
          0.008637
          0.008637
          0.008637
          0.008637
          0.008637
          0.008637
          0.008637
          0.008637
          0.008637
          0.008637
          0.008637
          0.008637
          0.008637
          0.008637
          0.008637
          0.008637
          0.008637
          0.008637
          0.008637
          0.008637
          0.008637
          0.008637
          0.008637
          0.008637
          0.008637
          0.008637
          0.008637
          0.008637
          0.008637
          0.008637
          0.008637
          0.008637
          0.008637
          0.008637
          1.000137
          1.000133
          1.000124
          1.000115
          1.000106
          1.000096
          1.000087
          1.000078
          1.000070
          1.000063
          1.000055
          1.000049
          1.000043
          1.000038
          1.000033
          1.000029
          1.000025
          1.000022
          1.000018
          1.000016
          1.000013
          1.000011
          1.000009
          1.000007
          1.000006
          1.000005
          1.000003
          1.000002
          1.000002
          1.000001
          1.000000
          0.999999
          0.999999
          0.999999
          0.999998
          0.999998
          0.999998
          0.999997
          0.999997
          0.999997
          0.999997
          0.999997
          0.999997
          0.999997
          0.999996
          0.999996
          0.999996
          0.999996
          0.999996
          0.999996
          0.999996
          0.999996
          0.999996
          0.999996
          0.999996
          0.999996
          0.999996
          0.999997
          0.999997
          0.999997
          0.999997
          0.999997
          0.999997
          0.999997
          0.999997
          0.999997
          0.999997
          0.999997
          0.999997
          0.999997
          0.999997
          0.999998
          0.999998
          0.999998
          0.999998
          0.999998
          0.999998
          0.999998
          0.999998
          0.999998
          0.999998
          0.999998
          0.999998
          0.999998
          0.999998
          0.999998
          0.999998
          0.999998
          0.999999
          0.999999
          0.999999
          0.999999
          0.999999
          0.999999
          0.999999
          0.999999
          0.999999
          0.999999
          0.999999
          0.999999
          0.999999
          0.999999
          0.999999
          0.999999
          0.999999
          0.999999
          0.999999
          0.999999
          0.999999
          0.999999
          0.999999
          0.999999
          0.999999
          0.999999
          0.999999
          0.999999
          0.999999
          0.999999
          0.999999
          0.999999
          0.999999
          0.999999
          0.999999
          0.999999
          0.999999
          0.999999
          0.999999
          0.999999
          0.999999
          0.999999
          0.999999
          0.999999
          0.999999
          0.999999
          0.999999
          0.999999
          0.999999
          1.000000
          1.000000
          1.000000
          1.000000
          1.000000
          1.000000
          1.000000
          1.000000
          1.000000
          1.000000
          1.000000
          1.000000
          1.000000
          1.000000
          1.000000
          1.000000
          1.000000
          1.000000
          1.000000
          1.000000
          1.000000
          1.000000
          1.000000
          1.000000
          1.000000
          1.000000
          1.000000
          1.000000
          1.000000
          1.000000
          1.000000
          1.000000
          1.000000
          1.000000
          1.000000
          1.000000
          1.000000
          1.000000
          1.000000
          1.000000
          1.000000
          1.000000
          1.000000
          1.000000
          1.000000
          1.000000
          1.000000
          1.000000
          1.000000
          1.000000
          1.000000
          1.000000
          1.000000
          1.000000
          1.000000
          1.000000
          1.000000
          1.000000
          1.000000
          1.000000
          1.000000
          1.000000
          1.000000
          1.000000
          1.000000
          1.000000
          1.000000
          1.000000
          1.000000
          1.000000
          1.000000
          1.000000
          1.000000
          1.000000
          1.000000
          1.000000
          1.000000
          1.000000
          1.000000
          1.000000
          1.000000
          1.000000
          1.000000
          1.000000
          1.000000
          1.000000
          1.000000
          1.000000
          1.000000
          1.000000
          1.000000
          1.000000
          1.000000
          1.000000
          1.000000
          1.000000
          1.000000
          1.000000
          1.000000
          1.000000
          1.000000
          1.000000
          1.000000
          1.000000
          1.000000
          1.000000
          1.000000
          1.000000
          1.000000
          1.000000
          1.000000
          1.000000
          1.000000
          1.000000
          1.000000
          1.509908
          1.510874
          1.510829
          1.510733
          1.510629
          1.510525
          1.510427
          1.510330
          1.510252
          1.510185
          1.510124
          1.510071
          1.510024
          1.509984
          1.509949
          1.509919
          1.509894
          1.509871
          1.509852
          1.509835
          1.509820
          1.509808
          1.509797
          1.509788
          1.509781
          1.509774
          1.509769
          1.509764
          1.509761
          1.509758
          1.509756
          1.509755
          1.509754
          1.509753
          1.509753
          1.509753
          1.509753
          1.509754
          1.509755
          1.509757
          1.509758
          1.509760
          1.509762
          1.509763
          1.509765
          1.509767
          1.509769
          1.509771
          1.509773
          1.509776
          1.509764
          1.509769
          1.509772
          1.509774
          1.509775
          1.509777
          1.509778
          1.509780
          1.509781
          1.509782
          1.509783
          1.509784
          1.509785
          1.509786
          1.509787
          1.509788
          1.509789
          1.509790
          1.509790
          1.509791
          1.509792
          1.509793
          1.509794
          1.509794
          1.509795
          1.509796
          1.509796
          1.509797
          1.509797
          1.509798
          1.509798
          1.509799
          1.509799
          1.509800
          1.509800
          1.509800
          1.509801
          1.509801
          1.509801
          1.509802
          1.509802
          1.509802
          1.509802
          1.509803
          1.509803
          1.509803
          1.509803
          1.509803
          1.509804
          1.509804
          1.509804
          1.509804
          1.509804
          1.509804
          1.509804
          1.509804
          1.509804
          1.509804
          1.509804
          1.509804
          1.509804
          1.509804
          1.509805
          1.509805
          1.509805
          1.509805
          1.509805
          1.509805
          1.509805
          1.509805
          1.509805
          1.509805
          1.509805
          1.509805
          1.509805
          1.509805
          1.509805
          1.509805
          1.509805
          1.509805
          1.509804
          1.509804
          1.509804
          1.509804
          1.509804
          1.509804
          1.509804
          1.509804
          1.509804
          1.509804
          1.509804
          1.509804
          1.509804
          1.509804
          1.509804
          1.509804
          1.509804
          1.509803
          1.509803
          1.509803
          1.509803
          1.509803
          1.509803
          1.509803
          1.509803
          1.509803
          1.509803
          1.509803
          1.509803
          1.509803
          1.509803
          1.509803
          1.509803
          1.509803
          1.509803
          1.509803
          1.509803
          1.509803
          1.509803
          1.509803
          1.509802
          1.509802
          1.509802
          1.509802
          1.509802
          1.509802
          1.509802
          1.509802
          1.509802
          1.509802
          1.509802
          1.509802
          1.509802
          1.509802
          1.509802
          1.509802
          1.509802
          1.509802
          1.509802
          1.509801
          1.509801
          1.509801
          1.509801
          1.509801
          1.509801
          1.509801
          1.509801
          1.509801
          1.509801
          1.509801
          1.509801
          1.509801
          1.509801
          1.509801
          1.509801
          1.509801
          1.509801
          1.509801
          1.509801
          1.509801
          1.509801
          1.509801
          1.509801
          1.509801
          1.509801
          1.509801
          1.509801
          1.509801
          1.509801
          1.509801
          1.509801
          1.509801
          1.509801
          1.509801
          1.509801
          1.509801
          1.509801
          1.509801
          1.509801
          1.509801
          1.509800
          1.509800
          1.509800
          1.509800
          1.509800
          1.509800
          1.509800
          1.509800
          1.509800
          1.509799
          1.509799
          1.509799
          1.509799
          1.509799
          1.509799
          1.509799
          1.509799
          1.509799
          1.509799
          1.509799
          1.509799
          1.509799
          0.684124
          0.684280
          0.683781
          0.683450
          0.683211
          0.683016
          0.682844
          0.682680
          0.682539
          0.682411
          0.682293
          0.682184
          0.682085
          0.681995
          0.681917
          0.681850
          0.681789
          0.681734
          0.681686
          0.681642
          0.681603
          0.681568
          0.681537
          0.681509
          0.681485
          0.681463
          0.681444
          0.681427
          0.681412
          0.681398
          0.681387
          0.681377
          0.681368
          0.681360
          0.681354
          0.681348
          0.681343
          0.681339
          0.681336
          0.681334
          0.681332
          0.681331
          0.681329
          0.681328
          0.681328
          0.681327
          0.681327
          0.681326
          0.681326
          0.681327
          0.681317
          0.681318
          0.681320
          0.681320
          0.681321
          0.681322
          0.681322
          0.681323
          0.681324
          0.681324
          0.681325
          0.681325
          0.681326
          0.681326
          0.681327
          0.681327
          0.681328
          0.681328
          0.681328
          0.681329
          0.681329
          0.681330
          0.681330
          0.681330
          0.681331
          0.681331
          0.681331
          0.681332
          0.681332
          0.681332
          0.681332
          0.681333
          0.681333
          0.681333
          0.681333
          0.681334
          0.681334
          0.681334
          0.681334
          0.681334
          0.681335
          0.681335
          0.681335
          0.681335
          0.681335
          0.681335
          0.681335
          0.681336
          0.681336
          0.681336
          0.681336
          0.681336
          0.681336
          0.681336
          0.681336
          0.681336
          0.681336
          0.681336
          0.681336
          0.681336
          0.681336
          0.681337
          0.681337
          0.681337
          0.681337
          0.681337
          0.681337
          0.681337
          0.681337
          0.681337
          0.681337
          0.681337
          0.681337
          0.681337
          0.681337
          0.681337
          0.681337
          0.681337
          0.681337
          0.681337
          0.681337
          0.681337
          0.681337
          0.681337
          0.681337
          0.681337
          0.681337
          0.681337
          0.681337
          0.681337
          0.681337
          0.681337
          0.681337
          0.681337
          0.681337
          0.681337
          0.681337
          0.681337
          0.681337
          0.681337
          0.681337
          0.681337
          0.681337
          0.681337
          0.681337
          0.681337
          0.681337
          0.681337
          0.681337
          0.681337
          0.681337
          0.681337
          0.681337
          0.681337
          0.681337
          0.681337
          0.681337
          0.681337
          0.681337
          0.681337
          0.681337
          0.681337
          0.681337
          0.681337
          0.681337
          0.681337
          0.681337
          0.681337
          0.681337
          0.681337
          0.681337
          0.681337
          0.681337
          0.681337
          0.681337
          0.681337
          0.681337
          0.681337
          0.681337
          0.681337
          0.681336
          0.681336
          0.681336
          0.681336
          0.681336
          0.681336
          0.681336
          0.681336
          0.681336
          0.681336
          0.681336
          0.681336
          0.681336
          0.681336
          0.681336
          0.681336
          0.681336
          0.681336
          0.681336
          0.681337
          0.681337
          0.681337
          0.681337
          0.681337
          0.681337
          0.681337
          0.681337
          0.681337
          0.681337
          0.681337
          0.681337
          0.681337
          0.681337
          0.681337
          0.681337
          0.681337
          0.681337
          0.681336
          0.681336
          0.681336
          0.681336
          0.681336
          0.681336
          0.681336
          0.681336
          0.681336
          0.681336
          0.681336
          0.681336
          0.681336
          0.681336
          0.681336
          0.681336
          0.681336
          0.681336
          0.681336
          0.681336
          0.681336
          0.681336
          0.681336
          0.681336
          0.681336
         -0.002914
         -0.000704
         -0.000686
         -0.000641
         -0.000589
         -0.000533
         -0.000478
         -0.000422
         -0.000375
         -0.000332
         -0.000293
         -0.000257
         -0.000225
         -0.000196
         -0.000171
         -0.000148
         -0.000128
         -0.000111
         -0.000095
         -0.000081
         -0.000068
         -0.000057
         -0.000047
         -0.000039
         -0.000031
         -0.000024
         -0.000018
         -0.000013
         -0.000009
         -0.000005
         -0.000001
          0.000002
          0.000004
          0.000006
          0.000008
          0.000010
          0.000011
          0.000012
          0.000013
          0.000013
          0.000014
          0.000014
          0.000014
          0.000014
          0.000014
          0.000014
          0.000014
          0.000014
          0.000013
          0.000012
          0.000018
          0.000017
          0.000016
          0.000015
          0.000015
          0.000015
          0.000014
          0.000014
          0.000014
          0.000014
          0.000013
          0.000013
          0.000013
          0.000012
          0.000012
          0.000012
          0.000012
          0.000011
          0.000011
          0.000011
          0.000010
          0.000010
          0.000010
          0.000009
          0.000009
          0.000009
          0.000009
          0.000008
          0.000008
          0.000008
          0.000008
          0.000007
          0.000007
          0.000007
          0.000007
          0.000006
          0.000006
          0.000006
          0.000006
          0.000006
          0.000005
          0.000005
          0.000005
          0.000005
          0.000005
          0.000005
          0.000005
          0.000004
          0.000004
          0.000004
          0.000004
          0.000004
          0.000004
          0.000004
          0.000004
          0.000004
          0.000003
          0.000003
          0.000003
          0.000003
          0.000003
          0.000003
          0.000003
          0.000003
          0.000003
          0.000003
          0.000003
          0.000003
          0.000003
          0.000002
          0.000002
          0.000002
          0.000002
          0.000002
          0.000002
          0.000002
          0.000002
          0.000002
          0.000002
          0.000002
          0.000002
          0.000002
          0.000002
          0.000002
          0.000002
          0.000002
          0.000002
          0.000002
          0.000002
          0.000002
          0.000002
          0.000002
          0.000002
          0.000002
          0.000002
          0.000002
          0.000002
          0.000002
          0.000002
          0.000002
          0.000002
          0.000002
          0.000001
          0.000001
          0.000001
          0.000001
          0.000001
          0.000001
          0.000001
          0.000001
          0.000001
          0.000001
          0.000001
          0.000001
          0.000001
          0.000001
          0.000001
          0.000001
          0.000001
          0.000001
          0.000001
          0.000001
          0.000001
          0.000001
          0.000001
          0.000001
          0.000001
          0.000001
          0.000001
          0.000001
          0.000001
          0.000001
          0.000001
          0.000001
          0.000001
          0.000001
          0.000001
          0.000001
          0.000001
          0.000001
          0.000001
          0.000001
          0.000001
          0.000001
          0.000001
          0.000001
          0.000001
          0.000001
          0.000001
          0.000001
          0.000001
          0.000001
          0.000001
          0.000001
          0.000001
          0.000001
          0.000001
          0.000001
          0.000001
          0.000001
          0.000001
          0.000001
          0.000001
          0.000001
          0.000001
          0.000001
          0.000001
          0.000001
          0.000001
          0.000001
          0.000001
          0.000001
          0.000001
          0.000001
          0.000001
          0.000001
          0.000001
          0.000001
          0.000001
          0.000001
          0.000001
          0.000001
          0.000001
          0.000001
          0.000001
          0.000001
          0.000001
          0.000001
          0.000001
          0.000001
          0.000001
          0.000001
          0.000001
          0.000001
          0.000001
          0.000001
          0.000001
          0.000001
          0.000001
          0.000002
          0.000002
          0.000002
