  8.660998026046340E-003  8.668124802544802E-003  8.667036083074869E-003
  8.665652232434590E-003  8.664094907916328E-003  8.662400511354713E-003
  8.660641268744298E-003  8.658812433127947E-003  8.657106224979874E-003
  8.655498611944246E-003  8.653978873764453E-003  8.652554520913763E-003
  8.651235139960429E-003  8.650015508414943E-003  8.648893463123832E-003
  8.647863797828026E-003  8.646920596044447E-003  8.646057290888486E-003
  8.645268179459898E-003  8.644547645413421E-003  8.643890528180898E-003
  8.643291691940102E-003  8.642745655694771E-003  8.642246800664829E-003
  8.641791921293452E-003  8.641377236630297E-003  8.640999438588686E-003
  8.640655268956172E-003  8.640341549536745E-003  8.640055553572642E-003
  8.639795027348709E-003  8.639557496177216E-003  8.639340893362072E-003
  8.639143492594955E-003  8.638963627794550E-003  8.638799673400033E-003
  8.638650329848025E-003  8.638514509360921E-003  8.638390838108264E-003
  8.638277954923047E-003  8.638174816764809E-003  8.638080485790307E-003
  8.637993871267874E-003  8.637914161556183E-003  8.637840562309819E-003
  8.637772490447287E-003  8.637709255973961E-003  8.637650576385266E-003
  8.637596309030559E-003  8.637546759767318E-003  8.637519351441475E-003
  8.637458129118423E-003  8.637404556231132E-003  8.637356544146046E-003
  8.637313193002399E-003  8.637273968759695E-003  8.637238419592777E-003
  8.637206123673960E-003  8.637176779338146E-003  8.637150246681267E-003
  8.637126395477271E-003  8.637104901214762E-003  8.637085649320990E-003
  8.637068608512349E-003  8.637053565677890E-003  8.637040177166953E-003
  8.637028536453848E-003  8.637018357239292E-003  8.637009582130381E-003
  8.637002012690447E-003  8.636995643168804E-003  8.636990399702371E-003
  8.636986010018475E-003  8.636982497138332E-003  8.636979864855204E-003
  8.636977904315358E-003  8.636976529081996E-003  8.636975780262367E-003
  8.636975585099653E-003  8.636975837381836E-003  8.636976544774366E-003
  8.636977635129137E-003  8.636979010300170E-003  8.636980752462367E-003
  8.636982733652187E-003  8.636984922630299E-003  8.636987332034518E-003
  8.636989933802209E-003  8.636992717531803E-003  8.636995661553026E-003
  8.636998612088598E-003  8.637001741304049E-003  8.637005053690179E-003
  8.637008250269284E-003  8.637011698460003E-003  8.637015140170219E-003
  8.637018682214155E-003  8.637022196558174E-003  8.637025751557245E-003
  8.637029342000169E-003  8.637033058028801E-003  8.637036752812823E-003
  8.637040465940611E-003  8.637044204598576E-003  8.637047973553717E-003
  8.637051782609850E-003  8.637055607970826E-003  8.637059486988329E-003
  8.637063367348154E-003  8.637067294264063E-003  8.637071115463536E-003
  8.637075160700261E-003  8.637079047211159E-003  8.637083001428066E-003
  8.637086947686844E-003  8.637091008421629E-003  8.637094871902352E-003
  8.637098832544425E-003  8.637102746526527E-003  8.637106674739284E-003
  8.637110639439125E-003  8.637114473801394E-003  8.637118273402912E-003
  8.637122068609827E-003  8.637125723634906E-003  8.637129425403234E-003
  8.637133037648887E-003  8.637136579379987E-003  8.637140015082810E-003
  8.637143389388426E-003  8.637146656752014E-003  8.637149851107999E-003
  8.637153049278881E-003  8.637156125206579E-003  8.637159068870375E-003
  8.637162003732723E-003  8.637164797240512E-003  8.637167584120324E-003
  8.637170274679539E-003  8.637172857876352E-003  8.637175406708929E-003
  8.637178019750806E-003  8.637180526309048E-003  8.637182939975419E-003
  8.637185344989732E-003  8.637187821051178E-003  8.637190165959810E-003
  8.637192512052793E-003  8.637194962190649E-003  8.637197289069139E-003
  8.637199798833825E-003  8.637202237814508E-003  8.637204674403567E-003
  8.637207228005570E-003  8.637209812622228E-003  8.637212402369390E-003
  8.637214930733208E-003  8.637217635628783E-003  8.637220357751186E-003
  8.637223100138067E-003  8.637225803063657E-003  8.637228507592958E-003
  8.637231285828051E-003  8.637234132748330E-003  8.637236812395997E-003
  8.637239628210324E-003  8.637242225340977E-003  8.637244884506973E-003
  8.637247579877851E-003  8.637250074069200E-003  8.637252540646729E-003
  8.637254915207131E-003  8.637257158034775E-003  8.637259397457677E-003
  8.637261431760031E-003  8.637263399207711E-003  8.637265270203623E-003
  8.637267042303493E-003  8.637268584129035E-003  8.637270099591546E-003
  8.637271460231612E-003  8.637272672260606E-003  8.637273849481581E-003
  8.637275002760831E-003  8.637275968782304E-003  8.637276904091544E-003
  8.637277767588547E-003  8.637278650134595E-003  8.637279479866250E-003
  8.637280250256483E-003  8.637281097611660E-003  8.637281927523385E-003
  8.637282849839690E-003  8.637283824848735E-003  8.637284711178564E-003
  8.637285862673219E-003  8.637287032406576E-003  8.637288244973925E-003
  8.637289596540062E-003  8.637291098413621E-003  8.637292720882714E-003
  8.637294359948335E-003  8.637296172453894E-003  8.637298063130806E-003
  8.637300056056597E-003  8.637302157619106E-003  8.637304305158661E-003
  8.637306462805918E-003  8.637308693705424E-003  8.637310769647957E-003
  8.637313098836575E-003  8.637315251021427E-003  8.637317344751684E-003
  8.637319387255203E-003  8.637321376711990E-003  8.637323146379652E-003
  8.637324822361733E-003  8.637326385399328E-003  8.637327667249518E-003
  8.637328782154686E-003  8.637329672990296E-003  8.637330444476910E-003
  8.637330948571557E-003  8.637331202598488E-003  8.637331300132816E-003
  8.637331064215215E-003  8.637330815541846E-003  8.637330257785519E-003
  8.637329537075985E-003  8.637328695896652E-003  8.637327714931501E-003
  8.637326632017394E-003  8.637325402387708E-003  8.637324203625445E-003
  8.637322923671914E-003  8.637321577389407E-003  8.637320315746882E-003
  8.637319066542077E-003  8.637317890619960E-003  8.637316718153326E-003
  8.637315673945536E-003  8.637314715598483E-003  8.637313881547478E-003
  8.637313023947442E-003  8.637312243862078E-003  8.637311532011242E-003
  8.637310694327823E-003  8.637309752521156E-003  8.637308696113295E-003
  8.637307242130222E-003  8.637305503890774E-003  8.637303239609734E-003
   1.00013729068878        1.00013274205262        1.00012440997811     
   1.00011528487815        1.00010582293701        1.00009636064826     
   1.00008715298132        1.00007837438678        1.00007015440404     
   1.00006252262203        1.00005549153658        1.00004905944778     
   1.00004320923723        1.00003791134285        1.00003313154356     
   1.00002883208929        1.00002497457794        1.00002152149734     
   1.00001843710343        1.00001568756615        1.00001324121625     
   1.00001106857740        1.00000914247075        1.00000743817539     
   1.00000593347787        1.00000460784572        1.00000344257608     
   1.00000242061041        1.00000152648594        1.00000074627325     
   1.00000006738361       0.999999478370800       0.999998968965653     
  0.999998529901118       0.999998152760988       0.999997829927146     
  0.999997554533652       0.999997320327053       0.999997121566753     
  0.999996953087938       0.999996810496275       0.999996690040427     
  0.999996588529779       0.999996503356694       0.999996432394244     
  0.999996373993143       0.999996326936321       0.999996290526365     
  0.999996264554048       0.999996249435804       0.999996246383904     
  0.999996252912395       0.999996275083676       0.999996308391897     
  0.999996350189999       0.999996398750833       0.999996452846835     
  0.999996511561023       0.999996574184934       0.999996640127793     
  0.999996708836147       0.999996779778603       0.999996852504961     
  0.999996926578675       0.999997001551529       0.999997077027385     
  0.999997152707139       0.999997228248549       0.999997303389862     
  0.999997377878190       0.999997451515317       0.999997524096270     
  0.999997595433164       0.999997665420063       0.999997733937361     
  0.999997800858192       0.999997866118591       0.999997929678207     
  0.999997991478215       0.999998051478580       0.999998109669464     
  0.999998166034741       0.999998220578299       0.999998273332377     
  0.999998324298788       0.999998373517519       0.999998421035174     
  0.999998466890555       0.999998511127820       0.999998553791248     
  0.999998594928839       0.999998634634673       0.999998672942424     
  0.999998709880476       0.999998745569931       0.999998780008708     
  0.999998813273826       0.999998845404507       0.999998876477180     
  0.999998906541724       0.999998935644643       0.999998963798443     
  0.999998991058621       0.999999017463294       0.999999043043688     
  0.999999067824499       0.999999091822928       0.999999115059725     
  0.999999137539799       0.999999159281588       0.999999180285653     
  0.999999200597668       0.999999220154240       0.999999239013968     
  0.999999257159832       0.999999274597064       0.999999291290148     
  0.999999307304040       0.999999322607762       0.999999337216346     
  0.999999351125318       0.999999364324544       0.999999376858972     
  0.999999388744305       0.999999399987239       0.999999410639240     
  0.999999420693250       0.999999430188827       0.999999439162256     
  0.999999447663315       0.999999455728741       0.999999463411059     
  0.999999470752626       0.999999477772268       0.999999484531051     
  0.999999491094007       0.999999497486576       0.999999503776504     
  0.999999509987772       0.999999516172485       0.999999522384256     
  0.999999528650511       0.999999534964903       0.999999541374676     
  0.999999547920294       0.999999554611007       0.999999561426843     
  0.999999568409384       0.999999575552834       0.999999582813906     
  0.999999590218032       0.999999597688070       0.999999605226011     
  0.999999612807758       0.999999620366159       0.999999627859307     
  0.999999635252128       0.999999642528557       0.999999649593390     
  0.999999656402298       0.999999662910957       0.999999669095015     
  0.999999674916341       0.999999680314799       0.999999685234717     
  0.999999689700928       0.999999693643576       0.999999697110980     
  0.999999700064251       0.999999702478524       0.999999704411928     
  0.999999705872102       0.999999706892420       0.999999707524454     
  0.999999707783389       0.999999707755069       0.999999707484517     
  0.999999707030615       0.999999706457653       0.999999705875788     
  0.999999705331036       0.999999704912498       0.999999704707005     
  0.999999704763891       0.999999705128481       0.999999705897406     
  0.999999707112886       0.999999708825950       0.999999711053740     
  0.999999713831598       0.999999717190684       0.999999721111151     
  0.999999725596252       0.999999730606765       0.999999736109223     
  0.999999742108210       0.999999748485982       0.999999755197500     
  0.999999762182976       0.999999769344078       0.999999776573078     
  0.999999783768389       0.999999790857881       0.999999797716302     
  0.999999804246984       0.999999810345303       0.999999815906421     
  0.999999820848494       0.999999825105264       0.999999828595213     
  0.999999831315048       0.999999833137091       0.999999834081713     
  0.999999834140811       0.999999833313291       0.999999831609271     
  0.999999829103699       0.999999825841303       0.999999821884650     
  0.999999817361433       0.999999812372793       0.999999807046715     
  0.999999801485242       0.999999795845754       0.999999790285732     
  0.999999784936712       0.999999779989724       0.999999775533248     
  0.999999771751262       0.999999768777925       0.999999766728917     
  0.999999765719975       0.999999765847342       0.999999767211993     
  0.999999769846830       0.999999773809394       0.999999779138712     
  0.999999785810414       0.999999793808779       0.999999803084513     
  0.999999813596250       0.999999825247777       0.999999837943146     
  0.999999851562869       0.999999866025196       0.999999881206316     
  0.999999896977969       0.999999913268372       0.999999929991419     
  0.999999947056318       0.999999964450973       0.999999982106368     
   1.50990791591119        1.51087449149390        1.51082870241411     
   1.51073292097672        1.51062923445577        1.51052521955932     
   1.51042677415029        1.51032961328400        1.51025230902325     
   1.51018462155804        1.51012412276137        1.51007062944427     
   1.51002423969809        1.50998374224400        1.50994908476004     
   1.50991937950863        1.50989357875475        1.50987114302942     
   1.50985168294507        1.50983485844624        1.50982038131466     
   1.50980796791532        1.50979735805384        1.50978825156887     
   1.50978055003070        1.50977409629984        1.50976876020809     
   1.50976440876333        1.50976090430895        1.50975814437009     
   1.50975605907051        1.50975454443218        1.50975352850993     
   1.50975296137895        1.50975278511785        1.50975294046306     
   1.50975338887337        1.50975410212676        1.50975536474504     
   1.50975679277103        1.50975830893072        1.50975990856388     
   1.50976157029349        1.50976328586182        1.50976504897892     
   1.50976687395452        1.50976878110158        1.50977084369409     
   1.50977317653112        1.50977646935391        1.50976419475326     
   1.50976869510148        1.50977158899829        1.50977374939101     
   1.50977549453342        1.50977699947537        1.50977834932944     
   1.50977959210049        1.50978075794226        1.50978187168919     
   1.50978294951702        1.50978399073035        1.50978499996337     
   1.50978598766748        1.50978694987375        1.50978787439202     
   1.50978877474005        1.50978964345344        1.50979048339411     
   1.50979129028087        1.50979207029200        1.50979282445382     
   1.50979354302304        1.50979423224090        1.50979489797494     
   1.50979553302747        1.50979613591628        1.50979671341247     
   1.50979726503377        1.50979778851392        1.50979828783497     
   1.50979876180262        1.50979920687089        1.50979963209719     
   1.50980003155216        1.50980040672185        1.50980076018461     
   1.50980109253345        1.50980140421329        1.50980169724147     
   1.50980196346948        1.50980221524526        1.50980245426118     
   1.50980266410361        1.50980286811471        1.50980305229971     
   1.50980322396452        1.50980337763911        1.50980351796973     
   1.50980364452256        1.50980376396055        1.50980386907894     
   1.50980396412650        1.50980404888303        1.50980412554959     
   1.50980419483894        1.50980425596570        1.50980431208331     
   1.50980436022176        1.50980440418548        1.50980443690606     
   1.50980447758554        1.50980450238838        1.50980452786184     
   1.50980454776674        1.50980457245453        1.50980458246947     
   1.50980459650402        1.50980460509669        1.50980461319856     
   1.50980462084322        1.50980462144244        1.50980461844753     
   1.50980461515419        1.50980460473935        1.50980459750651     
   1.50980458488281        1.50980456823888        1.50980454561635     
   1.50980452037558        1.50980448975763        1.50980445574298     
   1.50980442206161        1.50980438184868        1.50980433506025     
   1.50980428790562        1.50980423362278        1.50980417905867     
   1.50980411852253        1.50980405304498        1.50980398599853     
   1.50980392232578        1.50980385262121        1.50980377759973     
   1.50980370247428        1.50980363110438        1.50980355263394     
   1.50980347526485        1.50980340351565        1.50980332572097     
   1.50980325988578        1.50980318887588        1.50980311817641     
   1.50980305641561        1.50980299798282        1.50980294134429     
   1.50980288277104        1.50980283656020        1.50980279341043     
   1.50980275364481        1.50980271310471        1.50980267740217     
   1.50980264822625        1.50980262746406        1.50980259819826     
   1.50980258146485        1.50980255532957        1.50980253824261     
   1.50980252620628        1.50980250588720        1.50980248751939     
   1.50980246816447        1.50980244398420        1.50980242375355     
   1.50980239303338        1.50980236280995        1.50980232963065     
   1.50980229330062        1.50980224509158        1.50980219827193     
   1.50980214283204        1.50980208114405        1.50980201825100     
   1.50980195373942        1.50980187735451        1.50980180048843     
   1.50980171946126        1.50980163890981        1.50980155438554     
   1.50980146601336        1.50980138115996        1.50980129469384     
   1.50980121229959        1.50980113304214        1.50980104779300     
   1.50980097759028        1.50980090779327        1.50980084038484     
   1.50980078237946        1.50980073443514        1.50980069279006     
   1.50980065541553        1.50980062882329        1.50980060978848     
   1.50980060026783        1.50980059921911        1.50980060497568     
   1.50980061564644        1.50980063437131        1.50980065074590     
   1.50980068640735        1.50980071648824        1.50980074839587     
   1.50980078258951        1.50980081924004        1.50980084842299     
   1.50980087868804        1.50980090646196        1.50980092392731     
   1.50980093550035        1.50980093745173        1.50980093631122     
   1.50980092239284        1.50980089714995        1.50980086540142     
   1.50980081558641        1.50980076615067        1.50980069839795     
   1.50980062161611        1.50980053716525        1.50980044424304     
   1.50980034381840        1.50980023403227        1.50980012467891     
   1.50980000809593        1.50979988689389        1.50979976988037     
   1.50979965362103        1.50979954119758        1.50979942962685     
   1.50979932735095        1.50979923319514        1.50979915017467     
   1.50979907061959        1.50979900276374        1.50979894701999     
   1.50979889298310        1.50979884504322        1.50979880161325     
   1.50979874783648        1.50979869180938        1.50979860324538     
  0.684124014581313       0.684279556148202       0.683781401911224     
  0.683449731337901       0.683210798289629       0.683015514824844     
  0.682843866235244       0.682679510988918       0.682539165867914     
  0.682411136447511       0.682292568150134       0.682183517658953     
  0.682084561257898       0.681994712918583       0.681917012736992     
  0.681849558938420       0.681788917608997       0.681734452343033     
  0.681685623759405       0.681641926239793       0.681602898744143     
  0.681568091688976       0.681537081276870       0.681509421723392     
  0.681484839855761       0.681463036738070       0.681443745482177     
  0.681426711269616       0.681411689441373       0.681398469964969     
  0.681386880958739       0.681376735732569       0.681367880176458     
  0.681360185286315       0.681353525711926       0.681347781880545     
  0.681342855762573       0.681338664400255       0.681335979846226     
  0.681333869400851       0.681332096628320       0.681330624975204     
  0.681329410248313       0.681328421240958       0.681327630043052     
  0.681327024353401       0.681326595725419       0.681326369997882     
  0.681326399897837       0.681327030289903       0.681316744649161     
  0.681318415274443       0.681319538653393       0.681320423732157     
  0.681321178697574       0.681321858677839       0.681322488557255     
  0.681323081108054       0.681323644342699       0.681324185933302     
  0.681324711399163       0.681325220173005       0.681325714336795     
  0.681326198300067       0.681326671070541       0.681327127998707     
  0.681327574577544       0.681328007836911       0.681328428992526     
  0.681328836259024       0.681329232032343       0.681329616809542     
  0.681329986546629       0.681330343559517       0.681330690097116     
  0.681331023226142       0.681331342207532       0.681331649625548     
  0.681331945312255       0.681332228246759       0.681332499919418     
  0.681332759832234       0.681333006602528       0.681333243640566     
  0.681333468740820       0.681333682340474       0.681333885522074     
  0.681334078589423       0.681334261865265       0.681334436071466     
  0.681334598056253       0.681334752668688       0.681334900821263     
  0.681335036033352       0.681335167533023       0.681335290026179     
  0.681335406411895       0.681335514518000       0.681335616242262     
  0.681335711637171       0.681335803456828       0.681335888884189     
  0.681335969470378       0.681336045329477       0.681336117280551     
  0.681336185731753       0.681336250397392       0.681336312537092     
  0.681336371029936       0.681336427316261       0.681336478391982     
  0.681336531968057       0.681336578856226       0.681336625113607     
  0.681336668593981       0.681336713087067       0.681336750945645     
  0.681336789321306       0.681336824700523       0.681336858842317     
  0.681336891947326       0.681336921022423       0.681336947519928     
  0.681336972667564       0.681336993650889       0.681337014590976     
  0.681337032270747       0.681337047183606       0.681337058518045     
  0.681337067604986       0.681337073418144       0.681337076790081     
  0.681337079442313       0.681337078701260       0.681337074482406     
  0.681337069461189       0.681337061011323       0.681337052052642     
  0.681337040518924       0.681337026695148       0.681337012122487     
  0.681336999091965       0.681336983948329       0.681336966943740     
  0.681336950185365       0.681336935492606       0.681336918554623     
  0.681336902491156       0.681336889436205       0.681336874648405     
  0.681336865235251       0.681336854723532       0.681336844988734     
  0.681336839310218       0.681336835524824       0.681336832918652     
  0.681336829812214       0.681336831802464       0.681336835228620     
  0.681336840012663       0.681336844352606       0.681336849972925     
  0.681336857757866       0.681336868190831       0.681336874649869     
  0.681336884955707       0.681336890452003       0.681336898032541     
  0.681336906463588       0.681336910281738       0.681336913332237     
  0.681336914396295       0.681336912040514       0.681336909716847     
  0.681336901966699       0.681336892828293       0.681336881261138     
  0.681336867311816       0.681336847650775       0.681336827525187     
  0.681336803477199       0.681336776327095       0.681336748472011     
  0.681336720161357       0.681336687548861       0.681336655017625     
  0.681336621473588       0.681336589078989       0.681336556309525     
  0.681336523238797       0.681336493004422       0.681336463740070     
  0.681336437860127       0.681336414961311       0.681336391443257     
  0.681336375672264       0.681336361981617       0.681336350913167     
  0.681336345020004       0.681336344529346       0.681336348057724     
  0.681336354112336       0.681336365298967       0.681336379964549     
  0.681336398529969       0.681336420494225       0.681336444744706     
  0.681336470117299       0.681336497662084       0.681336522622453     
  0.681336553607604       0.681336580647336       0.681336606171108     
  0.681336630227739       0.681336652734129       0.681336669615586     
  0.681336684003754       0.681336694802751       0.681336698671787     
  0.681336697576876       0.681336690236489       0.681336679431645     
  0.681336661654701       0.681336637596300       0.681336609557643     
  0.681336573389205       0.681336536837289       0.681336493139727     
  0.681336446148032       0.681336397033528       0.681336345899223     
  0.681336293675844       0.681336239966926       0.681336189142317     
  0.681336138741179       0.681336089907528       0.681336046485214     
  0.681336007429352       0.681335974223786       0.681335945756797     
  0.681335925445329       0.681335912866895       0.681335909210156     
  0.681335911332655       0.681335922212199       0.681335941950147     
  0.681335966254670       0.681335996354650       0.681336031683759     
  0.681336065944181       0.681336101897155       0.681336128461964     
 -2.914200568628483E-003 -7.036446470347392E-004 -6.861911652844537E-004
 -6.414043574826508E-004 -5.890351138144912E-004 -5.334666176498739E-004
 -4.783502791372895E-004 -4.224319430958119E-004 -3.750882766329960E-004
 -3.321364873220695E-004 -2.926973815101223E-004 -2.568780516792724E-004
 -2.248677356502259E-004 -1.961833800079236E-004 -1.708248088380228E-004
 -1.483969677886275E-004 -1.284175227914784E-004 -1.106103327765838E-004
 -9.476337369825957E-005 -8.068378490816873E-005 -6.820201283208711E-005
 -5.715029914077933E-005 -4.736952450167369E-005 -3.868371829469989E-005
 -3.101648427930955E-005 -2.426478814058645E-005 -1.834072668048631E-005
 -1.315655004395265E-005 -8.624028981622616E-006 -4.673441240834691E-006
 -1.252451753390715E-006  1.705947688431482E-006  4.252022688381331E-006
  6.423962982434826E-006  8.262234001050231E-006  9.806864891329639E-006
  1.108659921026823E-005  1.212397719899520E-005  1.280888026385076E-005
  1.331828553567911E-005  1.369609463843878E-005  1.395380289096534E-005
  1.411024454702096E-005  1.417685100886514E-005  1.416398035275807E-005
  1.407224745697628E-005  1.390073173710252E-005  1.362487806544319E-005
  1.320368470143311E-005  1.235211745558495E-005  1.805352764008411E-005
  1.668356879442278E-005  1.591261458120552E-005  1.539502819243933E-005
  1.500866154632169E-005  1.468675694754420E-005  1.439839048152678E-005
  1.412708001301011E-005  1.386267048741793E-005  1.359608813657863E-005
  1.332170776389341E-005  1.304201860760814E-005  1.275610199312158E-005
  1.246012543932110E-005  1.215738753552890E-005  1.185534071257253E-005
  1.154819621297260E-005  1.124105998566019E-005  1.093345347691533E-005
  1.062863521128418E-005  1.032438654855894E-005  1.002102856944913E-005
  9.724492096068896E-006  9.432313903183930E-006  9.142284323655091E-006
  8.858855409973688E-006  8.583369134218733E-006  8.313000887291517E-006
  8.048556508710852E-006  7.791739704194829E-006  7.541057031568344E-006
  7.297589004208615E-006  7.063510124365251E-006  6.834673099566775E-006
  6.614427553410177E-006  6.402430832648139E-006  6.197642971801217E-006
  6.000076475521520E-006  5.809720305477494E-006  5.625931013373262E-006
  5.453022959955463E-006  5.284924175349170E-006  5.120985156890034E-006
  4.969802571205084E-006  4.819588094026242E-006  4.677697841684842E-006
  4.540526055041203E-006  4.411106052927304E-006  4.287159167244071E-006
  4.168910871801513E-006  4.053091022027864E-006  3.943559886830147E-006
  3.838342137781567E-006  3.737514323613906E-006  3.640134299877914E-006
  3.545862621108614E-006  3.455211316231969E-006  3.366644874760524E-006
  3.281723084152802E-006  3.198623673971724E-006  3.121133348860918E-006
  3.039392393329797E-006  2.965550043199999E-006  2.891404970710592E-006
  2.820012866674539E-006  2.746361809027767E-006  2.680351198729892E-006
  2.612505048321568E-006  2.547593899205123E-006  2.483228340315768E-006
  2.419296145224085E-006  2.359466337053742E-006  2.301788823454869E-006
  2.244701485144842E-006  2.191803942443739E-006  2.137754652879008E-006
  2.086925343909446E-006  2.038632094085826E-006  1.993884894719070E-006
  1.951011050339511E-006  1.911408999787224E-006  1.874028484991707E-006
  1.836903764258146E-006  1.803592904689005E-006  1.774182775300461E-006
  1.745357404027624E-006  1.720662457790092E-006  1.696514831745723E-006
  1.675790832115877E-006  1.658050408450106E-006  1.641466387988835E-006
  1.623437373127443E-006  1.608873405859533E-006  1.597374869549480E-006
  1.586266180281136E-006  1.573507803382282E-006  1.564731028691446E-006
  1.555745190887036E-006  1.544101674822330E-006  1.535907206460267E-006
  1.521930603117328E-006  1.510805066005846E-006  1.499814780046977E-006
  1.484657745956357E-006  1.468194735723432E-006  1.451228409241053E-006
  1.435667969842159E-006  1.414205965148433E-006  1.391661503206646E-006
  1.367895774639406E-006  1.344996758155690E-006  1.320335020707688E-006
  1.292822971483341E-006  1.261730373321713E-006  1.235512944464988E-006
  1.203625078173475E-006  1.177258359592497E-006  1.147078240290069E-006
  1.114956800061438E-006  1.087799471354399E-006  1.060348161472261E-006
  1.034192988105006E-006  1.011153130509174E-006  9.868513157446310E-007
  9.684601130876611E-007  9.505688893441465E-007  9.348054316991263E-007
  9.212512484005638E-007  9.143014832607163E-007  9.072197523732050E-007
  9.049082762731826E-007  9.062727593650277E-007  9.085750507454016E-007
  9.119407392055591E-007  9.215435937996203E-007  9.317048143863524E-007
  9.441632041134587E-007  9.564856491509212E-007  9.709108478717131E-007
  9.873917869372601E-007  1.002096182042159E-006  1.017673638090535E-006
  1.031132235268901E-006  1.043084159087927E-006  1.058154129783641E-006
  1.065537734836301E-006  1.072738808637950E-006  1.078786558999830E-006
  1.080201964595055E-006  1.076672049264644E-006  1.069972680493116E-006
  1.061517016181153E-006  1.047755496436845E-006  1.030541610886168E-006
  1.008953872347440E-006  9.834593971442603E-007  9.551095117858279E-007
  9.249108764762357E-007  8.912504791515087E-007  8.597304758099485E-007
  8.190599976427473E-007  7.820890162397062E-007  7.450901214646371E-007
  7.078368472144647E-007  6.702642944221427E-007  6.374795583730700E-007
  6.051942485824789E-007  5.750622343874841E-007  5.512664096682527E-007
  5.313310172674923E-007  5.171381349902157E-007  5.053179716846323E-007
  5.007798166121389E-007  5.027943356759984E-007  5.087954765422840E-007
  5.245929887365329E-007  5.406629549367370E-007  5.664722681998568E-007
  5.973221656170573E-007  6.323913500470323E-007  6.720911137452836E-007
  7.158138660815168E-007  7.645741366114371E-007  8.132863110786767E-007
  8.658254076711507E-007  9.210220577658527E-007  9.743493555725150E-007
  1.027711653973810E-006  1.079527477918548E-006  1.131504098207775E-006
  1.179501707030284E-006  1.224329220189839E-006  1.264668232316029E-006
  1.304729494467460E-006  1.340623201551320E-006  1.372428576657588E-006
  1.405804131596242E-006  1.439004162684380E-006  1.472980178020126E-006
  1.515664408045591E-006  1.563184236233331E-006  1.629664272015007E-006
