          1.328409
          1.328543
          1.328478
          1.328424
          1.328378
          1.328339
          1.328304
          1.328273
          1.328247
          1.328225
          1.328206
          1.328189
          1.328175
          1.328162
          1.328151
          1.328141
          1.328132
          1.328124
          1.328117
          1.328111
          1.328106
          1.328101
          1.328097
          1.328093
          1.328090
          1.328087
          1.328085
          1.328082
          1.328081
          1.328079
          1.328078
          1.328076
          1.328075
          1.328075
          1.328074
          1.328074
          1.328073
          1.328073
          1.328073
          1.328072
          1.328072
          1.328072
          1.328072
          1.328072
          1.328073
          1.328073
          1.328073
          1.328073
          1.328073
          1.328074
          1.328075
          1.328075
          1.328074
          1.328074
          1.328074
          1.328074
          1.328074
          1.328074
          1.328073
          1.328073
          1.328073
          1.328073
          1.328073
          1.328073
          1.328073
          1.328073
          1.328073
          1.328073
          1.328073
          1.328073
          1.328073
          1.328073
          1.328073
          1.328073
          1.328073
          1.328073
          1.328073
          1.328073
          1.328073
          1.328073
          1.328073
          1.328073
          1.328073
          1.328073
          1.328073
          1.328073
          1.328073
          1.328073
          1.328073
          1.328073
          1.328073
          1.328073
          1.328072
          1.328072
          1.328072
          1.328072
          1.328072
          1.328072
          1.328072
          1.328072
          1.328072
          1.328072
          1.328072
          1.328072
          1.328072
          1.328071
          1.328071
          1.328071
          1.328071
          1.328071
          1.328071
          1.328071
          1.328071
          1.328071
          1.328071
          1.328071
          1.328071
          1.328071
          1.328070
          1.328070
          1.328070
          1.328070
          1.328070
          1.328070
          1.328070
          1.328070
          1.328070
          1.328070
          1.328070
          1.328070
          1.328069
          1.328069
          1.328069
          1.328069
          1.328069
          1.328069
          1.328069
          1.328069
          1.328069
          1.328069
          1.328069
          1.328069
          1.328069
          1.328068
          1.328068
          1.328068
          1.328068
          1.328068
          1.328068
          1.328068
          1.328068
          1.328068
          1.328068
          1.328068
          1.328068
          1.328068
          1.328067
          1.328067
          1.328067
          1.328067
          1.328067
          1.328067
          1.328067
          1.328067
          1.328067
          1.328067
          1.328067
          1.328067
          1.328067
          1.328067
          1.328067
          1.328067
          1.328067
          1.328067
          1.328067
          1.328067
          1.328066
          1.328066
          1.328066
          1.328066
          1.328066
          1.328066
          1.328066
          1.328066
          1.328066
          1.328066
          1.328066
          1.328066
          1.328066
          1.328066
          1.328066
          1.328066
          1.328066
          1.328065
          1.328065
          1.328065
          1.328065
          1.328065
          1.328065
          1.328065
          1.328065
          1.328065
          1.328065
          1.328065
          1.328065
          1.328065
          1.328065
          1.328065
          1.328065
          1.328065
          1.328065
          1.328065
          1.328065
          1.328065
          1.328065
          1.328065
          1.328065
          1.328065
          1.328065
          1.328065
          1.328065
          1.328065
          1.328065
          1.328065
          1.328065
          1.328065
          1.328065
          1.328065
          1.328065
          1.328064
          1.328064
          1.328064
          1.328064
          1.328064
          1.328064
          1.328064
          1.328064
          1.328064
          1.328064
          1.328064
          1.328064
          1.328064
          1.328064
          1.328064
          1.328064
          1.328064
          1.328064
          1.328064
          1.328064
          1.328064
          1.328064
          1.328064
