         13.861634
         13.855117
         13.855288
         13.855425
         13.855555
         13.855691
         13.855835
         13.855985
         13.856138
         13.856292
         13.856444
         13.856593
         13.856737
         13.856877
         13.857011
         13.857138
         13.857260
         13.857376
         13.857486
         13.857591
         13.857690
         13.857785
         13.857875
         13.857960
         13.858042
         13.858120
         13.858194
         13.858266
         13.858334
         13.858399
         13.858462
         13.858523
         13.858581
         13.858638
         13.858692
         13.858745
         13.858796
         13.858846
         13.858894
         13.858941
         13.858987
         13.859032
         13.859075
         13.859117
         13.859159
         13.859200
         13.859239
         13.859278
         13.859316
         13.859353
         13.859390
         13.859426
         13.859461
         13.859495
         13.859529
         13.859562
         13.859594
         13.859626
         13.859657
         13.859688
         13.859718
         13.859747
         13.859776
         13.859805
         13.859832
         13.859860
         13.859887
         13.859913
         13.859939
         13.859964
         13.859989
         13.860013
         13.860037
         13.860061
         13.860084
         13.860107
         13.860130
         13.860152
         13.860174
         13.860195
         13.860216
         13.860237
         13.860258
         13.860278
         13.860298
         13.860318
         13.860337
         13.860357
         13.860376
         13.860394
         13.860413
         13.860431
         13.860449
         13.860467
         13.860484
         13.860501
         13.860518
         13.860535
         13.860551
         13.860567
         13.860583
         13.860599
         13.860614
         13.860629
         13.860644
         13.860659
         13.860673
         13.860688
         13.860701
         13.860715
         13.860729
         13.860742
         13.860755
         13.860767
         13.860780
         13.860792
         13.860805
         13.860816
         13.860828
         13.860840
         13.860851
         13.860863
         13.860874
         13.860885
         13.860895
         13.860906
         13.860917
         13.860927
         13.860938
         13.860948
         13.860958
         13.860968
         13.860978
         13.860988
         13.860997
         13.861007
         13.861016
         13.861025
         13.861035
         13.861044
         13.861053
         13.861062
         13.861070
         13.861079
         13.861087
         13.861096
         13.861104
         13.861112
         13.861119
         13.861127
         13.861134
         13.861142
         13.861149
         13.861156
         13.861163
         13.861169
         13.861176
         13.861182
         13.861188
         13.861194
         13.861200
         13.861206
         13.861211
         13.861217
         13.861222
         13.861228
         13.861233
         13.861238
         13.861243
         13.861248
         13.861253
         13.861258
         13.861263
         13.861268
         13.861273
         13.861278
         13.861282
         13.861287
         13.861292
         13.861297
         13.861302
         13.861307
         13.861312
         13.861317
         13.861322
         13.861327
         13.861332
         13.861337
         13.861341
         13.861346
         13.861351
         13.861355
         13.861360
         13.861364
         13.861368
         13.861372
         13.861376
         13.861380
         13.861383
         13.861387
         13.861390
         13.861393
         13.861395
         13.861398
         13.861400
         13.861402
         13.861404
         13.861406
         13.861407
         13.861408
         13.861410
         13.861411
         13.861411
         13.861412
         13.861413
         13.861414
         13.861414
         13.861415
         13.861416
         13.861416
         13.861417
         13.861418
         13.861418
         13.861419
         13.861420
         13.861421
         13.861423
         13.861424
         13.861425
         13.861427
         13.861428
         13.861430
         13.861432
         13.861434
         13.861436
         13.861437
         13.861439
         13.861441
         13.861443
         13.861444
         13.861445
         13.861446
         13.861447
         13.861448
         13.861448
         13.861447
         13.861447
         13.861446
         13.861444
         13.861442
         13.861439
         13.861436
         13.861432
