          0.637170
          0.637216
          0.637247
          0.637277
          0.637305
          0.637332
          0.637358
          0.637382
          0.637404
          0.637425
          0.637444
          0.637462
          0.637478
          0.637493
          0.637507
          0.637520
          0.637532
          0.637542
          0.637552
          0.637562
          0.637570
          0.637578
          0.637585
          0.637592
          0.637598
          0.637604
          0.637609
          0.637614
          0.637619
          0.637623
          0.637627
          0.637631
          0.637634
          0.637638
          0.637641
          0.637644
          0.637646
          0.637649
          0.637652
          0.637654
          0.637656
          0.637658
          0.637660
          0.637662
          0.637664
          0.637666
          0.637668
          0.637670
          0.637671
          0.637673
          0.637674
          0.637676
          0.637677
          0.637679
          0.637680
          0.637681
          0.637683
          0.637684
          0.637685
          0.637686
          0.637687
          0.637689
          0.637690
          0.637691
          0.637692
          0.637693
          0.637694
          0.637695
          0.637696
          0.637697
          0.637698
          0.637698
          0.637699
          0.637700
          0.637701
          0.637702
          0.637703
          0.637703
          0.637704
          0.637705
          0.637706
          0.637707
          0.637707
          0.637708
          0.637709
          0.637709
          0.637710
          0.637711
          0.637711
          0.637712
          0.637713
          0.637713
          0.637714
          0.637715
          0.637715
          0.637716
          0.637717
          0.637717
          0.637718
          0.637718
          0.637719
          0.637719
          0.637720
          0.637720
          0.637721
          0.637722
          0.637722
          0.637723
          0.637723
          0.637723
          0.637724
          0.637724
          0.637725
          0.637725
          0.637726
          0.637726
          0.637727
          0.637727
          0.637727
          0.637728
          0.637728
          0.637729
          0.637729
          0.637729
          0.637730
          0.637730
          0.637731
          0.637731
          0.637731
          0.637732
          0.637732
          0.637732
          0.637733
          0.637733
          0.637733
          0.637734
          0.637734
          0.637734
          0.637735
          0.637735
          0.637735
          0.637736
          0.637736
          0.637736
          0.637737
          0.637737
          0.637737
          0.637737
          0.637738
          0.637738
          0.637738
          0.637738
          0.637739
          0.637739
          0.637739
          0.637739
          0.637740
          0.637740
          0.637740
          0.637740
          0.637740
          0.637741
          0.637741
          0.637741
          0.637741
          0.637741
          0.637742
          0.637742
          0.637742
          0.637742
          0.637742
          0.637742
          0.637743
          0.637743
          0.637743
          0.637743
          0.637743
          0.637744
          0.637744
          0.637744
          0.637744
          0.637744
          0.637745
          0.637745
          0.637745
          0.637745
          0.637745
          0.637745
          0.637746
          0.637746
          0.637746
          0.637746
          0.637746
          0.637746
          0.637747
          0.637747
          0.637747
          0.637747
          0.637747
          0.637747
          0.637747
          0.637747
          0.637748
          0.637748
          0.637748
          0.637748
          0.637748
          0.637748
          0.637748
          0.637748
          0.637748
          0.637748
          0.637748
          0.637748
          0.637748
          0.637749
          0.637749
          0.637749
          0.637749
          0.637749
          0.637749
          0.637749
          0.637749
          0.637749
          0.637749
          0.637749
          0.637750
          0.637750
          0.637750
          0.637750
          0.637750
          0.637750
          0.637750
          0.637751
          0.637751
          0.637751
          0.637751
          0.637751
          0.637751
          0.637752
          0.637752
          0.637752
          0.637752
          0.637752
          0.637752
          0.637752
          0.637752
          0.637752
          0.637753
          0.637753
          0.637753
          0.637753
