          1.376775
          1.377717
          1.377744
          1.377697
          1.377622
          1.377539
          1.377458
          1.377384
          1.377317
          1.377257
          1.377204
          1.377157
          1.377116
          1.377079
          1.377047
          1.377018
          1.376992
          1.376970
          1.376949
          1.376931
          1.376915
          1.376900
          1.376887
          1.376876
          1.376865
          1.376856
          1.376847
          1.376840
          1.376833
          1.376827
          1.376821
          1.376817
          1.376812
          1.376808
          1.376805
          1.376801
          1.376798
          1.376796
          1.376794
          1.376791
          1.376790
          1.376788
          1.376786
          1.376785
          1.376784
          1.376783
          1.376782
          1.376781
          1.376780
          1.376779
          1.376779
          1.376778
          1.376777
          1.376777
          1.376777
          1.376776
          1.376776
          1.376776
          1.376775
          1.376775
          1.376775
          1.376775
          1.376775
          1.376775
          1.376775
          1.376774
          1.376774
          1.376774
          1.376774
          1.376774
          1.376774
          1.376774
          1.376774
          1.376774
          1.376774
          1.376774
          1.376774
          1.376774
          1.376774
          1.376774
          1.376774
          1.376774
          1.376774
          1.376774
          1.376774
          1.376774
          1.376774
          1.376774
          1.376774
          1.376774
          1.376774
          1.376774
          1.376774
          1.376774
          1.376774
          1.376774
          1.376774
          1.376774
          1.376774
          1.376774
          1.376774
          1.376774
          1.376774
          1.376774
          1.376774
          1.376774
          1.376774
          1.376774
          1.376774
          1.376774
          1.376774
          1.376774
          1.376774
          1.376774
          1.376774
          1.376774
          1.376774
          1.376774
          1.376774
          1.376774
          1.376774
          1.376774
          1.376774
          1.376774
          1.376774
          1.376774
          1.376774
          1.376774
          1.376774
          1.376774
          1.376774
          1.376774
          1.376774
          1.376774
          1.376774
          1.376774
          1.376774
          1.376774
          1.376774
          1.376774
          1.376774
          1.376774
          1.376774
          1.376774
          1.376774
          1.376774
          1.376774
          1.376774
          1.376774
          1.376775
          1.376775
          1.376775
          1.376775
          1.376775
          1.376775
          1.376775
          1.376775
          1.376775
          1.376775
          1.376775
          1.376775
          1.376775
          1.376775
          1.376775
          1.376775
          1.376775
          1.376775
          1.376775
          1.376775
          1.376775
          1.376775
          1.376775
          1.376775
          1.376775
          1.376775
          1.376775
          1.376775
          1.376775
          1.376775
          1.376775
          1.376775
          1.376775
          1.376775
          1.376775
          1.376775
          1.376775
          1.376775
          1.376775
          1.376775
          1.376775
          1.376775
          1.376775
          1.376775
          1.376775
          1.376775
          1.376775
          1.376775
          1.376775
          1.376775
          1.376775
          1.376775
          1.376775
          1.376775
          1.376775
          1.376775
          1.376775
          1.376775
          1.376775
          1.376775
          1.376775
          1.376775
          1.376775
          1.376775
          1.376775
          1.376775
          1.376775
          1.376775
          1.376775
          1.376775
          1.376775
          1.376775
          1.376775
          1.376775
          1.376775
          1.376775
          1.376775
          1.376775
          1.376775
          1.376775
          1.376775
          1.376775
          1.376775
          1.376775
          1.376775
          1.376775
          1.376775
          1.376775
          1.376775
          1.376775
          1.376775
          1.376775
          1.376775
          1.376775
          1.376775
          1.376775
          1.376775
          1.376775
          1.376775
          1.376775
          1.376775
          1.376775
          1.376775
          1.376775
