         -0.006315
         -0.001447
         -0.001335
         -0.001205
         -0.001077
         -0.000959
         -0.000853
         -0.000759
         -0.000677
         -0.000604
         -0.000541
         -0.000485
         -0.000436
         -0.000392
         -0.000353
         -0.000319
         -0.000288
         -0.000261
         -0.000236
         -0.000214
         -0.000195
         -0.000177
         -0.000161
         -0.000147
         -0.000134
         -0.000123
         -0.000112
         -0.000103
         -0.000095
         -0.000087
         -0.000080
         -0.000074
         -0.000068
         -0.000063
         -0.000059
         -0.000054
         -0.000051
         -0.000047
         -0.000044
         -0.000042
         -0.000039
         -0.000037
         -0.000035
         -0.000033
         -0.000031
         -0.000030
         -0.000029
         -0.000027
         -0.000026
         -0.000025
         -0.000024
         -0.000023
         -0.000023
         -0.000022
         -0.000021
         -0.000020
         -0.000020
         -0.000019
         -0.000019
         -0.000018
         -0.000017
         -0.000017
         -0.000016
         -0.000016
         -0.000015
         -0.000015
         -0.000015
         -0.000014
         -0.000014
         -0.000013
         -0.000013
         -0.000013
         -0.000012
         -0.000012
         -0.000012
         -0.000011
         -0.000011
         -0.000011
         -0.000011
         -0.000010
         -0.000010
         -0.000010
         -0.000010
         -0.000010
         -0.000010
         -0.000010
         -0.000010
         -0.000010
         -0.000010
         -0.000010
         -0.000009
         -0.000009
         -0.000009
         -0.000009
         -0.000009
         -0.000009
         -0.000009
         -0.000009
         -0.000009
         -0.000009
         -0.000009
         -0.000009
         -0.000008
         -0.000008
         -0.000008
         -0.000008
         -0.000008
         -0.000008
         -0.000008
         -0.000007
         -0.000007
         -0.000007
         -0.000007
         -0.000007
         -0.000007
         -0.000006
         -0.000006
         -0.000006
         -0.000006
         -0.000006
         -0.000006
         -0.000006
         -0.000005
         -0.000005
         -0.000005
         -0.000005
         -0.000005
         -0.000005
         -0.000005
         -0.000005
         -0.000005
         -0.000005
         -0.000005
         -0.000005
         -0.000005
         -0.000005
         -0.000005
         -0.000005
         -0.000005
         -0.000005
         -0.000005
         -0.000005
         -0.000005
         -0.000005
         -0.000005
         -0.000005
         -0.000005
         -0.000005
         -0.000005
         -0.000005
         -0.000005
         -0.000004
         -0.000004
         -0.000004
         -0.000004
         -0.000004
         -0.000004
         -0.000004
         -0.000004
         -0.000003
         -0.000003
         -0.000003
         -0.000003
         -0.000003
         -0.000003
         -0.000003
         -0.000002
         -0.000002
         -0.000002
         -0.000002
         -0.000002
         -0.000002
         -0.000002
         -0.000002
         -0.000002
         -0.000002
         -0.000002
         -0.000002
         -0.000002
         -0.000002
         -0.000002
         -0.000002
         -0.000002
         -0.000003
         -0.000003
         -0.000003
         -0.000003
         -0.000003
         -0.000003
         -0.000003
         -0.000003
         -0.000003
         -0.000003
         -0.000004
         -0.000004
         -0.000004
         -0.000004
         -0.000004
         -0.000003
         -0.000003
         -0.000003
         -0.000003
         -0.000003
         -0.000003
         -0.000003
         -0.000002
         -0.000002
         -0.000002
         -0.000002
         -0.000002
         -0.000001
         -0.000001
         -0.000001
         -0.000001
         -0.000001
         -0.000000
         -0.000000
         -0.000000
          0.000000
          0.000000
          0.000000
          0.000000
          0.000000
          0.000000
          0.000000
         -0.000000
         -0.000000
         -0.000000
         -0.000001
         -0.000001
         -0.000001
         -0.000002
         -0.000002
         -0.000002
         -0.000003
         -0.000003
         -0.000003
         -0.000004
         -0.000004
         -0.000004
         -0.000005
         -0.000005
         -0.000005
         -0.000005
         -0.000005
         -0.000005
         -0.000005
         -0.000005
         -0.000005
         -0.000005
         -0.000005
         -0.000005
