          0.000994
          0.000984
          0.000974
          0.000965
          0.000955
          0.000945
          0.000936
          0.000927
          0.000917
          0.000908
          0.000899
          0.000890
          0.000881
          0.000873
          0.000864
          0.000855
          0.000847
          0.000838
          0.000830
          0.000822
          0.000813
          0.000805
          0.000797
          0.000789
          0.000781
          0.000774
          0.000766
          0.000758
          0.000751
          0.000743
          0.000736
          0.000728
          0.000721
          0.000714
          0.000707
          0.000700
          0.000693
          0.000686
          0.000679
          0.000672
          0.000665
          0.000659
          0.000652
          0.000646
          0.000639
          0.000633
          0.000626
          0.000620
          0.000614
          0.000608
          0.000602
          0.000596
          0.000590
          0.000584
          0.000578
          0.000572
          0.000566
          0.000561
          0.000555
          0.000550
          0.000544
          0.000539
          0.000533
          0.000528
          0.000523
          0.000517
          0.000512
          0.000507
          0.000502
          0.000497
          0.000492
          0.000487
          0.000482
          0.000477
          0.000473
          0.000468
          0.000463
          0.000459
          0.000454
          0.000450
          0.000445
          0.000441
          0.000436
          0.000432
          0.000428
          0.000423
          0.000419
          0.000415
          0.000411
          0.000407
          0.000402
          0.000398
          0.000394
          0.000391
          0.000387
          0.000383
          0.000379
          0.000375
          0.000371
          0.000368
          0.000364
          0.000360
          0.000357
          0.000353
          0.000350
          0.000346
          0.000343
          0.000339
          0.000336
          0.000333
          0.000329
          0.000326
          0.000323
          0.000319
          0.000316
          0.000313
          0.000310
          0.000307
          0.000304
          0.000301
          0.000298
          0.000295
          0.000292
          0.000289
          0.000286
          0.000283
          0.000280
          0.000277
          0.000275
          0.000272
          0.000269
          0.000267
          0.000264
          0.000261
          0.000259
          0.000256
          0.000253
          0.000251
          0.000248
          0.000246
          0.000244
          0.000241
          0.000239
          0.000236
          0.000234
          0.000232
          0.000229
          0.000227
          0.000225
          0.000222
          0.000220
          0.000218
          0.000216
          0.000214
          0.000212
          0.000209
          0.000207
          0.000205
          0.000203
          0.000201
          0.000199
          0.000197
          0.000195
          0.000193
          0.000191
          0.000189
          0.000188
          0.000186
          0.000184
          0.000182
          0.000180
          0.000178
          0.000177
          0.000175
          0.000173
          0.000171
          0.000170
          0.000168
          0.000166
          0.000165
          0.000163
          0.000161
          0.000160
          0.000158
          0.000156
          0.000155
          0.000153
          0.000152
          0.000150
          0.000149
          0.000147
          0.000146
          0.000144
          0.000143
          0.000142
          0.000140
          0.000139
          0.000137
          0.000136
          0.000135
          0.000133
          0.000132
          0.000131
          0.000129
          0.000128
          0.000127
          0.000125
          0.000124
          0.000123
          0.000122
          0.000120
          0.000119
          0.000118
          0.000117
          0.000116
          0.000115
          0.000113
          0.000112
          0.000111
          0.000110
          0.000109
          0.000108
          0.000107
          0.000106
          0.000105
          0.000104
          0.000103
          0.000102
          0.000101
          0.000100
          0.000099
          0.000098
          0.000097
          0.000096
          0.000095
          0.000094
          0.000093
          0.000092
          0.000091
          0.000090
          0.000089
          0.000088
          0.000087
          0.000086
          0.000086
          0.000085
          0.000084
          0.000083
          0.000082
          0.000081
          0.000081
          0.000080
          0.000079
          0.000078
          0.000077
          0.000077
          0.000076
          0.000075
          0.000074
          0.000074
          0.000073
          0.000072
          0.000071
          0.000071
          0.000070
          0.000069
          0.000069
          0.000068
          0.000067
          0.000067
          0.000066
          0.000065
          0.000065
          0.000064
          0.000063
          0.000063
          0.000062
          0.000061
          0.000061
          0.000060
          0.000060
          0.000059
          0.000058
          0.000058
          0.000057
          0.000057
          0.000056
          0.000056
          0.000055
          0.000054
          0.000054
          0.000053
          0.000053
          0.000052
          0.000052
          0.000051
          0.000051
          0.000050
          0.000050
          0.000049
          0.000049
          0.000048
          0.000048
          0.000047
          0.000047
          0.000046
          0.000046
          0.000045
          0.000045
          0.000045
          0.000044
          0.000044
          0.000043
          0.000043
          0.000042
          0.000042
          0.000042
          0.000041
          0.000041
          0.000040
          0.000040
          0.000039
          0.000039
          0.000039
          0.000038
          0.000038
          0.000038
          0.000037
          0.000037
          0.000036
          0.000036
          0.000036
          0.000035
          0.000035
          0.000035
          0.000034
          0.000034
          0.000034
          0.000033
          0.000033
          0.000033
          0.000032
          0.000032
          0.000032
          0.000031
          0.000031
          0.000031
          0.000030
          0.000030
          0.000030
          0.000030
          0.000029
          0.000029
          0.000029
          0.000028
          0.000028
          0.000028
          0.000028
          0.000027
          0.000027
          0.000027
          0.000026
          0.000026
          0.000026
          0.000026
          0.000025
          0.000025
          0.000025
          0.000025
          0.000024
          0.000024
          0.000024
          0.000024
          0.000023
          0.000023
          0.000023
          0.000023
          0.000022
          0.000022
          0.000022
          0.000022
          0.000022
          0.000021
          0.000021
          0.000021
          0.000021
          0.000021
          0.000020
          0.000020
          0.000020
          0.000020
          0.000020
          0.000019
          0.000019
          0.000019
          0.000019
          0.000019
          0.000018
          0.000018
          0.000018
          0.000018
          0.000018
          0.000017
          0.000017
          0.000017
          0.000017
          0.000017
          0.000017
          0.000016
          0.000016
          0.000016
          0.000016
          0.000016
          0.000016
          0.000016
          0.000015
          0.000015
          0.000015
          0.000015
          0.000015
          0.000015
          0.000014
          0.000014
          0.000014
          0.000014
          0.000014
          0.000014
          0.000014
          0.000013
          0.000013
          0.000013
          0.000013
          0.000013
          0.000013
          0.000013
          0.000013
          0.000012
          0.000012
          0.000012
          0.000012
          0.000012
          0.000012
          0.000012
          0.000012
          0.000011
          0.000011
          0.000011
          0.000011
          0.000011
          0.000011
          0.000011
          0.000011
          0.000011
          0.000010
          0.000010
          0.000010
          0.000010
          0.000010
          0.000010
          0.000010
          0.000010
          0.000010
          0.000010
          0.000009
          0.000009
          0.000009
          0.000009
          0.000009
          0.000009
          0.000009
          0.000009
          0.000009
          0.000009
          0.000009
          0.000008
          0.000008
          0.000008
          0.000008
          0.000008
          0.000008
          0.000008
          0.000008
          0.000008
          0.000008
          0.000008
          0.000008
          0.000008
          0.000007
          0.000007
          0.000007
          0.000007
          0.000007
          0.000007
          0.000007
          0.000007
          0.000007
          0.000007
          0.000007
          0.000007
          0.000007
          0.000007
          0.000006
          0.000006
          0.000006
          0.000006
          0.000006
          0.000006
          0.000006
          0.000006
          0.000006
          0.000006
          0.000006
          0.000006
          0.000006
          0.000006
          0.000006
          0.000006
          0.000006
          0.000005
          0.000005
          0.000005
          0.000005
          0.000005
          0.000005
          0.000005
          0.000005
          0.000005
          0.000005
          0.000005
          0.000005
          0.000005
          0.000005
          0.000005
          0.000005
          0.000005
          0.000005
          0.000005
          0.000005
          0.000004
          0.000004
          0.000004
          0.000004
          0.000004
          0.000004
          0.000004
          0.000004
          0.000004
          0.000004
          0.000004
          0.000004
          0.000004
          0.000004
          0.000004
          0.000004
          0.000004
          0.000004
          0.000004
          0.000004
          0.000004
          0.000004
          0.000004
          0.000004
          0.000004
          0.000003
          0.000003
          0.000003
          0.000003
          0.000003
          0.000003
          0.000003
          0.000003
          0.000003
          0.000003
          0.000003
          0.000003
          0.000003
          0.000003
          0.000003
          0.000003
          0.000003
          0.000003
          0.000003
          0.000003
          0.000003
          0.000003
          0.000003
          0.000003
          0.000003
          0.000003
          0.000003
          0.000003
          0.000003
          0.000003
          0.000003
          0.000003
          0.000003
          0.000002
          0.000002
          0.000002
          0.000002
          0.000002
          0.000002
          0.000002
          0.000002
          0.000002
          0.000002
          0.000002
          0.000002
          0.000002
          0.000002
          0.000002
          0.000002
          0.000002
          0.000002
          0.000002
          0.000002
          0.000002
          0.000002
          0.000002
          0.000002
          0.000002
          0.000002
          0.000002
          0.000002
          0.000002
          0.000002
          0.000002
          0.000002
          0.000002
          0.000002
          0.000002
          0.000002
          0.000002
          0.000002
          0.000002
          0.000002
          0.000002
          0.000002
          0.000002
          0.000002
          0.000002
          0.000002
          0.000002
          0.000002
          0.000002
          0.000002
          0.000002
          0.000001
          0.000001
          0.000001
          0.000001
          0.000001
          0.000001
          0.000001
          0.000001
          0.000001
          0.000001
          0.000001
          0.000001
          0.000001
          0.000001
          0.000001
          0.000001
          0.000001
          0.000001
          0.000001
          0.000001
          0.000001
          0.000001
          0.000001
          0.000001
          0.000001
          0.000001
          0.000001
          0.000001
          0.000001
          0.000001
          0.000001
          0.000001
          0.000001
          0.000001
          0.000001
          0.000001
          0.000001
          0.000001
          0.000001
