          0.292936
          0.292963
          0.292990
          0.293017
          0.293044
          0.293069
          0.293094
          0.293117
          0.293138
          0.293158
          0.293176
          0.293193
          0.293209
          0.293223
          0.293236
          0.293248
          0.293259
          0.293269
          0.293278
          0.293286
          0.293293
          0.293300
          0.293306
          0.293312
          0.293317
          0.293322
          0.293326
          0.293330
          0.293333
          0.293336
          0.293339
          0.293342
          0.293344
          0.293347
          0.293349
          0.293351
          0.293352
          0.293354
          0.293356
          0.293357
          0.293358
          0.293359
          0.293361
          0.293362
          0.293363
          0.293363
          0.293364
          0.293365
          0.293366
          0.293367
          0.293367
          0.293368
          0.293369
          0.293369
          0.293370
          0.293370
          0.293371
          0.293371
          0.293372
          0.293372
          0.293372
          0.293373
          0.293373
          0.293374
          0.293374
          0.293374
          0.293375
          0.293375
          0.293375
          0.293375
          0.293376
          0.293376
          0.293376
          0.293377
          0.293377
          0.293377
          0.293377
          0.293378
          0.293378
          0.293378
          0.293378
          0.293378
          0.293379
          0.293379
          0.293379
          0.293379
          0.293380
          0.293380
          0.293380
          0.293380
          0.293380
          0.293381
          0.293381
          0.293381
          0.293381
          0.293381
          0.293382
          0.293382
          0.293382
          0.293382
          0.293382
          0.293383
          0.293383
          0.293383
          0.293383
          0.293383
          0.293383
          0.293384
          0.293384
          0.293384
          0.293384
          0.293384
          0.293384
          0.293384
          0.293385
          0.293385
          0.293385
          0.293385
          0.293385
          0.293385
          0.293385
          0.293385
          0.293385
          0.293386
          0.293386
          0.293386
          0.293386
          0.293386
          0.293386
          0.293386
          0.293386
          0.293387
          0.293387
          0.293387
          0.293387
          0.293387
          0.293387
          0.293387
          0.293387
          0.293388
          0.293388
          0.293388
          0.293388
          0.293388
          0.293388
          0.293388
          0.293388
          0.293388
          0.293388
          0.293389
          0.293389
          0.293389
          0.293389
          0.293389
          0.293389
          0.293389
          0.293389
          0.293389
          0.293389
          0.293389
          0.293389
          0.293389
          0.293389
          0.293389
          0.293389
          0.293389
          0.293389
          0.293389
          0.293389
          0.293389
          0.293389
          0.293390
          0.293390
          0.293390
          0.293390
          0.293390
          0.293390
          0.293390
          0.293390
          0.293390
          0.293390
          0.293390
          0.293390
          0.293390
          0.293390
          0.293391
          0.293391
          0.293391
          0.293391
          0.293391
          0.293391
          0.293391
          0.293391
          0.293391
          0.293391
          0.293391
          0.293391
          0.293391
          0.293391
          0.293391
          0.293391
          0.293391
          0.293391
          0.293391
          0.293391
          0.293391
          0.293391
          0.293391
          0.293391
          0.293391
          0.293391
          0.293391
          0.293391
          0.293391
          0.293391
          0.293391
          0.293391
          0.293390
          0.293390
          0.293390
          0.293390
          0.293390
          0.293390
          0.293390
          0.293390
          0.293390
          0.293390
          0.293390
          0.293390
          0.293390
          0.293390
          0.293391
          0.293391
          0.293391
          0.293391
          0.293391
          0.293391
          0.293391
          0.293391
          0.293391
          0.293391
          0.293391
          0.293391
          0.293391
          0.293391
          0.293391
          0.293390
          0.293390
          0.293390
          0.293390
          0.293390
          0.293389
