         12.484859
         12.484401
         12.483980
         12.483596
         12.483249
         12.482936
         12.482657
         12.482408
         12.482188
         12.481994
         12.481825
         12.481679
         12.481553
         12.481445
         12.481354
         12.481279
         12.481217
         12.481167
         12.481128
         12.481099
         12.481080
         12.481068
         12.481063
         12.481064
         12.481071
         12.481083
         12.481099
         12.481119
         12.481143
         12.481169
         12.481198
         12.481229
         12.481262
         12.481297
         12.481333
         12.481371
         12.481409
         12.481449
         12.481489
         12.481529
         12.481570
         12.481611
         12.481653
         12.481695
         12.481736
         12.481778
         12.481820
         12.481861
         12.481903
         12.481944
         12.481985
         12.482026
         12.482066
         12.482106
         12.482146
         12.482185
         12.482224
         12.482262
         12.482300
         12.482338
         12.482375
         12.482412
         12.482448
         12.482484
         12.482519
         12.482554
         12.482588
         12.482622
         12.482655
         12.482688
         12.482720
         12.482752
         12.482783
         12.482814
         12.482845
         12.482875
         12.482904
         12.482933
         12.482962
         12.482990
         12.483018
         12.483045
         12.483072
         12.483098
         12.483125
         12.483150
         12.483176
         12.483201
         12.483225
         12.483250
         12.483273
         12.483297
         12.483320
         12.483343
         12.483366
         12.483388
         12.483410
         12.483431
         12.483452
         12.483473
         12.483494
         12.483514
         12.483534
         12.483554
         12.483573
         12.483592
         12.483611
         12.483630
         12.483648
         12.483666
         12.483684
         12.483701
         12.483718
         12.483735
         12.483752
         12.483768
         12.483784
         12.483800
         12.483816
         12.483831
         12.483846
         12.483861
         12.483876
         12.483890
         12.483904
         12.483918
         12.483932
         12.483945
         12.483959
         12.483972
         12.483985
         12.483998
         12.484010
         12.484023
         12.484035
         12.484047
         12.484059
         12.484071
         12.484082
         12.484094
         12.484105
         12.484116
         12.484127
         12.484138
         12.484149
         12.484160
         12.484170
         12.484180
         12.484190
         12.484200
         12.484210
         12.484220
         12.484229
         12.484239
         12.484248
         12.484257
         12.484266
         12.484274
         12.484283
         12.484291
         12.484299
         12.484308
         12.484315
         12.484323
         12.484331
         12.484338
         12.484346
         12.484353
         12.484360
         12.484367
         12.484374
         12.484380
         12.484387
         12.484394
         12.484400
         12.484406
         12.484412
         12.484419
         12.484425
         12.484431
         12.484437
         12.484442
         12.484448
         12.484454
         12.484460
         12.484465
         12.484471
         12.484477
         12.484482
         12.484488
         12.484493
         12.484498
         12.484504
         12.484509
         12.484514
         12.484519
         12.484524
         12.484529
         12.484534
         12.484539
         12.484544
         12.484548
         12.484553
         12.484557
         12.484561
         12.484565
         12.484569
         12.484573
         12.484576
         12.484580
         12.484583
         12.484586
         12.484589
         12.484592
         12.484595
         12.484598
         12.484600
         12.484603
         12.484605
         12.484607
         12.484609
         12.484611
         12.484613
         12.484615
         12.484617
         12.484619
         12.484621
         12.484622
         12.484624
         12.484626
         12.484628
         12.484629
         12.484631
         12.484633
         12.484634
         12.484636
         12.484638
         12.484640
         12.484641
         12.484643
         12.484645
         12.484646
         12.484648
         12.484650
         12.484651
         12.484652
         12.484654
         12.484655
         12.484655
         12.484656
         12.484657
         12.484657
         12.484657
