          0.442342
          0.442318
          0.442293
          0.442272
          0.442256
          0.442243
          0.442233
          0.442224
          0.442218
          0.442212
          0.442207
          0.442203
          0.442200
          0.442198
          0.442195
          0.442193
          0.442192
          0.442190
          0.442189
          0.442188
          0.442187
          0.442186
          0.442185
          0.442185
          0.442184
          0.442184
          0.442183
          0.442183
          0.442182
          0.442182
          0.442182
          0.442181
          0.442181
          0.442181
          0.442181
          0.442181
          0.442180
          0.442180
          0.442180
          0.442180
          0.442180
          0.442180
          0.442180
          0.442180
          0.442180
          0.442179
          0.442179
          0.442179
          0.442179
          0.442179
          0.442179
          0.442179
          0.442179
          0.442179
          0.442179
          0.442179
          0.442179
          0.442179
          0.442179
          0.442179
          0.442179
          0.442179
          0.442178
          0.442178
          0.442178
          0.442178
          0.442178
          0.442178
          0.442178
          0.442178
          0.442178
          0.442178
          0.442178
          0.442178
          0.442178
          0.442178
          0.442178
          0.442178
          0.442178
          0.442177
          0.442177
          0.442177
          0.442177
          0.442177
          0.442177
          0.442177
          0.442177
          0.442177
          0.442177
          0.442177
          0.442177
          0.442177
          0.442177
          0.442177
          0.442177
          0.442177
          0.442177
          0.442177
          0.442177
          0.442177
          0.442177
          0.442177
          0.442177
          0.442177
          0.442177
          0.442177
          0.442177
          0.442177
          0.442177
          0.442177
          0.442177
          0.442177
          0.442177
          0.442177
          0.442177
          0.442177
          0.442177
          0.442177
          0.442177
          0.442177
          0.442177
          0.442177
          0.442177
          0.442177
          0.442176
          0.442176
          0.442176
          0.442176
          0.442176
          0.442176
          0.442176
          0.442176
          0.442176
          0.442176
          0.442176
          0.442176
          0.442176
          0.442176
          0.442176
          0.442176
          0.442176
          0.442176
          0.442176
          0.442176
          0.442176
          0.442176
          0.442176
          0.442176
          0.442176
          0.442176
          0.442176
          0.442176
          0.442176
          0.442176
          0.442176
          0.442176
          0.442176
          0.442176
          0.442176
          0.442176
          0.442176
          0.442176
          0.442176
          0.442176
          0.442176
          0.442176
          0.442176
          0.442176
          0.442176
          0.442176
          0.442176
          0.442176
          0.442176
          0.442176
          0.442176
          0.442176
          0.442176
          0.442176
          0.442176
          0.442176
          0.442176
          0.442176
          0.442176
          0.442176
          0.442176
          0.442176
          0.442176
          0.442176
          0.442176
          0.442176
          0.442176
          0.442176
          0.442176
          0.442176
          0.442176
          0.442176
          0.442176
          0.442176
          0.442176
          0.442176
          0.442176
          0.442176
          0.442176
          0.442176
          0.442176
          0.442176
          0.442176
          0.442176
          0.442176
          0.442176
          0.442176
          0.442176
          0.442175
          0.442175
          0.442175
          0.442175
          0.442175
          0.442175
          0.442175
          0.442175
          0.442175
          0.442175
          0.442175
          0.442175
          0.442175
          0.442175
          0.442175
          0.442175
          0.442175
          0.442175
          0.442176
          0.442176
          0.442176
          0.442176
          0.442176
          0.442176
          0.442176
          0.442176
          0.442176
          0.442176
          0.442176
          0.442176
          0.442176
          0.442176
          0.442176
          0.442176
          0.442176
          0.442176
          0.442176
          0.442176
          0.442176
          0.442176
