          0.681226
          0.681141
          0.681127
          0.681152
          0.681194
          0.681242
          0.681290
          0.681337
          0.681380
          0.681420
          0.681457
          0.681490
          0.681520
          0.681548
          0.681572
          0.681594
          0.681615
          0.681633
          0.681649
          0.681664
          0.681677
          0.681689
          0.681700
          0.681710
          0.681719
          0.681727
          0.681734
          0.681741
          0.681747
          0.681753
          0.681758
          0.681762
          0.681766
          0.681770
          0.681773
          0.681776
          0.681779
          0.681782
          0.681784
          0.681787
          0.681789
          0.681791
          0.681792
          0.681794
          0.681795
          0.681797
          0.681798
          0.681799
          0.681800
          0.681801
          0.681802
          0.681803
          0.681804
          0.681805
          0.681806
          0.681806
          0.681807
          0.681808
          0.681808
          0.681809
          0.681809
          0.681809
          0.681810
          0.681810
          0.681810
          0.681811
          0.681811
          0.681811
          0.681812
          0.681812
          0.681812
          0.681812
          0.681813
          0.681813
          0.681813
          0.681813
          0.681814
          0.681814
          0.681814
          0.681814
          0.681815
          0.681815
          0.681815
          0.681815
          0.681816
          0.681816
          0.681816
          0.681817
          0.681817
          0.681817
          0.681817
          0.681818
          0.681818
          0.681818
          0.681818
          0.681818
          0.681819
          0.681819
          0.681819
          0.681819
          0.681819
          0.681820
          0.681820
          0.681820
          0.681820
          0.681820
          0.681820
          0.681820
          0.681820
          0.681821
          0.681821
          0.681821
          0.681821
          0.681821
          0.681821
          0.681821
          0.681821
          0.681821
          0.681821
          0.681821
          0.681821
          0.681822
          0.681822
          0.681822
          0.681822
          0.681822
          0.681822
          0.681822
          0.681822
          0.681823
          0.681823
          0.681823
          0.681823
          0.681823
          0.681823
          0.681823
          0.681824
          0.681824
          0.681824
          0.681824
          0.681824
          0.681824
          0.681824
          0.681825
          0.681825
          0.681825
          0.681825
          0.681825
          0.681825
          0.681825
          0.681825
          0.681825
          0.681825
          0.681825
          0.681825
          0.681825
          0.681825
          0.681825
          0.681825
          0.681825
          0.681825
          0.681825
          0.681825
          0.681825
          0.681825
          0.681825
          0.681825
          0.681825
          0.681825
          0.681825
          0.681825
          0.681825
          0.681825
          0.681825
          0.681825
          0.681826
          0.681826
          0.681826
          0.681826
          0.681826
          0.681826
          0.681826
          0.681827
          0.681827
          0.681827
          0.681827
          0.681827
          0.681827
          0.681827
          0.681828
          0.681828
          0.681828
          0.681828
          0.681828
          0.681828
          0.681828
          0.681828
          0.681828
          0.681828
          0.681828
          0.681828
          0.681828
          0.681828
          0.681828
          0.681827
          0.681827
          0.681827
          0.681827
          0.681827
          0.681827
          0.681826
          0.681826
          0.681826
          0.681826
          0.681826
          0.681826
          0.681826
          0.681826
          0.681826
          0.681826
          0.681826
          0.681826
          0.681826
          0.681826
          0.681826
          0.681826
          0.681827
          0.681827
          0.681827
          0.681827
          0.681828
          0.681828
          0.681828
          0.681828
          0.681829
          0.681829
          0.681829
          0.681829
          0.681830
          0.681830
          0.681830
          0.681830
          0.681830
          0.681830
          0.681830
          0.681830
          0.681830
          0.681830
          0.681829
          0.681829
          0.681829
          0.681829
