          1.000145
          1.000140
          1.000133
          1.000126
          1.000118
          1.000110
          1.000103
          1.000095
          1.000088
          1.000081
          1.000074
          1.000068
          1.000063
          1.000057
          1.000053
          1.000048
          1.000044
          1.000041
          1.000038
          1.000035
          1.000032
          1.000029
          1.000027
          1.000025
          1.000023
          1.000021
          1.000020
          1.000019
          1.000017
          1.000016
          1.000015
          1.000014
          1.000013
          1.000013
          1.000012
          1.000011
          1.000011
          1.000010
          1.000010
          1.000009
          1.000009
          1.000008
          1.000008
          1.000008
          1.000007
          1.000007
          1.000007
          1.000007
          1.000006
          1.000006
          1.000006
          1.000006
          1.000006
          1.000006
          1.000005
          1.000005
          1.000005
          1.000005
          1.000005
          1.000005
          1.000005
          1.000005
          1.000004
          1.000004
          1.000004
          1.000004
          1.000004
          1.000004
          1.000004
          1.000004
          1.000004
          1.000004
          1.000004
          1.000004
          1.000004
          1.000003
          1.000003
          1.000003
          1.000003
          1.000003
          1.000003
          1.000003
          1.000003
          1.000003
          1.000003
          1.000003
          1.000003
          1.000003
          1.000003
          1.000003
          1.000003
          1.000003
          1.000003
          1.000003
          1.000003
          1.000003
          1.000003
          1.000003
          1.000003
          1.000002
          1.000002
          1.000002
          1.000002
          1.000002
          1.000002
          1.000002
          1.000002
          1.000002
          1.000002
          1.000002
          1.000002
          1.000002
          1.000002
          1.000002
          1.000002
          1.000002
          1.000002
          1.000002
          1.000002
          1.000002
          1.000002
          1.000002
          1.000002
          1.000002
          1.000002
          1.000002
          1.000002
          1.000002
          1.000002
          1.000002
          1.000002
          1.000002
          1.000002
          1.000002
          1.000002
          1.000002
          1.000001
          1.000001
          1.000001
          1.000001
          1.000001
          1.000001
          1.000001
          1.000001
          1.000001
          1.000001
          1.000001
          1.000001
          1.000001
          1.000001
          1.000001
          1.000001
          1.000001
          1.000001
          1.000001
          1.000001
          1.000001
          1.000001
          1.000001
          1.000001
          1.000001
          1.000001
          1.000001
          1.000001
          1.000001
          1.000001
          1.000001
          1.000001
          1.000001
          1.000001
          1.000001
          1.000001
          1.000001
          1.000001
          1.000001
          1.000001
          1.000001
          1.000001
          1.000001
          1.000001
          1.000001
          1.000001
          1.000001
          1.000001
          1.000001
          1.000001
          1.000001
          1.000001
          1.000001
          1.000001
          1.000001
          1.000001
          1.000001
          1.000001
          1.000001
          1.000001
          1.000001
          1.000001
          1.000001
          1.000001
          1.000000
          1.000000
          1.000000
          1.000000
          1.000000
          1.000000
          1.000000
          1.000000
          1.000000
          1.000000
          1.000000
          1.000000
          1.000000
          1.000000
          1.000000
          1.000000
          1.000000
          1.000000
          1.000000
          1.000000
          1.000000
          1.000001
          1.000001
          1.000001
          1.000001
          1.000001
          1.000001
          1.000001
          1.000001
          1.000001
          1.000001
          1.000001
          1.000001
          1.000001
          1.000001
          1.000001
          1.000001
          1.000001
          1.000001
          1.000001
          1.000001
          1.000001
          1.000000
          1.000000
          1.000000
          1.000000
          1.000000
          1.000000
          1.000000
          1.000000
          1.000000
          1.000000
