          0.999439
          0.999484
          0.999530
          0.999574
          0.999617
          0.999657
          0.999695
          0.999730
          0.999763
          0.999793
          0.999820
          0.999845
          0.999868
          0.999889
          0.999907
          0.999924
          0.999939
          0.999953
          0.999965
          0.999976
          0.999985
          0.999994
          1.000002
          1.000008
          1.000015
          1.000020
          1.000025
          1.000029
          1.000032
          1.000035
          1.000038
          1.000041
          1.000043
          1.000044
          1.000046
          1.000047
          1.000048
          1.000049
          1.000050
          1.000050
          1.000051
          1.000051
          1.000051
          1.000051
          1.000051
          1.000051
          1.000051
          1.000051
          1.000050
          1.000050
          1.000050
          1.000049
          1.000049
          1.000049
          1.000048
          1.000048
          1.000047
          1.000047
          1.000046
          1.000046
          1.000045
          1.000044
          1.000044
          1.000043
          1.000043
          1.000042
          1.000041
          1.000041
          1.000040
          1.000040
          1.000039
          1.000038
          1.000038
          1.000037
          1.000037
          1.000036
          1.000036
          1.000035
          1.000035
          1.000034
          1.000034
          1.000033
          1.000033
          1.000032
          1.000032
          1.000031
          1.000031
          1.000030
          1.000030
          1.000029
          1.000029
          1.000028
          1.000028
          1.000028
          1.000027
          1.000027
          1.000026
          1.000026
          1.000026
          1.000025
          1.000025
          1.000025
          1.000024
          1.000024
          1.000023
          1.000023
          1.000023
          1.000022
          1.000022
          1.000022
          1.000021
          1.000021
          1.000021
          1.000020
          1.000020
          1.000020
          1.000019
          1.000019
          1.000019
          1.000019
          1.000018
          1.000018
          1.000018
          1.000017
          1.000017
          1.000017
          1.000017
          1.000016
          1.000016
          1.000016
          1.000016
          1.000015
          1.000015
          1.000015
          1.000015
          1.000015
          1.000014
          1.000014
          1.000014
          1.000014
          1.000014
          1.000013
          1.000013
          1.000013
          1.000013
          1.000013
          1.000013
          1.000012
          1.000012
          1.000012
          1.000012
          1.000012
          1.000011
          1.000011
          1.000011
          1.000011
          1.000011
          1.000010
          1.000010
          1.000010
          1.000010
          1.000010
          1.000010
          1.000009
          1.000009
          1.000009
          1.000009
          1.000009
          1.000009
          1.000008
          1.000008
          1.000008
          1.000008
          1.000008
          1.000008
          1.000008
          1.000008
          1.000007
          1.000007
          1.000007
          1.000007
          1.000007
          1.000007
          1.000007
          1.000007
          1.000007
          1.000007
          1.000007
          1.000007
          1.000007
          1.000007
          1.000007
          1.000006
          1.000006
          1.000006
          1.000006
          1.000006
          1.000006
          1.000006
          1.000006
          1.000006
          1.000005
          1.000005
          1.000005
          1.000005
          1.000005
          1.000005
          1.000004
          1.000004
          1.000004
          1.000004
          1.000004
          1.000004
          1.000003
          1.000003
          1.000003
          1.000003
          1.000003
          1.000003
          1.000003
          1.000002
          1.000002
          1.000002
          1.000002
          1.000002
          1.000002
          1.000002
          1.000002
          1.000002
          1.000002
          1.000002
          1.000002
          1.000002
          1.000002
          1.000002
          1.000002
          1.000002
          1.000002
          1.000002
          1.000002
          1.000002
          1.000002
          1.000002
          1.000002
          1.000002
          1.000001
          1.000001
          1.000001
          1.000001
          1.000001
          1.000000
          1.000000
