          0.041197
          0.042264
          0.042260
          0.042248
          0.042233
          0.042215
          0.042196
          0.042176
          0.042156
          0.042137
          0.042119
          0.042101
          0.042085
          0.042069
          0.042055
          0.042042
          0.042030
          0.042019
          0.042009
          0.041999
          0.041991
          0.041983
          0.041977
          0.041970
          0.041965
          0.041959
          0.041955
          0.041951
          0.041947
          0.041943
          0.041940
          0.041937
          0.041935
          0.041933
          0.041931
          0.041929
          0.041927
          0.041925
          0.041924
          0.041923
          0.041922
          0.041921
          0.041920
          0.041919
          0.041918
          0.041917
          0.041917
          0.041916
          0.041916
          0.041915
          0.041915
          0.041914
          0.041914
          0.041914
          0.041913
          0.041913
          0.041913
          0.041912
          0.041912
          0.041912
          0.041912
          0.041911
          0.041911
          0.041911
          0.041911
          0.041911
          0.041910
          0.041910
          0.041910
          0.041910
          0.041910
          0.041910
          0.041910
          0.041910
          0.041910
          0.041909
          0.041909
          0.041909
          0.041909
          0.041909
          0.041909
          0.041909
          0.041909
          0.041909
          0.041909
          0.041909
          0.041909
          0.041909
          0.041909
          0.041909
          0.041909
          0.041909
          0.041909
          0.041909
          0.041909
          0.041909
          0.041908
          0.041908
          0.041908
          0.041908
          0.041908
          0.041908
          0.041908
          0.041908
          0.041908
          0.041908
          0.041908
          0.041908
          0.041908
          0.041908
          0.041908
          0.041908
          0.041908
          0.041908
          0.041908
          0.041908
          0.041907
          0.041907
          0.041907
          0.041907
          0.041907
          0.041907
          0.041907
          0.041907
          0.041907
          0.041907
          0.041907
          0.041907
          0.041907
          0.041907
          0.041907
          0.041907
          0.041907
          0.041907
          0.041907
          0.041907
          0.041907
          0.041907
          0.041907
          0.041907
          0.041907
          0.041907
          0.041907
          0.041907
          0.041907
          0.041907
          0.041907
          0.041907
          0.041907
          0.041907
          0.041907
          0.041907
          0.041907
          0.041907
          0.041906
          0.041906
          0.041906
          0.041906
          0.041906
          0.041906
          0.041906
          0.041906
          0.041906
          0.041906
          0.041906
          0.041906
          0.041906
          0.041906
          0.041906
          0.041906
          0.041906
          0.041906
          0.041906
          0.041906
          0.041906
          0.041906
          0.041906
          0.041906
          0.041906
          0.041906
          0.041906
          0.041906
          0.041906
          0.041906
          0.041906
          0.041906
          0.041906
          0.041906
          0.041906
          0.041906
          0.041906
          0.041906
          0.041906
          0.041906
          0.041906
          0.041906
          0.041906
          0.041906
          0.041906
          0.041906
          0.041906
          0.041906
          0.041906
          0.041906
          0.041906
          0.041906
          0.041905
          0.041905
          0.041905
          0.041905
          0.041905
          0.041905
          0.041905
          0.041905
          0.041905
          0.041905
          0.041905
          0.041905
          0.041905
          0.041906
          0.041906
          0.041906
          0.041906
          0.041906
          0.041906
          0.041906
          0.041906
          0.041906
          0.041906
          0.041906
          0.041906
          0.041906
          0.041906
          0.041906
          0.041906
          0.041906
          0.041906
          0.041906
          0.041906
          0.041906
          0.041906
          0.041906
          0.041906
          0.041906
          0.041906
          0.041906
          0.041906
          0.041906
          0.041905
          0.041905
          0.041905
          0.041905
