          0.220124
          0.220151
          0.220104
          0.220029
          0.219946
          0.219865
          0.219791
          0.219724
          0.219664
          0.219611
          0.219565
          0.219523
          0.219487
          0.219454
          0.219426
          0.219400
          0.219377
          0.219357
          0.219339
          0.219322
          0.219308
          0.219295
          0.219283
          0.219273
          0.219263
          0.219255
          0.219247
          0.219241
          0.219235
          0.219229
          0.219224
          0.219220
          0.219216
          0.219212
          0.219209
          0.219206
          0.219204
          0.219201
          0.219199
          0.219197
          0.219196
          0.219194
          0.219193
          0.219191
          0.219190
          0.219189
          0.219188
          0.219188
          0.219187
          0.219186
          0.219186
          0.219185
          0.219185
          0.219184
          0.219184
          0.219184
          0.219183
          0.219183
          0.219183
          0.219183
          0.219183
          0.219182
          0.219182
          0.219182
          0.219182
          0.219182
          0.219182
          0.219182
          0.219182
          0.219182
          0.219182
          0.219182
          0.219182
          0.219182
          0.219182
          0.219182
          0.219182
          0.219182
          0.219182
          0.219182
          0.219182
          0.219182
          0.219182
          0.219182
          0.219182
          0.219182
          0.219182
          0.219182
          0.219182
          0.219182
          0.219182
          0.219182
          0.219182
          0.219182
          0.219182
          0.219182
          0.219182
          0.219182
          0.219182
          0.219182
          0.219182
          0.219182
          0.219182
          0.219182
          0.219182
          0.219182
          0.219182
          0.219182
          0.219182
          0.219182
          0.219182
          0.219182
          0.219182
          0.219182
          0.219182
          0.219182
          0.219182
          0.219182
          0.219182
          0.219182
          0.219182
          0.219182
          0.219182
          0.219182
          0.219182
          0.219182
          0.219182
          0.219182
          0.219182
          0.219182
          0.219182
          0.219182
          0.219182
          0.219182
          0.219182
          0.219182
          0.219182
          0.219182
          0.219182
          0.219182
          0.219182
          0.219182
          0.219182
          0.219182
          0.219182
          0.219182
          0.219182
          0.219182
          0.219182
          0.219182
          0.219182
          0.219182
          0.219182
          0.219182
          0.219182
          0.219182
          0.219182
          0.219182
          0.219182
          0.219182
          0.219183
          0.219183
          0.219183
          0.219183
          0.219183
          0.219183
          0.219183
          0.219183
          0.219183
          0.219183
          0.219183
          0.219183
          0.219183
          0.219183
          0.219182
          0.219182
          0.219182
          0.219182
          0.219182
          0.219182
          0.219182
          0.219182
          0.219182
          0.219182
          0.219182
          0.219182
          0.219182
          0.219182
          0.219182
          0.219182
          0.219182
          0.219182
          0.219182
          0.219182
          0.219182
          0.219182
          0.219183
          0.219183
          0.219183
          0.219183
          0.219183
          0.219183
          0.219183
          0.219183
          0.219183
          0.219183
          0.219183
          0.219183
          0.219183
          0.219183
          0.219183
          0.219183
          0.219183
          0.219183
          0.219183
          0.219183
          0.219183
          0.219183
          0.219183
          0.219183
          0.219183
          0.219183
          0.219183
          0.219183
          0.219183
          0.219183
          0.219183
          0.219183
          0.219183
          0.219182
          0.219182
          0.219182
          0.219182
          0.219182
          0.219182
          0.219182
          0.219182
          0.219182
          0.219182
          0.219182
          0.219182
          0.219182
          0.219182
          0.219182
          0.219183
          0.219183
          0.219183
          0.219183
          0.219183
          0.219183
          0.219183
          0.219183
