          0.008665
          0.008665
          0.008665
          0.008664
          0.008663
          0.008661
          0.008660
          0.008659
          0.008658
          0.008657
          0.008655
          0.008654
          0.008653
          0.008652
          0.008652
          0.008651
          0.008650
          0.008649
          0.008649
          0.008648
          0.008648
          0.008647
          0.008647
          0.008646
          0.008646
          0.008646
          0.008645
          0.008645
          0.008645
          0.008644
          0.008644
          0.008644
          0.008644
          0.008644
          0.008643
          0.008643
          0.008643
          0.008643
          0.008643
          0.008643
          0.008643
          0.008642
          0.008642
          0.008642
          0.008642
          0.008642
          0.008642
          0.008642
          0.008642
          0.008642
          0.008642
          0.008642
          0.008641
          0.008641
          0.008641
          0.008641
          0.008641
          0.008641
          0.008641
          0.008641
          0.008641
          0.008641
          0.008641
          0.008641
          0.008641
          0.008641
          0.008641
          0.008641
          0.008640
          0.008640
          0.008640
          0.008640
          0.008640
          0.008640
          0.008640
          0.008640
          0.008640
          0.008640
          0.008640
          0.008640
          0.008640
          0.008640
          0.008640
          0.008640
          0.008640
          0.008640
          0.008640
          0.008640
          0.008640
          0.008640
          0.008640
          0.008640
          0.008640
          0.008640
          0.008640
          0.008639
          0.008639
          0.008639
          0.008639
          0.008639
          0.008639
          0.008639
          0.008639
          0.008639
          0.008639
          0.008639
          0.008639
          0.008639
          0.008639
          0.008639
          0.008639
          0.008639
          0.008639
          0.008639
          0.008639
          0.008639
          0.008639
          0.008639
          0.008639
          0.008639
          0.008639
          0.008639
          0.008639
          0.008639
          0.008639
          0.008639
          0.008639
          0.008639
          0.008639
          0.008639
          0.008639
          0.008639
          0.008639
          0.008639
          0.008639
          0.008639
          0.008639
          0.008639
          0.008639
          0.008639
          0.008638
          0.008638
          0.008638
          0.008638
          0.008638
          0.008638
          0.008638
          0.008638
          0.008638
          0.008638
          0.008638
          0.008638
          0.008638
          0.008638
          0.008638
          0.008638
          0.008638
          0.008638
          0.008638
          0.008638
          0.008638
          0.008638
          0.008638
          0.008638
          0.008638
          0.008638
          0.008638
          0.008638
          0.008638
          0.008638
          0.008638
          0.008638
          0.008638
          0.008638
          0.008638
          0.008638
          0.008638
          0.008638
          0.008638
          0.008638
          0.008638
          0.008638
          0.008638
          0.008638
          0.008638
          0.008638
          0.008638
          0.008638
          0.008638
          0.008638
          0.008638
          0.008638
          0.008638
          0.008638
          0.008638
          0.008638
          0.008638
          0.008638
          0.008638
          0.008638
          0.008638
          0.008638
          0.008638
          0.008638
          0.008638
          0.008638
          0.008638
          0.008638
          0.008638
          0.008638
          0.008638
          0.008638
          0.008638
          0.008638
          0.008638
          0.008638
          0.008638
          0.008638
          0.008638
          0.008638
          0.008638
          0.008638
          0.008638
          0.008638
          0.008638
          0.008638
          0.008638
          0.008638
          0.008638
          0.008638
          0.008638
          0.008638
          0.008638
          0.008638
          0.008638
          0.008638
          0.008638
          0.008638
          0.008638
          0.008638
          0.008638
          0.008638
          0.008638
          0.008638
          0.008638
          0.008638
          0.008638
          0.008638
          0.008638
          0.008638
          0.008638
          0.008638
          1.000145
          1.000140
          1.000133
          1.000126
          1.000118
          1.000110
          1.000103
          1.000095
          1.000088
          1.000081
          1.000074
          1.000068
          1.000063
          1.000057
          1.000053
          1.000048
          1.000044
          1.000041
          1.000038
          1.000035
          1.000032
          1.000029
          1.000027
          1.000025
          1.000023
          1.000021
          1.000020
          1.000019
          1.000017
          1.000016
          1.000015
          1.000014
          1.000013
          1.000013
          1.000012
          1.000011
          1.000011
          1.000010
          1.000010
          1.000009
          1.000009
          1.000008
          1.000008
          1.000008
          1.000007
          1.000007
          1.000007
          1.000007
          1.000006
          1.000006
          1.000006
          1.000006
          1.000006
          1.000006
          1.000005
          1.000005
          1.000005
          1.000005
          1.000005
          1.000005
          1.000005
          1.000005
          1.000004
          1.000004
          1.000004
          1.000004
          1.000004
          1.000004
          1.000004
          1.000004
          1.000004
          1.000004
          1.000004
          1.000004
          1.000004
          1.000003
          1.000003
          1.000003
          1.000003
          1.000003
          1.000003
          1.000003
          1.000003
          1.000003
          1.000003
          1.000003
          1.000003
          1.000003
          1.000003
          1.000003
          1.000003
          1.000003
          1.000003
          1.000003
          1.000003
          1.000003
          1.000003
          1.000003
          1.000003
          1.000002
          1.000002
          1.000002
          1.000002
          1.000002
          1.000002
          1.000002
          1.000002
          1.000002
          1.000002
          1.000002
          1.000002
          1.000002
          1.000002
          1.000002
          1.000002
          1.000002
          1.000002
          1.000002
          1.000002
          1.000002
          1.000002
          1.000002
          1.000002
          1.000002
          1.000002
          1.000002
          1.000002
          1.000002
          1.000002
          1.000002
          1.000002
          1.000002
          1.000002
          1.000002
          1.000002
          1.000002
          1.000001
          1.000001
          1.000001
          1.000001
          1.000001
          1.000001
          1.000001
          1.000001
          1.000001
          1.000001
          1.000001
          1.000001
          1.000001
          1.000001
          1.000001
          1.000001
          1.000001
          1.000001
          1.000001
          1.000001
          1.000001
          1.000001
          1.000001
          1.000001
          1.000001
          1.000001
          1.000001
          1.000001
          1.000001
          1.000001
          1.000001
          1.000001
          1.000001
          1.000001
          1.000001
          1.000001
          1.000001
          1.000001
          1.000001
          1.000001
          1.000001
          1.000001
          1.000001
          1.000001
          1.000001
          1.000001
          1.000001
          1.000001
          1.000001
          1.000001
          1.000001
          1.000001
          1.000001
          1.000001
          1.000001
          1.000001
          1.000001
          1.000001
          1.000001
          1.000001
          1.000001
          1.000001
          1.000001
          1.000001
          1.000000
          1.000000
          1.000000
          1.000000
          1.000000
          1.000000
          1.000000
          1.000000
          1.000000
          1.000000
          1.000000
          1.000000
          1.000000
          1.000000
          1.000000
          1.000000
          1.000000
          1.000000
          1.000000
          1.000000
          1.000000
          1.000001
          1.000001
          1.000001
          1.000001
          1.000001
          1.000001
          1.000001
          1.000001
          1.000001
          1.000001
          1.000001
          1.000001
          1.000001
          1.000001
          1.000001
          1.000001
          1.000001
          1.000001
          1.000001
          1.000001
          1.000001
          1.000000
          1.000000
          1.000000
          1.000000
          1.000000
          1.000000
          1.000000
          1.000000
          1.000000
          1.000000
          1.512552
          1.512435
          1.512169
          1.511876
          1.511595
          1.511343
          1.511123
          1.510934
          1.510771
          1.510632
          1.510512
          1.510409
          1.510320
          1.510243
          1.510176
          1.510117
          1.510066
          1.510021
          1.509982
          1.509947
          1.509916
          1.509889
          1.509865
          1.509843
          1.509825
          1.509808
          1.509793
          1.509781
          1.509769
          1.509759
          1.509750
          1.509742
          1.509736
          1.509730
          1.509725
          1.509720
          1.509717
          1.509714
          1.509711
          1.509709
          1.509707
          1.509706
          1.509705
          1.509704
          1.509703
          1.509703
          1.509703
          1.509703
          1.509703
          1.509704
          1.509704
          1.509705
          1.509706
          1.509706
          1.509707
          1.509708
          1.509709
          1.509710
          1.509711
          1.509711
          1.509712
          1.509713
          1.509714
          1.509715
          1.509716
          1.509717
          1.509717
          1.509718
          1.509719
          1.509720
          1.509721
          1.509722
          1.509722
          1.509723
          1.509724
          1.509725
          1.509726
          1.509727
          1.509728
          1.509729
          1.509730
          1.509731
          1.509732
          1.509733
          1.509734
          1.509735
          1.509736
          1.509737
          1.509738
          1.509739
          1.509740
          1.509741
          1.509742
          1.509743
          1.509744
          1.509745
          1.509745
          1.509746
          1.509747
          1.509748
          1.509749
          1.509749
          1.509750
          1.509751
          1.509752
          1.509752
          1.509753
          1.509753
          1.509754
          1.509755
          1.509755
          1.509756
          1.509756
          1.509757
          1.509757
          1.509758
          1.509758
          1.509758
          1.509759
          1.509759
          1.509760
          1.509760
          1.509761
          1.509761
          1.509762
          1.509762
          1.509763
          1.509763
          1.509764
          1.509764
          1.509765
          1.509766
          1.509766
          1.509767
          1.509767
          1.509768
          1.509768
          1.509769
          1.509770
          1.509770
          1.509771
          1.509771
          1.509772
          1.509772
          1.509773
          1.509773
          1.509774
          1.509774
          1.509774
          1.509775
          1.509775
          1.509775
          1.509775
          1.509776
          1.509776
          1.509776
          1.509776
          1.509776
          1.509777
          1.509777
          1.509777
          1.509777
          1.509777
          1.509777
          1.509777
          1.509777
          1.509777
          1.509777
          1.509777
          1.509778
          1.509778
          1.509778
          1.509778
          1.509778
          1.509779
          1.509779
          1.509779
          1.509780
          1.509780
          1.509781
          1.509781
          1.509782
          1.509782
          1.509782
          1.509783
          1.509784
          1.509784
          1.509785
          1.509785
          1.509785
          1.509786
          1.509786
          1.509787
          1.509787
          1.509787
          1.509788
          1.509788
          1.509788
          1.509788
          1.509788
          1.509788
          1.509788
          1.509788
          1.509788
          1.509788
          1.509788
          1.509787
          1.509787
          1.509787
          1.509786
          1.509786
          1.509786
          1.509785
          1.509785
          1.509785
          1.509785
          1.509784
          1.509784
          1.509784
          1.509784
          1.509784
          1.509784
          1.509784
          1.509784
          1.509784
          1.509785
          1.509785
          1.509786
          1.509786
          1.509787
          1.509787
          1.509788
          1.509789
          1.509789
          1.509790
          1.509791
          1.509792
          1.509792
          1.509793
          1.509794
          1.509794
          1.509795
          1.509795
          1.509796
          1.509796
          1.509796
          1.509796
          1.509796
          1.509796
          1.509796
          1.509795
          1.509795
          0.681226
          0.681141
          0.681127
          0.681152
          0.681194
          0.681242
          0.681290
          0.681337
          0.681380
          0.681420
          0.681457
          0.681490
          0.681520
          0.681548
          0.681572
          0.681595
          0.681615
          0.681633
          0.681649
          0.681664
          0.681677
          0.681689
          0.681700
          0.681710
          0.681719
          0.681727
          0.681734
          0.681741
          0.681747
          0.681753
          0.681758
          0.681762
          0.681766
          0.681770
          0.681773
          0.681776
          0.681779
          0.681782
          0.681784
          0.681787
          0.681789
          0.681790
          0.681792
          0.681794
          0.681795
          0.681797
          0.681798
          0.681799
          0.681800
          0.681802
          0.681802
          0.681803
          0.681804
          0.681805
          0.681806
          0.681806
          0.681807
          0.681808
          0.681808
          0.681809
          0.681809
          0.681809
          0.681810
          0.681810
          0.681810
          0.681811
          0.681811
          0.681811
          0.681812
          0.681812
          0.681812
          0.681812
          0.681813
          0.681813
          0.681813
          0.681813
          0.681814
          0.681814
          0.681814
          0.681814
          0.681815
          0.681815
          0.681815
          0.681815
          0.681816
          0.681816
          0.681816
          0.681817
          0.681817
          0.681817
          0.681817
          0.681818
          0.681818
          0.681818
          0.681818
          0.681819
          0.681819
          0.681819
          0.681819
          0.681819
          0.681819
          0.681820
          0.681820
          0.681820
          0.681820
          0.681820
          0.681820
          0.681820
          0.681820
          0.681821
          0.681821
          0.681821
          0.681821
          0.681821
          0.681821
          0.681821
          0.681821
          0.681821
          0.681821
          0.681821
          0.681821
          0.681822
          0.681822
          0.681822
          0.681822
          0.681822
          0.681822
          0.681822
          0.681822
          0.681823
          0.681823
          0.681823
          0.681823
          0.681823
          0.681823
          0.681823
          0.681824
          0.681824
          0.681824
          0.681824
          0.681824
          0.681824
          0.681824
          0.681825
          0.681825
          0.681825
          0.681825
          0.681825
          0.681825
          0.681825
          0.681825
          0.681825
          0.681825
          0.681825
          0.681825
          0.681825
          0.681825
          0.681825
          0.681825
          0.681825
          0.681825
          0.681825
          0.681825
          0.681825
          0.681825
          0.681825
          0.681825
          0.681825
          0.681825
          0.681825
          0.681825
          0.681825
          0.681825
          0.681825
          0.681825
          0.681826
          0.681826
          0.681826
          0.681826
          0.681826
          0.681826
          0.681826
          0.681827
          0.681827
          0.681827
          0.681827
          0.681827
          0.681827
          0.681827
          0.681828
          0.681828
          0.681828
          0.681828
          0.681828
          0.681828
          0.681828
          0.681828
          0.681828
          0.681828
          0.681828
          0.681828
          0.681828
          0.681828
          0.681828
          0.681827
          0.681827
          0.681827
          0.681827
          0.681827
          0.681827
          0.681826
          0.681826
          0.681826
          0.681826
          0.681826
          0.681826
          0.681826
          0.681826
          0.681826
          0.681826
          0.681826
          0.681826
          0.681826
          0.681826
          0.681826
          0.681826
          0.681827
          0.681827
          0.681827
          0.681827
          0.681828
          0.681828
          0.681828
          0.681828
          0.681829
          0.681829
          0.681829
          0.681829
          0.681830
          0.681830
          0.681830
          0.681830
          0.681830
          0.681830
          0.681830
          0.681830
          0.681830
          0.681830
          0.681829
          0.681829
          0.681829
          0.681829
         -0.006315
         -0.001447
         -0.001335
         -0.001205
         -0.001077
         -0.000959
         -0.000853
         -0.000759
         -0.000677
         -0.000604
         -0.000541
         -0.000485
         -0.000436
         -0.000392
         -0.000353
         -0.000319
         -0.000288
         -0.000261
         -0.000236
         -0.000214
         -0.000195
         -0.000177
         -0.000161
         -0.000147
         -0.000134
         -0.000123
         -0.000112
         -0.000103
         -0.000095
         -0.000087
         -0.000080
         -0.000074
         -0.000068
         -0.000063
         -0.000059
         -0.000054
         -0.000051
         -0.000047
         -0.000044
         -0.000042
         -0.000039
         -0.000037
         -0.000035
         -0.000033
         -0.000031
         -0.000030
         -0.000029
         -0.000027
         -0.000026
         -0.000025
         -0.000024
         -0.000023
         -0.000023
         -0.000022
         -0.000021
         -0.000020
         -0.000020
         -0.000019
         -0.000019
         -0.000018
         -0.000018
         -0.000017
         -0.000016
         -0.000016
         -0.000015
         -0.000015
         -0.000015
         -0.000014
         -0.000014
         -0.000013
         -0.000013
         -0.000013
         -0.000012
         -0.000012
         -0.000012
         -0.000011
         -0.000011
         -0.000011
         -0.000011
         -0.000010
         -0.000010
         -0.000010
         -0.000010
         -0.000010
         -0.000010
         -0.000010
         -0.000010
         -0.000010
         -0.000010
         -0.000010
         -0.000009
         -0.000009
         -0.000009
         -0.000009
         -0.000009
         -0.000009
         -0.000009
         -0.000009
         -0.000009
         -0.000009
         -0.000009
         -0.000009
         -0.000008
         -0.000008
         -0.000008
         -0.000008
         -0.000008
         -0.000008
         -0.000008
         -0.000007
         -0.000007
         -0.000007
         -0.000007
         -0.000007
         -0.000007
         -0.000006
         -0.000006
         -0.000006
         -0.000006
         -0.000006
         -0.000006
         -0.000006
         -0.000005
         -0.000005
         -0.000005
         -0.000005
         -0.000005
         -0.000005
         -0.000005
         -0.000005
         -0.000005
         -0.000005
         -0.000005
         -0.000005
         -0.000005
         -0.000005
         -0.000005
         -0.000005
         -0.000005
         -0.000005
         -0.000005
         -0.000005
         -0.000005
         -0.000005
         -0.000005
         -0.000005
         -0.000005
         -0.000005
         -0.000005
         -0.000005
         -0.000005
         -0.000004
         -0.000004
         -0.000004
         -0.000004
         -0.000004
         -0.000004
         -0.000004
         -0.000004
         -0.000003
         -0.000003
         -0.000003
         -0.000003
         -0.000003
         -0.000003
         -0.000003
         -0.000002
         -0.000002
         -0.000002
         -0.000002
         -0.000002
         -0.000002
         -0.000002
         -0.000002
         -0.000002
         -0.000002
         -0.000002
         -0.000002
         -0.000002
         -0.000002
         -0.000002
         -0.000002
         -0.000002
         -0.000003
         -0.000003
         -0.000003
         -0.000003
         -0.000003
         -0.000003
         -0.000003
         -0.000003
         -0.000003
         -0.000003
         -0.000004
         -0.000004
         -0.000004
         -0.000004
         -0.000004
         -0.000003
         -0.000003
         -0.000003
         -0.000003
         -0.000003
         -0.000003
         -0.000003
         -0.000003
         -0.000002
         -0.000002
         -0.000002
         -0.000002
         -0.000001
         -0.000001
         -0.000001
         -0.000001
         -0.000001
         -0.000000
         -0.000000
         -0.000000
          0.000000
          0.000000
          0.000000
          0.000000
          0.000000
          0.000000
          0.000000
         -0.000000
         -0.000000
         -0.000000
         -0.000001
         -0.000001
         -0.000001
         -0.000002
         -0.000002
         -0.000002
         -0.000003
         -0.000003
         -0.000003
         -0.000004
         -0.000004
         -0.000004
         -0.000005
         -0.000005
         -0.000005
         -0.000005
         -0.000005
         -0.000005
         -0.000005
         -0.000005
         -0.000005
         -0.000005
         -0.000005
         -0.000005
