  8.665242456032209E-003  8.665343399712115E-003  8.664622108636099E-003
  8.663673873399235E-003  8.662574950115007E-003  8.661386970363822E-003
  8.660159285690224E-003  8.658928355599609E-003  8.657721223941693E-003
  8.656555955581055E-003  8.655443870263436E-003  8.654392576956429E-003
  8.653406204605498E-003  8.652485008663811E-003  8.651628433369328E-003
  8.650834517961760E-003  8.650100350142340E-003  8.649422521022982E-003
  8.648797539945166E-003  8.648221685229976E-003  8.647691402421311E-003
  8.647203030681736E-003  8.646753236660722E-003  8.646338909008634E-003
  8.645957052735328E-003  8.645604879210180E-003  8.645279712101505E-003
  8.644979159734395E-003  8.644701031436547E-003  8.644443298908309E-003
  8.644204171296273E-003  8.643982016486836E-003  8.643775189017435E-003
  8.643582487846224E-003  8.643402561703869E-003  8.643234388336812E-003
  8.643076796345850E-003  8.642928929042615E-003  8.642789928221132E-003
  8.642658918499753E-003  8.642535428177086E-003  8.642418605385251E-003
  8.642307921106519E-003  8.642202810561465E-003  8.642102833261304E-003
  8.642007491979502E-003  8.641916317770851E-003  8.641828991932622E-003
  8.641745178428551E-003  8.641664491983893E-003  8.641586658473916E-003
  8.641511442624001E-003  8.641438567454581E-003  8.641367869413677E-003
  8.641299142404751E-003  8.641232181802988E-003  8.641166773034737E-003
  8.641102998077759E-003  8.641040623038897E-003  8.640979581313154E-003
  8.640919783379162E-003  8.640861247872896E-003  8.640803905859747E-003
  8.640747646496277E-003  8.640692532790824E-003  8.640638504229789E-003
  8.640585599423951E-003  8.640533783380649E-003  8.640483115805331E-003
  8.640433541967238E-003  8.640385049923814E-003  8.640337608903041E-003
  8.640291388907569E-003  8.640246176569154E-003  8.640202116238144E-003
  8.640159060784422E-003  8.640117105351302E-003  8.640076176788419E-003
  8.640036255369970E-003  8.639997322051075E-003  8.639959332775787E-003
  8.639922204682023E-003  8.639885974436413E-003  8.639850552484653E-003
  8.639815879459518E-003  8.639781898566809E-003  8.639748625769163E-003
  8.639715926965745E-003  8.639683774710733E-003  8.639652118505490E-003
  8.639621010702423E-003  8.639590305280071E-003  8.639560009889920E-003
  8.639530101402667E-003  8.639500479430436E-003  8.639471221677911E-003
  8.639442235080074E-003  8.639413493779747E-003  8.639385042507781E-003
  8.639356786125336E-003  8.639328790804838E-003  8.639301055065064E-003
  8.639273576456132E-003  8.639246309551703E-003  8.639219283216364E-003
  8.639192582917477E-003  8.639166073638519E-003  8.639139917888313E-003
  8.639114023440380E-003  8.639088465603684E-003  8.639063201095172E-003
  8.639038342597660E-003  8.639013845123623E-003  8.638989753707364E-003
  8.638965970228325E-003  8.638942654149814E-003  8.638919716243582E-003
  8.638897272331128E-003  8.638875240424048E-003  8.638853680932994E-003
  8.638832523633582E-003  8.638811870799045E-003  8.638791666527411E-003
  8.638771954382115E-003  8.638752619813166E-003  8.638733747526784E-003
  8.638715364294502E-003  8.638697375871937E-003  8.638679766167452E-003
  8.638662636452698E-003  8.638645833812604E-003  8.638629347007470E-003
  8.638613257009894E-003  8.638597452504801E-003  8.638581968246203E-003
  8.638566731118479E-003  8.638551705664977E-003  8.638536928134422E-003
  8.638522307161762E-003  8.638507817642350E-003  8.638493490884993E-003
  8.638479301437180E-003  8.638465160442310E-003  8.638451106430828E-003
  8.638437115054014E-003  8.638423124290877E-003  8.638409160582304E-003
  8.638395268719746E-003  8.638381405555709E-003  8.638367483524633E-003
  8.638353608849307E-003  8.638339770904918E-003  8.638325928375575E-003
  8.638312141089399E-003  8.638298430580928E-003  8.638284836021796E-003
  8.638271256313718E-003  8.638257835541403E-003  8.638244540367853E-003
  8.638231401408887E-003  8.638218503814772E-003  8.638205813716906E-003
  8.638193362557871E-003  8.638181195672379E-003  8.638169349885219E-003
  8.638157871252826E-003  8.638146675924323E-003  8.638135901279629E-003
  8.638125526279383E-003  8.638115516443700E-003  8.638105873897401E-003
  8.638096779457894E-003  8.638088103465448E-003  8.638079772001111E-003
  8.638071897343840E-003  8.638064409651544E-003  8.638057355000332E-003
  8.638050626200501E-003  8.638044184150009E-003  8.638038105403046E-003
  8.638032282608860E-003  8.638026711086370E-003  8.638021327695086E-003
  8.638016165256987E-003  8.638011028171718E-003  8.638005992087567E-003
  8.638000992226500E-003  8.637996007695936E-003  8.637990861502371E-003
  8.637985701803876E-003  8.637980360155268E-003  8.637974872344266E-003
  8.637969103237201E-003  8.637963159043166E-003  8.637956964487551E-003
  8.637950501132016E-003  8.637943796706203E-003  8.637936807617517E-003
  8.637929460505621E-003  8.637921908311058E-003  8.637914159709121E-003
  8.637906096049629E-003  8.637897917338830E-003  8.637889617869076E-003
  8.637881229676516E-003  8.637872731759868E-003  8.637864271566084E-003
  8.637855788430406E-003  8.637847556765650E-003  8.637839413711629E-003
  8.637831565036251E-003  8.637824050974614E-003  8.637816866436738E-003
  8.637810177854558E-003  8.637803959072857E-003  8.637798283868891E-003
  8.637793304683759E-003  8.637788889074122E-003  8.637785214395462E-003
  8.637782240123057E-003  8.637779982476218E-003  8.637778431210707E-003
  8.637777811592326E-003  8.637777718285295E-003  8.637778458609507E-003
  8.637779883926403E-003  8.637781939454685E-003  8.637784533474227E-003
  8.637787809665096E-003  8.637791437715481E-003  8.637795484637710E-003
  8.637799960226643E-003  8.637804547565582E-003  8.637809356079298E-003
  8.637814255142418E-003  8.637819180792167E-003  8.637823964902543E-003
  8.637828490975184E-003  8.637832841328096E-003  8.637836776958023E-003
  8.637840303113153E-003  8.637843464665831E-003  8.637846120766039E-003
  8.637848210565697E-003  8.637849821129027E-003  8.637850942522975E-003
  8.637851601409358E-003  8.637851819654558E-003  8.637851690054439E-003
  8.637851456924315E-003  8.637851163521785E-003  8.637851060921750E-003
   1.00014482993212        1.00013985476939        1.00013337765691     
   1.00012605563927        1.00011828491147        1.00011036586874     
   1.00010251798089        1.00009489522752        1.00008760083174     
   1.00008069927933        1.00007422648471        1.00006819769850     
   1.00006261315322        1.00005746259434        1.00005272910996     
   1.00004839134353        1.00004442539910        1.00004080622573     
   1.00003750856971        1.00003450757689        1.00003177928003     
   1.00002930083723        1.00002705076655        1.00002500897448     
   1.00002315676912        1.00002147687182        1.00001995337499     
   1.00001857171075        1.00001731855157        1.00001618172827     
   1.00001515015509        1.00001421372735        1.00001336324345     
   1.00001259038071        1.00001188752617        1.00001124779807     
   1.00001066491672        1.00001013322904        1.00000964758670     
   1.00000920332699        1.00000879626003        1.00000842252394     
   1.00000807869203        1.00000776165674        1.00000746862878     
   1.00000719708673        1.00000694478560        1.00000670973867     
   1.00000649016088        1.00000628446668        1.00000609127869     
   1.00000590938512        1.00000573772051        1.00000557537273     
   1.00000542154060        1.00000527554169        1.00000513680599     
   1.00000500487265        1.00000487928951        1.00000475970879     
   1.00000464582891        1.00000453739651        1.00000443416738     
   1.00000433593049        1.00000424251738        1.00000415374285     
   1.00000406944095        1.00000398943052        1.00000391353637     
   1.00000384155740        1.00000377330184        1.00000370857248     
   1.00000364717151        1.00000358883626        1.00000353336176     
   1.00000348048730        1.00000342998965        1.00000338160676     
   1.00000333509250        1.00000329020113        1.00000324668851     
   1.00000320432171        1.00000316289279        1.00000312218220     
   1.00000308200065        1.00000304218105        1.00000300257870     
   1.00000296304936        1.00000292349812        1.00000288384596     
   1.00000284403728        1.00000280400765        1.00000276374761     
   1.00000272325386        1.00000268253896        1.00000264165559     
   1.00000260063933        1.00000255956267        1.00000251851282     
   1.00000247756817        1.00000243684190        1.00000239642932     
   1.00000235642835        1.00000231693912        1.00000227807650     
   1.00000223994491        1.00000220261933        1.00000216621437     
   1.00000213078836        1.00000209642352        1.00000206317162     
   1.00000203109073        1.00000200019476        1.00000197050337     
   1.00000194201315        1.00000191474252        1.00000188864897     
   1.00000186370820        1.00000183984888        1.00000181701606     
   1.00000179512617        1.00000177410890        1.00000175385262     
   1.00000173425564        1.00000171519564        1.00000169658079     
   1.00000167828686        1.00000166017683        1.00000164214108     
   1.00000162407337        1.00000160583481        1.00000158733644     
   1.00000156849498        1.00000154920445        1.00000152939887     
   1.00000150900702        1.00000148798795        1.00000146631973     
   1.00000144397735        1.00000142097413        1.00000139734086     
   1.00000137310793        1.00000134832389        1.00000132307569     
   1.00000129744763        1.00000127154106        1.00000124548559     
   1.00000121940978        1.00000119343440        1.00000116769987     
   1.00000114237900        1.00000111761338        1.00000109354915     
   1.00000107034519        1.00000104813908        1.00000102705758     
   1.00000100720980        1.00000098873020        1.00000097169848     
   1.00000095619447        1.00000094227629        1.00000092996170     
   1.00000091926521        1.00000091017623        1.00000090265379     
   1.00000089662884        1.00000089200138        1.00000088868199     
   1.00000088652135        1.00000088536148        1.00000088504099     
   1.00000088538386        1.00000088614401        1.00000088710676     
   1.00000088807295        1.00000088880114        1.00000088906788     
   1.00000088863342        1.00000088729317        1.00000088485813     
   1.00000088112023        1.00000087591363        1.00000086908467     
   1.00000086051272        1.00000085008220        1.00000083775732     
   1.00000082349707        1.00000080730149        1.00000078919933     
   1.00000076929842        1.00000074768233        1.00000072451159     
   1.00000069995850        1.00000067426062        1.00000064764254     
   1.00000062037249        1.00000059274260        1.00000056505213     
   1.00000053762796        1.00000051083079        1.00000048497935     
   1.00000046039346        1.00000043743115        1.00000041638316     
   1.00000039753504        1.00000038115196        1.00000036749185     
   1.00000035674782        1.00000034911071        1.00000034465931     
   1.00000034349716        1.00000034563250        1.00000035102904     
   1.00000035961888        1.00000037124669        1.00000038573062     
   1.00000040283043        1.00000042222320        1.00000044359574     
   1.00000046654753        1.00000049066262        1.00000051549460     
   1.00000054057811        1.00000056535847        1.00000058939746     
   1.00000061215059        1.00000063311775        1.00000065181915     
   1.00000066781208        1.00000068062169        1.00000068989801     
   1.00000069529427        1.00000069649058        1.00000069330322     
   1.00000068555268        1.00000067314434        1.00000065605115     
   1.00000063434977        1.00000060820530        1.00000057780857     
   1.00000054347861        1.00000050558329        1.00000046452447     
   1.00000042079442        1.00000037494545        1.00000032753634     
   1.00000027915597        1.00000023040290        1.00000018187611     
   1.00000013413949        1.00000008765920        1.00000004285189     
   1.51255197228386        1.51243527412207        1.51216909925487     
   1.51187556085789        1.51159535035392        1.51134347012960     
   1.51112344510742        1.51093374438119        1.51077108726231     
   1.51063171315375        1.51051203351797        1.51040901094021     
   1.51032008056829        1.51024296697225        1.51017588526186     
   1.51011734641793        1.51006610536717        1.51002112754252     
   1.50998156857502        1.50994670690770        1.50991594907378     
   1.50988877040602        1.50986474085697        1.50984349648343     
   1.50982471548277        1.50980811878036        1.50979345339342     
   1.50978050609963        1.50976909007632        1.50975903839032     
   1.50975021032365        1.50974248136522        1.50973572332199     
   1.50972985473377        1.50972477430744        1.50972041419187     
   1.50971668649037        1.50971353591278        1.50971090342816     
   1.50970872527860        1.50970698022701        1.50970560151766     
   1.50970455656887        1.50970380644424        1.50970332393170     
   1.50970307341755        1.50970302083399        1.50970314730021     
   1.50970343012559        1.50970383974209        1.50970435771084     
   1.50970496882562        1.50970565176477        1.50970639688598     
   1.50970718875729        1.50970801146761        1.50970884710078     
   1.50970971013242        1.50971057864191        1.50971144921745     
   1.50971231561205        1.50971318272200        1.50971404579597     
   1.50971489504724        1.50971573986842        1.50971657582676     
   1.50971740928841        1.50971823857369        1.50971907220449     
   1.50971990627505        1.50972074207041        1.50972157827422     
   1.50972243696081        1.50972329640163        1.50972417577457     
   1.50972506144537        1.50972596727642        1.50972688815880     
   1.50972782482849        1.50972877866915        1.50972974783374     
   1.50973072639299        1.50973172153246        1.50973272645227     
   1.50973373744431        1.50973475111778        1.50973577195287     
   1.50973678747551        1.50973779712407        1.50973879738608     
   1.50973979586236        1.50974077789487        1.50974174582890     
   1.50974269837088        1.50974362546808        1.50974453670131     
   1.50974542211088        1.50974627948559        1.50974711423004     
   1.50974791598110        1.50974869215937        1.50974944257642     
   1.50975016685468        1.50975085986883        1.50975152480362     
   1.50975217111721        1.50975278344935        1.50975338023676     
   1.50975395072773        1.50975450383299        1.50975503455314     
   1.50975555593497        1.50975606314761        1.50975656159757     
   1.50975704102075        1.50975752018882        1.50975798943004     
   1.50975846279999        1.50975893199035        1.50975940500230     
   1.50975987502594        1.50976035497836        1.50976083960312     
   1.50976133518681        1.50976183032766        1.50976233620919     
   1.50976285705027        1.50976338356305        1.50976391557272     
   1.50976446564582        1.50976501790233        1.50976557253319     
   1.50976613990407        1.50976670834404        1.50976728271692     
   1.50976785576514        1.50976842454441        1.50976899351036     
   1.50976955303865        1.50977010078448        1.50977064035182     
   1.50977116904189        1.50977167675902        1.50977216793993     
   1.50977263934619        1.50977308375186        1.50977350390222     
   1.50977390409053        1.50977427880711        1.50977461772502     
   1.50977493225936        1.50977522028350        1.50977547675698     
   1.50977570762606        1.50977591480490        1.50977610208580     
   1.50977625766973        1.50977639777637        1.50977651822357     
   1.50977662236506        1.50977671994823        1.50977680719940     
   1.50977688809783        1.50977696863843        1.50977705317754     
   1.50977714805091        1.50977724479851        1.50977736007056     
   1.50977749280606        1.50977764065320        1.50977780550237     
   1.50977800910280        1.50977823834992        1.50977848712792     
   1.50977876974119        1.50977908017836        1.50977942506106     
   1.50977979443482        1.50978018541165        1.50978060802799     
   1.50978105164493        1.50978151668664        1.50978199714746     
   1.50978249739959        1.50978299611756        1.50978350235914     
   1.50978400856904        1.50978451232051        1.50978499346454     
   1.50978546786509        1.50978591570871        1.50978633962765     
   1.50978672317884        1.50978707680251        1.50978738986808     
   1.50978765854367        1.50978788377468        1.50978805854308     
   1.50978817231960        1.50978824028538        1.50978826072036     
   1.50978821842072        1.50978813358407        1.50978800338363     
   1.50978782979477        1.50978760883556        1.50978735600982     
   1.50978706322000        1.50978676063904        1.50978642917470     
   1.50978609198592        1.50978575381737        1.50978541449648     
   1.50978509393701        1.50978479038862        1.50978451365133     
   1.50978428302041        1.50978408549626        1.50978394376647     
   1.50978385590761        1.50978382682787        1.50978385836914     
   1.50978397893432        1.50978414594456        1.50978439759254     
   1.50978471984299        1.50978510957595        1.50978555919075     
   1.50978608734379        1.50978665867764        1.50978728278588     
   1.50978796148553        1.50978865995205        1.50978939089240     
   1.50979013881099        1.50979089541493        1.50979163989701     
   1.50979235707470        1.50979305300957        1.50979369637335     
   1.50979428330771        1.50979481274856        1.50979526251659     
   1.50979561854919        1.50979588223670        1.50979604303502     
   1.50979609351677        1.50979602447942        1.50979583331560     
   1.50979553277906        1.50979511146082        1.50979458132472     
  0.681225834424894       0.681141002729645       0.681127224039691     
  0.681152140697610       0.681194029443186       0.681241905140064     
  0.681290388636568       0.681336916384299       0.681380395951013     
  0.681420433956698       0.681456981876617       0.681490202172906     
  0.681520334187505       0.681547594675803       0.681572238909284     
  0.681594506451027       0.681614616878694       0.681632772679047     
  0.681649165659369       0.681663965979888       0.681677333299612     
  0.681689405124655       0.681700311842894       0.681710173008683     
  0.681719093855359       0.681727169216078       0.681734481173433     
  0.681741106332645       0.681747113840684       0.681752565159720     
  0.681757517856141       0.681762023790202       0.681766123670680     
  0.681769864878910       0.681773280555003       0.681776407845945     
  0.681779271089214       0.681781899717694       0.681784317093959     
  0.681786540494147       0.681788597322323       0.681790496482548     
  0.681792254749672       0.681793884055303       0.681795397684027     
  0.681796803885561       0.681798109309342       0.681799323833933     
  0.681800454566319       0.681801504856500       0.681802480413710     
  0.681803386940594       0.681804227130229       0.681805006627744     
  0.681805728415344       0.681806394546661       0.681807005736349     
  0.681807572941524       0.681808094701040       0.681808575018958     
  0.681809016573742       0.681809425387917       0.681809803958449     
  0.681810152687029       0.681810477997147       0.681810781521647     
  0.681811068143061       0.681811339838453       0.681811601688125     
  0.681811854420623       0.681812100150509       0.681812339932273     
  0.681812582390741       0.681812821528114       0.681813064498351     
  0.681813307560373       0.681813555804478       0.681813808013892     
  0.681814064701073       0.681814326474168       0.681814592797020     
  0.681814861647384       0.681815135297479       0.681815411382874     
  0.681815688461021       0.681815965163990       0.681816242756788     
  0.681816516912582       0.681816787165664       0.681817052159420     
  0.681817314292107       0.681817568640942       0.681817815837258     
  0.681818055425026       0.681818284059726       0.681818504935117     
  0.681818714908789       0.681818913335283       0.681819102184404     
  0.681819278264649       0.681819444261784       0.681819600461315     
  0.681819747074337       0.681819882724679       0.681820008775399     
  0.681820128756586       0.681820237975702       0.681820342828966     
  0.681820440194085       0.681820533301095       0.681820620841502     
  0.681820707419180       0.681820791764563       0.681820875883376     
  0.681820956537998       0.681821040044151       0.681821123411320     
  0.681821211346181       0.681821301185557       0.681821395519058     
  0.681821492043308       0.681821594905543       0.681821702294820     
  0.681821816105002       0.681821932334581       0.681822054365610     
  0.681822183403603       0.681822316104704       0.681822452013686     
  0.681822594980238       0.681822739455201       0.681822885046374     
  0.681823034842168       0.681823184707019       0.681823335889254     
  0.681823485686604       0.681823632781033       0.681823778398715     
  0.681823919152258       0.681824054031386       0.681824184100319     
  0.681824308420929       0.681824423598283       0.681824531055730     
  0.681824629819839       0.681824717593779       0.681824795409830     
  0.681824864956788       0.681824924721101       0.681824971528686     
  0.681825009441790       0.681825038214651       0.681825056569385     
  0.681825066884685       0.681825070273545       0.681825068476412     
  0.681825058020549       0.681825044637634       0.681825027445567     
  0.681825007939387       0.681824989739049       0.681824971973335     
  0.681824956204708       0.681824944635541       0.681824938924117     
  0.681824941294020       0.681824948975768       0.681824967399740     
  0.681824996182632       0.681825034344208       0.681825082206190     
  0.681825146706879       0.681825223250699       0.681825309234908     
  0.681825408833625       0.681825519555550       0.681825642998510     
  0.681825775227531       0.681825914551135       0.681826063620530     
  0.681826218298262       0.681826378033560       0.681826540184360     
  0.681826705584348       0.681826866593059       0.681827025582841     
  0.681827179667054       0.681827327663890       0.681827462557249     
  0.681827589329724       0.681827701396425       0.681827799565570     
  0.681827878479573       0.681827941746933       0.681827986251015     
  0.681828011105406       0.681828017136761       0.681828002644149     
  0.681827964773516       0.681827909286320       0.681827836594939     
  0.681827742540022       0.681827634698764       0.681827513232561     
  0.681827379779832       0.681827233971800       0.681827081864039     
  0.681826921747242       0.681826764490258       0.681826604702068     
  0.681826450669433       0.681826304667741       0.681826167142564     
  0.681826045035973       0.681825938068813       0.681825849538711     
  0.681825785808326       0.681825742405873       0.681825726362664     
  0.681825736569500       0.681825773906890       0.681825838111765     
  0.681825937660210       0.681826057404328       0.681826208522395     
  0.681826385209284       0.681826584957708       0.681826803717194     
  0.681827046164810       0.681827299158010       0.681827564188224     
  0.681827840497062       0.681828115155589       0.681828390905033     
  0.681828661521458       0.681828923187241       0.681829168075184     
  0.681829390300917       0.681829591315381       0.681829760504177     
  0.681829896364174       0.681829998734617       0.681830060676557     
  0.681830078009657       0.681830051960226       0.681829980108433     
  0.681829861198505       0.681829693531711       0.681829477727879     
  0.681829219683593       0.681828917390284       0.681828576361326     
 -6.314565957773248E-003 -1.447011199158276E-003 -1.334702258405224E-003
 -1.204884772958589E-003 -1.076979671413826E-003 -9.587933577001989E-004
 -8.528180436268510E-004 -7.590912984138061E-004 -6.767021338370603E-004
 -6.043801500897053E-004 -5.408168131701213E-004 -4.848671436698400E-004
 -4.355305913825016E-004 -3.918793393614009E-004 -3.531721806336216E-004
 -3.187720922683250E-004 -2.881307425828441E-004 -2.607802113687562E-004
 -2.363292495405018E-004 -2.144345626332859E-004 -1.948071424744014E-004
 -1.771855357470929E-004 -1.613508078499484E-004 -1.471136800143132E-004
 -1.343039468151247E-004 -1.227715609723956E-004 -1.123790624810228E-004
 -1.030085938076038E-004 -9.455564797237444E-005 -8.692602754067237E-005
 -8.003912901127380E-005 -7.382290735232028E-005 -6.820440399419045E-005
 -6.313433534150064E-005 -5.855441709592603E-005 -5.442338554170055E-005
 -5.069062576973606E-005 -4.732231398794995E-005 -4.428326985986470E-005
 -4.153662740278465E-005 -3.906653097129654E-005 -3.683522243887283E-005
 -3.482236199081666E-005 -3.300458915203571E-005 -3.136456455895513E-005
 -2.988131566817789E-005 -2.853485648627019E-005 -2.731287393808662E-005
 -2.620126525041140E-005 -2.518300152603759E-005 -2.424678159574523E-005
 -2.338318794734479E-005 -2.257992756816996E-005 -2.183067082035840E-005
 -2.112644127828741E-005 -2.045833520875609E-005 -1.981665452448128E-005
 -1.920786689929225E-005 -1.862062214128426E-005 -1.805288799617744E-005
 -1.750128506497468E-005 -1.696814898485388E-005 -1.645104029070822E-005
 -1.594517675544460E-005 -1.545531796425827E-005 -1.497938905537782E-005
 -1.452064051593870E-005 -1.407833220210749E-005 -1.365666426938835E-005
 -1.325373453746081E-005 -1.287000141568593E-005 -1.250482234166833E-005
 -1.216872255728886E-005 -1.185076578169704E-005 -1.155981548606493E-005
 -1.128874772365456E-005 -1.104382945971283E-005 -1.082190809729167E-005
 -1.062258491153814E-005 -1.044578072642032E-005 -1.028974310586161E-005
 -1.015067393145963E-005 -1.003132190312700E-005 -9.927383820109274E-006
 -9.836161888851834E-006 -9.755332479645473E-006 -9.686298431109675E-006
 -9.622217384680434E-006 -9.562149360853193E-006 -9.503908728008163E-006
 -9.450784531049655E-006 -9.395119082572413E-006 -9.337742406382629E-006
 -9.277848264151979E-006 -9.210200987654142E-006 -9.139452735904935E-006
 -9.060697462610354E-006 -8.972911980618198E-006 -8.878800499894297E-006
 -8.773404544983562E-006 -8.660636410977552E-006 -8.540568544930070E-006
 -8.413252744997098E-006 -8.276379160801587E-006 -8.131806651133888E-006
 -7.984384300292076E-006 -7.826752057223186E-006 -7.668149049059856E-006
 -7.503577943903371E-006 -7.337600222297053E-006 -7.167909988209397E-006
 -7.000911430428684E-006 -6.834387376040792E-006 -6.670924872937631E-006
 -6.505531018483385E-006 -6.347477006310045E-006 -6.191997246894297E-006
 -6.045875827621054E-006 -5.904824378700676E-006 -5.772658510617443E-006
 -5.645942123926146E-006 -5.530896390860643E-006 -5.424572980061002E-006
 -5.329881586997973E-006 -5.241080437802414E-006 -5.163476667593235E-006
 -5.098819859052475E-006 -5.042240002436636E-006 -4.993523497230512E-006
 -4.958647356118559E-006 -4.929581310475209E-006 -4.906203064402035E-006
 -4.893365503564460E-006 -4.885194310454065E-006 -4.883866780105433E-006
 -4.885662683892517E-006 -4.888893909461218E-006 -4.895719007216987E-006
 -4.901256603545294E-006 -4.904298922985642E-006 -4.906553788498680E-006
 -4.906592303876578E-006 -4.899474809785745E-006 -4.887243622451323E-006
 -4.868338422291692E-006 -4.839220272384971E-006 -4.801332906391044E-006
 -4.756790794294212E-006 -4.702860819529082E-006 -4.634575295441051E-006
 -4.557650468823480E-006 -4.471139849239775E-006 -4.372577795370076E-006
 -4.265031605304532E-006 -4.149427607163586E-006 -4.027686649445860E-006
 -3.894098480039353E-006 -3.756657872044469E-006 -3.613432790855626E-006
 -3.466040533809342E-006 -3.319354422241309E-006 -3.171504351056815E-006
 -3.024453248611167E-006 -2.881136953245973E-006 -2.743591106516838E-006
 -2.614722935994429E-006 -2.490405541713485E-006 -2.378738267035105E-006
 -2.279026057551963E-006 -2.190031844163275E-006 -2.112590075645418E-006
 -2.057147084102329E-006 -2.017047517333042E-006 -1.989110599840427E-006
 -1.980160777589875E-006 -1.987091638900534E-006 -2.012955076278281E-006
 -2.052610390908371E-006 -2.104543660183538E-006 -2.173515227646679E-006
 -2.254179625821663E-006 -2.346649876991509E-006 -2.447828995860155E-006
 -2.559791795225240E-006 -2.671908414427620E-006 -2.788588644092043E-006
 -2.906196875436011E-006 -3.023551939780884E-006 -3.130761248658651E-006
 -3.235645741272621E-006 -3.328610411426204E-006 -3.410967344936549E-006
 -3.474819233533522E-006 -3.525644415096445E-006 -3.558279424874004E-006
 -3.570970030940819E-006 -3.564399172045863E-006 -3.535344068098869E-006
 -3.478809526198381E-006 -3.402547219410664E-006 -3.305927330700695E-006
 -3.181744045945185E-006 -3.040163171722700E-006 -2.879982700962763E-006
 -2.702206475652572E-006 -2.505047099895988E-006 -2.296183017992551E-006
 -2.071844538887120E-006 -1.846879259025340E-006 -1.611941706971093E-006
 -1.378536755624855E-006 -1.148818980282662E-006 -9.226848488049913E-007
 -7.098871442762925E-007 -5.094020030403735E-007 -3.259993083322315E-007
 -1.688130823967442E-007 -3.121656666267723E-008  7.593033327248472E-008
  1.537564108097298E-007  2.001759715880256E-007  2.144308174583115E-007
  1.829062394846403E-007  1.269961244905727E-007  2.813417433599888E-008
 -1.065469217130111E-007 -2.752058832676552E-007 -4.739329931282585E-007
 -7.116502940937810E-007 -9.707656859259074E-007 -1.256029265849336E-006
 -1.568269649684043E-006 -1.890335197645292E-006 -2.228509322913785E-006
 -2.575296346693764E-006 -2.926669688008217E-006 -3.272549282906566E-006
 -3.605888092064682E-006 -3.930082409241304E-006 -4.230102851920316E-006
 -4.504583949661771E-006 -4.753725377598221E-006 -4.967240233515925E-006
 -5.138967869864083E-006 -5.270583140333996E-006 -5.357928824961393E-006
 -5.398369624214853E-006 -5.388597113955303E-006 -5.328928450949166E-006
 -5.227172711021894E-006 -5.079504731121693E-006 -4.893775508931676E-006
