         12.775457
         12.771087
         12.771347
         12.771656
         12.771985
         12.772306
         12.772608
         12.772888
         12.773146
         12.773381
         12.773597
         12.773793
         12.773971
         12.774133
         12.774281
         12.774415
         12.774537
         12.774647
         12.774747
         12.774839
         12.774921
         12.774996
         12.775064
         12.775126
         12.775182
         12.775233
         12.775278
         12.775320
         12.775357
         12.775391
         12.775421
         12.775448
         12.775473
         12.775494
         12.775513
         12.775530
         12.775545
         12.775558
         12.775569
         12.775579
         12.775587
         12.775595
         12.775601
         12.775606
         12.775611
         12.775614
         12.775618
         12.775621
         12.775622
         12.775624
         12.775625
         12.775625
         12.775625
         12.775625
         12.775624
         12.775624
         12.775623
         12.775622
         12.775621
         12.775619
         12.775618
         12.775615
         12.775614
         12.775612
         12.775609
         12.775607
         12.775605
         12.775603
         12.775601
         12.775599
         12.775596
         12.775594
         12.775591
         12.775589
         12.775587
         12.775586
         12.775584
         12.775582
         12.775581
         12.775580
         12.775578
         12.775576
         12.775575
         12.775574
         12.775573
         12.775571
         12.775570
         12.775568
         12.775566
         12.775565
         12.775564
         12.775563
         12.775562
         12.775561
         12.775560
         12.775559
         12.775557
         12.775556
         12.775555
         12.775554
         12.775553
         12.775552
         12.775551
         12.775550
         12.775549
         12.775548
         12.775547
         12.775546
         12.775546
         12.775545
         12.775544
         12.775544
         12.775543
         12.775542
         12.775542
         12.775541
         12.775540
         12.775539
         12.775538
         12.775537
         12.775536
         12.775535
         12.775535
         12.775535
         12.775534
         12.775533
         12.775533
         12.775532
         12.775531
         12.775531
         12.775530
         12.775530
         12.775529
         12.775529
         12.775528
         12.775527
         12.775526
         12.775525
         12.775525
         12.775524
         12.775523
         12.775523
         12.775522
         12.775521
         12.775520
         12.775520
         12.775520
         12.775519
         12.775519
         12.775519
         12.775519
         12.775519
         12.775519
         12.775519
         12.775519
         12.775518
         12.775518
         12.775518
         12.775517
         12.775517
         12.775517
         12.775516
         12.775515
         12.775515
         12.775514
         12.775514
         12.775513
         12.775512
         12.775512
         12.775511
         12.775510
         12.775510
         12.775509
         12.775509
         12.775508
         12.775507
         12.775507
         12.775506
         12.775506
         12.775506
         12.775506
         12.775505
         12.775505
         12.775504
         12.775504
         12.775504
         12.775504
         12.775504
         12.775504
         12.775504
         12.775504
         12.775504
         12.775503
         12.775504
         12.775504
         12.775504
         12.775503
         12.775503
         12.775502
         12.775502
         12.775502
         12.775501
         12.775500
         12.775500
         12.775500
         12.775499
         12.775498
         12.775498
         12.775498
         12.775497
         12.775497
         12.775496
         12.775496
         12.775497
         12.775496
         12.775496
         12.775496
         12.775496
         12.775496
         12.775496
         12.775496
         12.775496
         12.775496
         12.775496
         12.775496
         12.775495
         12.775494
         12.775494
         12.775494
         12.775494
         12.775493
         12.775494
         12.775494
         12.775493
         12.775493
         12.775493
         12.775493
         12.775492
         12.775492
         12.775491
         12.775491
         12.775491
         12.775491
         12.775490
         12.775491
         12.775491
         12.775491
         12.775492
         12.775492
         12.775493
         12.775493
         12.775494
         12.775495
