          0.587067
          0.587149
          0.587220
          0.587274
          0.587316
          0.587352
          0.587382
          0.587410
          0.587435
          0.587457
          0.587478
          0.587497
          0.587515
          0.587531
          0.587546
          0.587561
          0.587574
          0.587586
          0.587598
          0.587609
          0.587619
          0.587629
          0.587638
          0.587646
          0.587654
          0.587662
          0.587669
          0.587676
          0.587682
          0.587688
          0.587694
          0.587699
          0.587704
          0.587708
          0.587713
          0.587717
          0.587721
          0.587725
          0.587728
          0.587732
          0.587735
          0.587738
          0.587741
          0.587743
          0.587746
          0.587748
          0.587751
          0.587753
          0.587755
          0.587757
          0.587759
          0.587761
          0.587762
          0.587764
          0.587765
          0.587766
          0.587768
          0.587769
          0.587770
          0.587771
          0.587772
          0.587773
          0.587773
          0.587774
          0.587775
          0.587775
          0.587776
          0.587777
          0.587777
          0.587778
          0.587778
          0.587779
          0.587779
          0.587780
          0.587780
          0.587780
          0.587781
          0.587781
          0.587781
          0.587782
          0.587782
          0.587782
          0.587782
          0.587782
          0.587783
          0.587783
          0.587783
          0.587783
          0.587783
          0.587783
          0.587783
          0.587783
          0.587784
          0.587784
          0.587784
          0.587784
          0.587784
          0.587784
          0.587784
          0.587784
          0.587784
          0.587784
          0.587784
          0.587784
          0.587784
          0.587784
          0.587784
          0.587784
          0.587784
          0.587784
          0.587784
          0.587784
          0.587784
          0.587784
          0.587784
          0.587784
          0.587784
          0.587784
          0.587784
          0.587784
          0.587784
          0.587784
          0.587784
          0.587784
          0.587784
          0.587784
          0.587784
          0.587784
          0.587784
          0.587784
          0.587784
          0.587784
          0.587784
          0.587784
          0.587784
          0.587784
          0.587784
          0.587784
          0.587784
          0.587784
          0.587784
          0.587784
          0.587784
          0.587784
          0.587784
          0.587784
          0.587784
          0.587784
          0.587784
          0.587784
          0.587784
          0.587784
          0.587784
          0.587784
          0.587784
          0.587784
          0.587784
          0.587784
          0.587784
          0.587784
          0.587784
          0.587783
          0.587783
          0.587783
          0.587783
          0.587783
          0.587783
          0.587783
          0.587783
          0.587783
          0.587783
          0.587783
          0.587783
          0.587783
          0.587783
          0.587783
          0.587783
          0.587783
          0.587783
          0.587783
          0.587783
          0.587783
          0.587783
          0.587783
          0.587783
          0.587783
          0.587783
          0.587783
          0.587783
          0.587783
          0.587783
          0.587783
          0.587783
          0.587783
          0.587783
          0.587783
          0.587783
          0.587783
          0.587783
          0.587783
          0.587783
          0.587783
          0.587783
          0.587783
          0.587783
          0.587783
          0.587783
          0.587783
          0.587783
          0.587783
          0.587783
          0.587783
          0.587783
          0.587783
          0.587783
          0.587783
          0.587783
          0.587783
          0.587783
          0.587783
          0.587783
          0.587783
          0.587783
          0.587783
          0.587783
          0.587783
          0.587783
          0.587783
          0.587783
          0.587783
          0.587783
          0.587783
          0.587783
          0.587783
          0.587783
          0.587783
          0.587783
          0.587782
          0.587782
          0.587782
          0.587782
          0.587782
          0.587782
          0.587782
          0.587782
          0.587782
          0.587782
          0.587782
          0.587782
          0.587782
          0.587782
          0.587782
