          1.268892
          1.269776
          1.269791
          1.269724
          1.269641
          1.269564
          1.269496
          1.269436
          1.269384
          1.269338
          1.269296
          1.269259
          1.269226
          1.269196
          1.269169
          1.269144
          1.269122
          1.269102
          1.269084
          1.269068
          1.269053
          1.269039
          1.269027
          1.269015
          1.269005
          1.268996
          1.268988
          1.268980
          1.268973
          1.268967
          1.268961
          1.268955
          1.268950
          1.268946
          1.268942
          1.268938
          1.268935
          1.268932
          1.268929
          1.268926
          1.268924
          1.268922
          1.268920
          1.268918
          1.268916
          1.268914
          1.268913
          1.268911
          1.268910
          1.268909
          1.268908
          1.268907
          1.268906
          1.268905
          1.268904
          1.268903
          1.268903
          1.268902
          1.268901
          1.268901
          1.268900
          1.268900
          1.268899
          1.268899
          1.268898
          1.268898
          1.268898
          1.268897
          1.268897
          1.268897
          1.268896
          1.268896
          1.268896
          1.268896
          1.268895
          1.268895
          1.268895
          1.268895
          1.268895
          1.268894
          1.268894
          1.268894
          1.268894
          1.268894
          1.268894
          1.268894
          1.268894
          1.268894
          1.268894
          1.268894
          1.268893
          1.268893
          1.268893
          1.268893
          1.268893
          1.268893
          1.268893
          1.268893
          1.268893
          1.268893
          1.268893
          1.268893
          1.268893
          1.268893
          1.268893
          1.268893
          1.268893
          1.268893
          1.268893
          1.268893
          1.268893
          1.268893
          1.268893
          1.268893
          1.268893
          1.268893
          1.268893
          1.268893
          1.268893
          1.268893
          1.268893
          1.268893
          1.268893
          1.268893
          1.268893
          1.268893
          1.268893
          1.268893
          1.268893
          1.268893
          1.268893
          1.268893
          1.268893
          1.268892
          1.268893
          1.268893
          1.268893
          1.268893
          1.268893
          1.268893
          1.268893
          1.268893
          1.268893
          1.268893
          1.268893
          1.268893
          1.268892
          1.268893
          1.268892
          1.268892
          1.268892
          1.268892
          1.268892
          1.268892
          1.268892
          1.268892
          1.268892
          1.268892
          1.268892
          1.268892
          1.268892
          1.268893
          1.268893
          1.268893
          1.268893
          1.268892
          1.268893
          1.268893
          1.268893
          1.268893
          1.268893
          1.268893
          1.268893
          1.268893
          1.268893
          1.268893
          1.268893
          1.268893
          1.268892
          1.268892
          1.268892
          1.268893
          1.268893
          1.268893
          1.268892
          1.268892
          1.268892
          1.268893
          1.268892
          1.268892
          1.268892
          1.268892
          1.268892
          1.268892
          1.268892
          1.268892
          1.268892
          1.268892
          1.268892
          1.268892
          1.268893
          1.268893
          1.268893
          1.268893
          1.268892
          1.268893
          1.268893
          1.268893
          1.268893
          1.268893
          1.268893
          1.268893
          1.268892
          1.268892
          1.268892
          1.268893
          1.268892
          1.268892
          1.268892
          1.268892
          1.268892
          1.268892
          1.268892
          1.268892
          1.268892
          1.268893
          1.268893
          1.268893
          1.268893
          1.268893
          1.268893
          1.268892
          1.268892
          1.268893
          1.268892
          1.268892
          1.268893
          1.268893
          1.268893
          1.268893
          1.268893
          1.268893
          1.268893
          1.268893
          1.268892
          1.268892
          1.268892
          1.268892
          1.268892
          1.268892
          1.268892
          1.268892
          1.268892
