         -0.003052
         -0.000448
         -0.000550
         -0.000539
         -0.000493
         -0.000443
         -0.000394
         -0.000348
         -0.000308
         -0.000270
         -0.000236
         -0.000206
         -0.000179
         -0.000155
         -0.000133
         -0.000113
         -0.000098
         -0.000083
         -0.000069
         -0.000058
         -0.000047
         -0.000040
         -0.000031
         -0.000025
         -0.000017
         -0.000013
         -0.000010
         -0.000004
         -0.000001
          0.000001
          0.000004
          0.000007
          0.000008
          0.000009
          0.000010
          0.000012
          0.000014
          0.000014
          0.000016
          0.000015
          0.000015
          0.000016
          0.000016
          0.000016
          0.000015
          0.000014
          0.000015
          0.000013
          0.000015
          0.000014
          0.000014
          0.000013
          0.000012
          0.000012
          0.000011
          0.000011
          0.000010
          0.000010
          0.000009
          0.000010
          0.000008
          0.000009
          0.000008
          0.000008
          0.000008
          0.000007
          0.000006
          0.000007
          0.000006
          0.000006
          0.000007
          0.000006
          0.000005
          0.000005
          0.000005
          0.000005
          0.000004
          0.000004
          0.000003
          0.000005
          0.000003
          0.000004
          0.000003
          0.000003
          0.000002
          0.000003
          0.000004
          0.000003
          0.000002
          0.000002
          0.000002
          0.000002
          0.000002
          0.000001
          0.000003
          0.000002
          0.000001
          0.000002
          0.000002
          0.000000
          0.000002
          0.000002
          0.000001
          0.000002
          0.000002
          0.000002
          0.000001
          0.000001
          0.000001
          0.000001
          0.000001
          0.000001
          0.000001
          0.000001
          0.000000
          0.000001
          0.000002
          0.000001
          0.000001
          0.000001
          0.000001
         -0.000000
          0.000002
          0.000000
          0.000001
          0.000000
          0.000001
          0.000001
          0.000002
          0.000000
          0.000000
          0.000000
          0.000001
          0.000001
          0.000000
          0.000001
          0.000001
         -0.000000
          0.000002
          0.000000
          0.000001
          0.000001
          0.000001
          0.000001
          0.000000
          0.000002
          0.000000
          0.000001
          0.000000
         -0.000001
          0.000001
          0.000000
          0.000001
          0.000001
          0.000001
         -0.000000
          0.000001
         -0.000001
          0.000001
          0.000001
          0.000001
          0.000000
          0.000001
         -0.000000
          0.000001
          0.000001
         -0.000000
          0.000001
          0.000001
          0.000001
          0.000000
          0.000001
          0.000001
          0.000001
          0.000002
          0.000001
          0.000000
         -0.000000
         -0.000000
          0.000001
          0.000002
          0.000001
          0.000000
          0.000000
          0.000000
          0.000002
         -0.000001
          0.000000
          0.000001
          0.000000
          0.000001
         -0.000000
         -0.000000
         -0.000000
          0.000001
          0.000001
         -0.000000
          0.000000
          0.000000
          0.000001
          0.000001
          0.000001
         -0.000001
          0.000001
          0.000001
          0.000001
          0.000001
          0.000000
          0.000002
          0.000001
         -0.000000
         -0.000000
          0.000001
          0.000002
         -0.000001
          0.000000
          0.000002
         -0.000001
          0.000001
         -0.000001
          0.000001
         -0.000000
         -0.000000
          0.000001
          0.000001
          0.000000
          0.000001
          0.000001
          0.000001
         -0.000000
         -0.000000
          0.000001
         -0.000001
          0.000000
          0.000001
         -0.000000
          0.000002
          0.000000
          0.000001
          0.000001
          0.000000
          0.000001
         -0.000000
          0.000001
          0.000001
          0.000000
          0.000001
          0.000000
          0.000001
          0.000000
          0.000001
          0.000000
