          0.270081
          0.270110
          0.270143
          0.270177
          0.270209
          0.270239
          0.270265
          0.270288
          0.270309
          0.270327
          0.270342
          0.270356
          0.270368
          0.270379
          0.270388
          0.270396
          0.270403
          0.270409
          0.270414
          0.270418
          0.270421
          0.270425
          0.270427
          0.270429
          0.270430
          0.270432
          0.270433
          0.270433
          0.270434
          0.270435
          0.270434
          0.270434
          0.270434
          0.270434
          0.270433
          0.270432
          0.270431
          0.270431
          0.270430
          0.270429
          0.270429
          0.270428
          0.270427
          0.270426
          0.270426
          0.270425
          0.270424
          0.270423
          0.270422
          0.270421
          0.270420
          0.270420
          0.270419
          0.270418
          0.270418
          0.270417
          0.270417
          0.270416
          0.270416
          0.270414
          0.270415
          0.270414
          0.270413
          0.270413
          0.270412
          0.270412
          0.270412
          0.270411
          0.270411
          0.270411
          0.270410
          0.270410
          0.270410
          0.270409
          0.270409
          0.270409
          0.270409
          0.270409
          0.270409
          0.270408
          0.270409
          0.270408
          0.270408
          0.270408
          0.270408
          0.270407
          0.270407
          0.270407
          0.270407
          0.270407
          0.270407
          0.270407
          0.270407
          0.270407
          0.270406
          0.270406
          0.270407
          0.270406
          0.270406
          0.270407
          0.270406
          0.270406
          0.270406
          0.270406
          0.270406
          0.270406
          0.270406
          0.270406
          0.270406
          0.270406
          0.270406
          0.270406
          0.270406
          0.270406
          0.270406
          0.270406
          0.270406
          0.270406
          0.270406
          0.270406
          0.270406
          0.270406
          0.270405
          0.270406
          0.270406
          0.270406
          0.270405
          0.270406
          0.270405
          0.270406
          0.270406
          0.270406
          0.270406
          0.270405
          0.270406
          0.270405
          0.270406
          0.270406
          0.270405
          0.270406
          0.270405
          0.270405
          0.270405
          0.270405
          0.270406
          0.270405
          0.270406
          0.270405
          0.270405
          0.270406
          0.270405
          0.270406
          0.270405
          0.270405
          0.270405
          0.270406
          0.270405
          0.270406
          0.270405
          0.270405
          0.270405
          0.270405
          0.270405
          0.270406
          0.270405
          0.270405
          0.270406
          0.270405
          0.270405
          0.270405
          0.270405
          0.270405
          0.270405
          0.270405
          0.270405
          0.270405
          0.270405
          0.270406
          0.270406
          0.270405
          0.270405
          0.270405
          0.270405
          0.270405
          0.270405
          0.270404
          0.270406
          0.270405
          0.270405
          0.270405
          0.270405
          0.270405
          0.270405
          0.270406
          0.270405
          0.270405
          0.270405
          0.270405
          0.270405
          0.270405
          0.270405
          0.270405
          0.270406
          0.270405
          0.270405
          0.270405
          0.270405
          0.270405
          0.270404
          0.270405
          0.270405
          0.270405
          0.270405
          0.270404
          0.270406
          0.270405
          0.270404
          0.270406
          0.270405
          0.270406
          0.270405
          0.270405
          0.270405
          0.270405
          0.270405
          0.270405
          0.270405
          0.270405
          0.270405
          0.270405
          0.270406
          0.270405
          0.270406
          0.270405
          0.270405
          0.270405
          0.270404
          0.270405
          0.270405
          0.270405
          0.270405
          0.270405
          0.270405
          0.270405
          0.270405
          0.270405
          0.270405
          0.270405
          0.270405
          0.270405
          0.270405
          0.270405
