          0.110000
          0.109000
          0.108100
          0.107290
          0.106561
          0.105905
          0.105314
          0.104783
          0.104305
          0.103874
          0.103487
          0.103138
          0.102824
          0.102542
          0.102288
          0.102059
          0.101853
          0.101668
          0.101501
          0.101351
          0.101216
          0.101094
          0.100985
          0.100886
          0.100798
          0.100718
          0.100646
          0.100581
          0.100523
          0.100471
          0.100424
          0.100382
          0.100343
          0.100309
          0.100278
          0.100250
          0.100225
          0.100203
          0.100182
          0.100164
          0.100148
          0.100133
          0.100120
          0.100108
          0.100097
          0.100087
          0.100079
          0.100071
          0.100064
          0.100057
          0.100052
          0.100046
          0.100042
          0.100038
          0.100034
          0.100030
          0.100027
          0.100025
          0.100022
          0.100020
          0.100018
          0.100016
          0.100015
          0.100013
          0.100012
          0.100011
          0.100010
          0.100009
          0.100008
          0.100007
          0.100006
          0.100006
          0.100005
          0.100005
          0.100004
          0.100004
          0.100003
          0.100003
          0.100003
          0.100002
          0.100002
          0.100002
          0.100002
          0.100002
          0.100001
          0.100001
          0.100001
          0.100001
          0.100001
          0.100001
          0.100001
          0.100001
          0.100001
          0.100001
          0.100000
          0.100000
          0.100000
          0.100000
          0.100000
          0.100000
          0.100000
          0.100000
          0.100000
          0.100000
          0.100000
          0.100000
          0.100000
          0.100000
          0.100000
          0.100000
          0.100000
          0.100000
          0.100000
          0.100000
          0.100000
          0.100000
          0.100000
          0.100000
          0.100000
          0.100000
          0.100000
          0.100000
          0.100000
          0.100000
          0.100000
          0.100000
          0.100000
          0.100000
          0.100000
          0.100000
          0.100000
          0.100000
          0.100000
          0.100000
          0.100000
          0.100000
          0.100000
          0.100000
          0.100000
          0.100000
          0.100000
          0.100000
          0.100000
          0.100000
          0.100000
          0.100000
          0.100000
          0.100000
          0.100000
          0.100000
          0.100000
          0.100000
          0.100000
          0.100000
          0.100000
          0.100000
          0.100000
          0.100000
          0.100000
          0.100000
          0.100000
          0.100000
          0.100000
          0.100000
          0.100000
          0.100000
          0.100000
          0.100000
          0.100000
          0.100000
          0.100000
          0.100000
          0.100000
          0.100000
          0.100000
          0.100000
          0.100000
          0.100000
          0.100000
          0.100000
          0.100000
          0.100000
          0.100000
          0.100000
          0.100000
          0.100000
          0.100000
          0.100000
          0.100000
          0.100000
          0.100000
          0.100000
          0.100000
          0.100000
          0.100000
          0.100000
          0.100000
          0.100000
          0.100000
          0.100000
          0.100000
          0.100000
          0.100000
          0.100000
          0.100000
          0.100000
          0.100000
          0.100000
          0.100000
          0.100000
          0.100000
          0.100000
          0.100000
          0.100000
          0.100000
          0.100000
          0.100000
          0.100000
          0.100000
          0.100000
          0.100000
          0.100000
          0.100000
          0.100000
          0.100000
          0.100000
          0.100000
          0.100000
          0.100000
          0.100000
          0.100000
          0.100000
          0.100000
          0.100000
          0.100000
          0.100000
          0.100000
          0.100000
          0.100000
          0.100000
          0.100000
          0.100000
          0.100000
          0.100000
          0.100000
          0.100000
          0.100000
          0.100000
          0.100000
          0.100000
          0.100000
          0.100000
