          0.008637
          0.008871
          0.008871
          0.008855
          0.008833
          0.008811
          0.008791
          0.008773
          0.008756
          0.008741
          0.008727
          0.008715
          0.008705
          0.008695
          0.008687
          0.008679
          0.008673
          0.008667
          0.008662
          0.008657
          0.008653
          0.008650
          0.008647
          0.008644
          0.008642
          0.008640
          0.008638
          0.008636
          0.008635
          0.008634
          0.008633
          0.008632
          0.008631
          0.008631
          0.008630
          0.008630
          0.008630
          0.008630
          0.008630
          0.008630
          0.008630
          0.008630
          0.008630
          0.008630
          0.008630
          0.008630
          0.008630
          0.008631
          0.008631
          0.008631
          0.008631
          0.008631
          0.008632
          0.008632
          0.008632
          0.008632
          0.008632
          0.008633
          0.008633
          0.008633
          0.008633
          0.008633
          0.008634
          0.008634
          0.008634
          0.008634
          0.008634
          0.008634
          0.008635
          0.008635
          0.008635
          0.008635
          0.008635
          0.008635
          0.008635
          0.008635
          0.008636
          0.008636
          0.008636
          0.008636
          0.008636
          0.008636
          0.008636
          0.008636
          0.008636
          0.008636
          0.008636
          0.008636
          0.008636
          0.008636
          0.008637
          0.008637
          0.008637
          0.008637
          0.008637
          0.008637
          0.008637
          0.008637
          0.008637
          0.008637
          0.008637
          0.008637
          0.008637
          0.008637
          0.008637
          0.008637
          0.008637
          0.008637
          0.008637
          0.008637
          0.008637
          0.008637
          0.008637
          0.008637
          0.008637
          0.008637
          0.008637
          0.008637
          0.008637
          0.008637
          0.008637
          0.008637
          0.008637
          0.008637
          0.008637
          0.008637
          0.008637
          0.008637
          0.008637
          0.008637
          0.008637
          0.008637
          0.008637
          0.008637
          0.008637
          0.008637
          0.008637
          0.008637
          0.008637
          0.008637
          0.008637
          0.008637
          0.008637
          0.008637
          0.008637
          0.008637
          0.008637
          0.008637
          0.008637
          0.008637
          0.008637
          0.008637
          0.008637
          0.008637
          0.008637
          0.008637
          0.008637
          0.008637
          0.008637
          0.008637
          0.008637
          0.008637
          0.008637
          0.008637
          0.008637
          0.008637
          0.008637
          0.008637
          0.008637
          0.008637
          0.008637
          0.008637
          0.008637
          0.008637
          0.008637
          0.008637
          0.008637
          0.008637
          0.008637
          0.008637
          0.008637
          0.008637
          0.008637
          0.008637
          0.008637
          0.008637
          0.008637
          0.008637
          0.008637
          0.008637
          0.008637
          0.008637
          0.008637
          0.008637
          0.008637
          0.008637
          0.008637
          0.008637
          0.008637
          0.008637
          0.008637
          0.008637
          0.008637
          0.008637
          0.008637
          0.008637
          0.008637
          0.008637
          0.008637
          0.008637
          0.008637
          0.008637
          0.008637
          0.008637
          0.008637
          0.008637
          0.008637
          0.008637
          0.008637
          0.008637
          0.008637
          0.008637
          0.008638
          0.008638
          0.008638
          0.008638
          0.008639
          0.008639
          0.008640
          0.008642
          0.008644
          0.008648
          0.008653
          0.008661
          0.008672
          0.008690
          0.008716
          0.008755
          0.008814
          0.008902
          0.009035
          0.009234
          0.009532
          0.009980
          0.010652
          0.011660
          0.013175
          0.015452
          0.018876
          0.024035
          0.031821
          0.043612
