         11.506565
         11.506242
         11.505955
         11.505708
         11.505501
         11.505332
         11.505195
         11.505088
         11.505007
         11.504948
         11.504908
         11.504885
         11.504877
         11.504881
         11.504895
         11.504918
         11.504948
         11.504985
         11.505027
         11.505072
         11.505121
         11.505172
         11.505225
         11.505279
         11.505335
         11.505389
         11.505445
         11.505500
         11.505554
         11.505607
         11.505660
         11.505711
         11.505760
         11.505809
         11.505856
         11.505901
         11.505945
         11.505987
         11.506027
         11.506065
         11.506102
         11.506137
         11.506170
         11.506202
         11.506232
         11.506261
         11.506289
         11.506315
         11.506340
         11.506362
         11.506384
         11.506404
         11.506424
         11.506442
         11.506459
         11.506475
         11.506490
         11.506504
         11.506517
         11.506530
         11.506541
         11.506552
         11.506562
         11.506571
         11.506579
         11.506587
         11.506594
         11.506602
         11.506608
         11.506614
         11.506619
         11.506623
         11.506628
         11.506632
         11.506635
         11.506638
         11.506641
         11.506645
         11.506647
         11.506650
         11.506652
         11.506654
         11.506655
         11.506657
         11.506659
         11.506661
         11.506661
         11.506661
         11.506662
         11.506663
         11.506663
         11.506663
         11.506664
         11.506664
         11.506665
         11.506664
         11.506664
         11.506664
         11.506664
         11.506664
         11.506664
         11.506664
         11.506663
         11.506663
         11.506663
         11.506662
         11.506661
         11.506661
         11.506661
         11.506660
         11.506660
         11.506659
         11.506659
         11.506659
         11.506658
         11.506658
         11.506657
         11.506656
         11.506655
         11.506654
         11.506654
         11.506653
         11.506653
         11.506652
         11.506651
         11.506651
         11.506650
         11.506650
         11.506649
         11.506648
         11.506648
         11.506647
         11.506647
         11.506647
         11.506646
         11.506645
         11.506644
         11.506644
         11.506644
         11.506642
         11.506642
         11.506641
         11.506640
         11.506639
         11.506638
         11.506638
         11.506637
         11.506637
         11.506636
         11.506635
         11.506636
         11.506635
         11.506635
         11.506634
         11.506634
         11.506633
         11.506633
         11.506632
         11.506632
         11.506632
         11.506631
         11.506630
         11.506630
         11.506629
         11.506629
         11.506628
         11.506628
         11.506628
         11.506627
         11.506626
         11.506626
         11.506625
         11.506625
         11.506624
         11.506624
         11.506623
         11.506622
         11.506622
         11.506622
         11.506622
         11.506621
         11.506620
         11.506620
         11.506619
         11.506619
         11.506619
         11.506618
         11.506618
         11.506618
         11.506617
         11.506617
         11.506616
         11.506616
         11.506616
         11.506616
         11.506616
         11.506615
         11.506615
         11.506615
         11.506615
         11.506614
         11.506613
         11.506613
         11.506613
         11.506612
         11.506612
         11.506612
         11.506611
         11.506611
         11.506610
         11.506610
         11.506610
         11.506610
         11.506609
         11.506608
         11.506609
         11.506609
         11.506608
         11.506608
         11.506608
         11.506608
         11.506608
         11.506607
         11.506607
         11.506607
         11.506606
         11.506606
         11.506606
         11.506605
         11.506605
         11.506605
         11.506605
         11.506605
         11.506605
         11.506605
         11.506605
         11.506605
         11.506604
         11.506604
         11.506604
         11.506603
         11.506603
         11.506602
         11.506603
         11.506602
         11.506602
         11.506602
         11.506602
         11.506602
         11.506602
         11.506602
         11.506602
         11.506602
