          0.407641
          0.407639
          0.407640
          0.407637
          0.407631
          0.407625
          0.407619
          0.407612
          0.407606
          0.407601
          0.407595
          0.407590
          0.407585
          0.407581
          0.407577
          0.407573
          0.407569
          0.407566
          0.407563
          0.407560
          0.407558
          0.407556
          0.407553
          0.407552
          0.407550
          0.407548
          0.407547
          0.407545
          0.407544
          0.407543
          0.407542
          0.407540
          0.407540
          0.407539
          0.407538
          0.407537
          0.407536
          0.407536
          0.407535
          0.407534
          0.407534
          0.407533
          0.407533
          0.407532
          0.407532
          0.407532
          0.407531
          0.407531
          0.407531
          0.407531
          0.407531
          0.407530
          0.407530
          0.407530
          0.407530
          0.407530
          0.407529
          0.407529
          0.407529
          0.407529
          0.407529
          0.407529
          0.407529
          0.407528
          0.407528
          0.407528
          0.407528
          0.407528
          0.407528
          0.407528
          0.407528
          0.407528
          0.407528
          0.407528
          0.407528
          0.407528
          0.407528
          0.407528
          0.407528
          0.407527
          0.407528
          0.407528
          0.407528
          0.407528
          0.407528
          0.407528
          0.407527
          0.407528
          0.407528
          0.407528
          0.407528
          0.407528
          0.407528
          0.407528
          0.407527
          0.407528
          0.407528
          0.407528
          0.407527
          0.407528
          0.407527
          0.407527
          0.407528
          0.407527
          0.407527
          0.407527
          0.407528
          0.407528
          0.407528
          0.407528
          0.407528
          0.407528
          0.407528
          0.407527
          0.407528
          0.407527
          0.407527
          0.407527
          0.407527
          0.407527
          0.407528
          0.407528
          0.407527
          0.407528
          0.407527
          0.407528
          0.407527
          0.407528
          0.407527
          0.407528
          0.407528
          0.407528
          0.407528
          0.407527
          0.407528
          0.407527
          0.407527
          0.407528
          0.407527
          0.407528
          0.407527
          0.407527
          0.407527
          0.407527
          0.407528
          0.407527
          0.407528
          0.407527
          0.407528
          0.407528
          0.407527
          0.407528
          0.407527
          0.407527
          0.407527
          0.407528
          0.407527
          0.407528
          0.407527
          0.407527
          0.407527
          0.407527
          0.407527
          0.407528
          0.407527
          0.407527
          0.407528
          0.407527
          0.407527
          0.407527
          0.407527
          0.407527
          0.407527
          0.407527
          0.407527
          0.407527
          0.407527
          0.407528
          0.407528
          0.407527
          0.407527
          0.407527
          0.407527
          0.407527
          0.407527
          0.407527
          0.407528
          0.407527
          0.407527
          0.407527
          0.407527
          0.407528
          0.407528
          0.407528
          0.407527
          0.407527
          0.407528
          0.407527
          0.407527
          0.407527
          0.407527
          0.407527
          0.407528
          0.407527
          0.407527
          0.407527
          0.407527
          0.407527
          0.407527
          0.407527
          0.407527
          0.407528
          0.407527
          0.407527
          0.407528
          0.407528
          0.407527
          0.407528
          0.407527
          0.407528
          0.407527
          0.407527
          0.407527
          0.407527
          0.407527
          0.407527
          0.407527
          0.407527
          0.407527
          0.407528
          0.407528
          0.407527
          0.407528
          0.407527
          0.407527
          0.407527
          0.407527
          0.407527
          0.407527
          0.407527
          0.407527
          0.407527
          0.407528
          0.407527
          0.407527
          0.407527
          0.407527
          0.407527
          0.407527
          0.407527
          0.407527
          0.407527
