          0.681515
          0.681229
          0.681086
          0.680941
          0.680783
          0.680623
          0.680468
          0.680322
          0.680187
          0.680064
          0.679951
          0.679850
          0.679759
          0.679677
          0.679604
          0.679538
          0.679482
          0.679430
          0.679384
          0.679344
          0.679308
          0.679278
          0.679250
          0.679227
          0.679204
          0.679185
          0.679171
          0.679154
          0.679142
          0.679133
          0.679123
          0.679115
          0.679111
          0.679107
          0.679104
          0.679100
          0.679096
          0.679095
          0.679092
          0.679092
          0.679091
          0.679090
          0.679089
          0.679089
          0.679091
          0.679091
          0.679092
          0.679093
          0.679093
          0.679094
          0.679091
          0.679093
          0.679094
          0.679095
          0.679097
          0.679098
          0.679099
          0.679100
          0.679101
          0.679101
          0.679103
          0.679104
          0.679104
          0.679105
          0.679105
          0.679106
          0.679107
          0.679108
          0.679108
          0.679108
          0.679108
          0.679109
          0.679110
          0.679110
          0.679111
          0.679111
          0.679112
          0.679112
          0.679113
          0.679112
          0.679113
          0.679113
          0.679114
          0.679114
          0.679115
          0.679114
          0.679113
          0.679114
          0.679114
          0.679115
          0.679115
          0.679115
          0.679115
          0.679115
          0.679115
          0.679115
          0.679115
          0.679115
          0.679115
          0.679116
          0.679115
          0.679115
          0.679116
          0.679116
          0.679115
          0.679115
          0.679116
          0.679116
          0.679116
          0.679116
          0.679116
          0.679116
          0.679116
          0.679116
          0.679116
          0.679116
          0.679116
          0.679116
          0.679116
          0.679116
          0.679116
          0.679117
          0.679116
          0.679116
          0.679116
          0.679117
          0.679116
          0.679116
          0.679116
          0.679116
          0.679117
          0.679117
          0.679116
          0.679116
          0.679116
          0.679116
          0.679116
          0.679117
          0.679115
          0.679116
          0.679116
          0.679115
          0.679115
          0.679116
          0.679116
          0.679116
          0.679116
          0.679116
          0.679116
          0.679117
          0.679116
          0.679117
          0.679116
          0.679116
          0.679116
          0.679117
          0.679116
          0.679117
          0.679116
          0.679116
          0.679116
          0.679116
          0.679116
          0.679116
          0.679116
          0.679116
          0.679116
          0.679116
          0.679116
          0.679116
          0.679116
          0.679116
          0.679116
          0.679116
          0.679115
          0.679115
          0.679116
          0.679116
          0.679116
          0.679116
          0.679115
          0.679116
          0.679116
          0.679116
          0.679116
          0.679115
          0.679117
          0.679116
          0.679116
          0.679116
          0.679116
          0.679116
          0.679116
          0.679117
          0.679116
          0.679116
          0.679116
          0.679116
          0.679116
          0.679116
          0.679116
          0.679115
          0.679116
          0.679115
          0.679116
          0.679116
          0.679116
          0.679116
          0.679115
          0.679115
          0.679116
          0.679116
          0.679116
          0.679115
          0.679116
          0.679116
          0.679115
          0.679116
          0.679116
          0.679117
          0.679116
          0.679116
          0.679116
          0.679115
          0.679115
          0.679116
          0.679116
          0.679116
          0.679115
          0.679116
          0.679116
          0.679116
          0.679116
          0.679116
          0.679116
          0.679116
          0.679115
          0.679115
          0.679115
          0.679115
          0.679115
          0.679115
          0.679116
          0.679116
          0.679116
          0.679116
          0.679116
          0.679116
          0.679116
          0.679116
          0.679116
          0.679116
