          0.999571
          0.999618
          0.999672
          0.999726
          0.999775
          0.999819
          0.999858
          0.999892
          0.999921
          0.999947
          0.999969
          0.999989
          1.000005
          1.000019
          1.000031
          1.000041
          1.000049
          1.000055
          1.000061
          1.000065
          1.000068
          1.000071
          1.000072
          1.000073
          1.000074
          1.000074
          1.000073
          1.000072
          1.000071
          1.000070
          1.000068
          1.000066
          1.000064
          1.000062
          1.000060
          1.000058
          1.000056
          1.000053
          1.000051
          1.000049
          1.000047
          1.000044
          1.000042
          1.000040
          1.000038
          1.000036
          1.000034
          1.000032
          1.000031
          1.000029
          1.000027
          1.000026
          1.000024
          1.000023
          1.000021
          1.000020
          1.000019
          1.000018
          1.000016
          1.000015
          1.000014
          1.000013
          1.000012
          1.000011
          1.000011
          1.000010
          1.000009
          1.000008
          1.000008
          1.000007
          1.000006
          1.000006
          1.000005
          1.000005
          1.000005
          1.000004
          1.000004
          1.000003
          1.000003
          1.000003
          1.000002
          1.000002
          1.000002
          1.000002
          1.000001
          1.000001
          1.000001
          1.000001
          1.000001
          1.000001
          1.000001
          1.000000
          1.000000
          1.000000
          1.000000
          1.000000
          1.000000
          1.000000
          1.000000
          1.000000
          1.000000
          1.000000
          0.999999
          0.999999
          0.999999
          0.999999
          0.999999
          0.999999
          0.999999
          0.999999
          0.999999
          0.999999
          0.999999
          0.999999
          0.999999
          0.999999
          0.999999
          0.999999
          0.999999
          0.999999
          0.999999
          0.999999
          0.999999
          0.999999
          0.999999
          0.999999
          0.999999
          0.999999
          0.999999
          0.999999
          0.999999
          0.999999
          0.999999
          0.999999
          0.999999
          0.999999
          0.999999
          0.999999
          0.999999
          0.999999
          0.999999
          0.999999
          0.999999
          0.999999
          0.999999
          0.999999
          0.999999
          0.999999
          0.999999
          0.999999
          0.999999
          0.999999
          0.999999
          0.999999
          0.999999
          0.999999
          0.999999
          0.999999
          0.999999
          0.999999
          0.999999
          0.999999
          0.999999
          0.999999
          0.999999
          0.999999
          0.999999
          0.999999
          0.999999
          0.999999
          0.999999
          0.999999
          0.999999
          0.999999
          0.999999
          0.999999
          0.999999
          0.999999
          0.999999
          0.999999
          0.999999
          0.999999
          0.999999
          0.999999
          0.999999
          0.999999
          0.999999
          0.999999
          1.000000
          1.000000
          1.000000
          1.000000
          1.000000
          1.000000
          1.000000
          1.000000
          1.000000
          1.000000
          1.000000
          1.000000
          1.000000
          1.000000
          0.999999
          1.000000
          1.000000
          1.000000
          1.000000
          0.999999
          1.000000
          1.000000
          1.000000
          1.000000
          1.000000
          1.000000
          1.000000
          1.000000
          1.000000
          1.000000
          1.000000
          1.000000
          1.000000
          1.000000
          1.000000
          1.000000
          1.000000
          1.000000
          1.000000
          1.000000
          1.000000
          1.000000
          1.000000
          1.000000
          1.000000
          1.000000
          1.000000
          1.000000
          1.000000
          1.000000
          1.000000
          1.000000
          1.000000
          1.000000
          1.000000
          1.000000
          1.000000
          1.000000
          1.000000
          1.000000
          1.000000
          1.000000
          1.000000
          1.000000
