          0.240817
          0.241864
          0.241844
          0.241755
          0.241647
          0.241543
          0.241449
          0.241365
          0.241289
          0.241222
          0.241161
          0.241106
          0.241057
          0.241013
          0.240974
          0.240938
          0.240906
          0.240878
          0.240852
          0.240829
          0.240808
          0.240790
          0.240773
          0.240758
          0.240745
          0.240732
          0.240721
          0.240712
          0.240703
          0.240695
          0.240688
          0.240682
          0.240676
          0.240671
          0.240666
          0.240662
          0.240658
          0.240655
          0.240652
          0.240650
          0.240648
          0.240645
          0.240643
          0.240642
          0.240640
          0.240639
          0.240638
          0.240637
          0.240636
          0.240635
          0.240634
          0.240634
          0.240633
          0.240633
          0.240632
          0.240632
          0.240632
          0.240631
          0.240631
          0.240631
          0.240630
          0.240630
          0.240630
          0.240630
          0.240630
          0.240630
          0.240630
          0.240630
          0.240629
          0.240629
          0.240629
          0.240629
          0.240629
          0.240629
          0.240629
          0.240629
          0.240629
          0.240629
          0.240629
          0.240629
          0.240629
          0.240629
          0.240629
          0.240629
          0.240629
          0.240629
          0.240629
          0.240629
          0.240629
          0.240629
          0.240629
          0.240629
          0.240629
          0.240629
          0.240629
          0.240629
          0.240629
          0.240629
          0.240629
          0.240629
          0.240629
          0.240629
          0.240629
          0.240629
          0.240629
          0.240629
          0.240629
          0.240629
          0.240629
          0.240629
          0.240629
          0.240629
          0.240629
          0.240629
          0.240629
          0.240629
          0.240629
          0.240629
          0.240629
          0.240629
          0.240629
          0.240629
          0.240630
          0.240629
          0.240629
          0.240629
          0.240629
          0.240629
          0.240629
          0.240629
          0.240629
          0.240629
          0.240629
          0.240629
          0.240629
          0.240629
          0.240629
          0.240629
          0.240629
          0.240629
          0.240629
          0.240629
          0.240629
          0.240629
          0.240629
          0.240630
          0.240629
          0.240630
          0.240629
          0.240630
          0.240630
          0.240629
          0.240629
          0.240629
          0.240629
          0.240629
          0.240630
          0.240629
          0.240629
          0.240629
          0.240629
          0.240629
          0.240629
          0.240629
          0.240629
          0.240629
          0.240629
          0.240629
          0.240629
          0.240629
          0.240629
          0.240629
          0.240629
          0.240629
          0.240629
          0.240629
          0.240629
          0.240630
          0.240630
          0.240629
          0.240629
          0.240629
          0.240629
          0.240630
          0.240629
          0.240629
          0.240629
          0.240630
          0.240629
          0.240629
          0.240629
          0.240629
          0.240630
          0.240629
          0.240629
          0.240629
          0.240629
          0.240629
          0.240629
          0.240629
          0.240629
          0.240629
          0.240629
          0.240630
          0.240629
          0.240629
          0.240629
          0.240629
          0.240629
          0.240629
          0.240630
          0.240630
          0.240629
          0.240629
          0.240629
          0.240630
          0.240629
          0.240629
          0.240630
          0.240629
          0.240630
          0.240629
          0.240629
          0.240629
          0.240629
          0.240629
          0.240630
          0.240629
          0.240629
          0.240629
          0.240630
          0.240630
          0.240629
          0.240630
          0.240629
          0.240629
          0.240629
          0.240629
          0.240629
          0.240629
          0.240629
          0.240630
          0.240629
          0.240630
          0.240629
          0.240630
          0.240630
          0.240629
          0.240630
          0.240629
          0.240630
          0.240630
