          0.037925
          0.038958
          0.039005
          0.038998
          0.038968
          0.038932
          0.038897
          0.038865
          0.038836
          0.038810
          0.038786
          0.038765
          0.038746
          0.038729
          0.038714
          0.038700
          0.038689
          0.038678
          0.038669
          0.038661
          0.038654
          0.038647
          0.038642
          0.038637
          0.038633
          0.038629
          0.038626
          0.038623
          0.038621
          0.038619
          0.038617
          0.038616
          0.038614
          0.038613
          0.038612
          0.038612
          0.038611
          0.038610
          0.038610
          0.038610
          0.038610
          0.038610
          0.038610
          0.038610
          0.038610
          0.038611
          0.038611
          0.038611
          0.038612
          0.038612
          0.038612
          0.038612
          0.038613
          0.038613
          0.038613
          0.038614
          0.038614
          0.038614
          0.038615
          0.038615
          0.038615
          0.038616
          0.038616
          0.038616
          0.038616
          0.038616
          0.038617
          0.038617
          0.038617
          0.038617
          0.038618
          0.038618
          0.038618
          0.038618
          0.038618
          0.038619
          0.038619
          0.038619
          0.038619
          0.038619
          0.038619
          0.038620
          0.038620
          0.038620
          0.038620
          0.038620
          0.038620
          0.038620
          0.038620
          0.038620
          0.038620
          0.038620
          0.038621
          0.038621
          0.038621
          0.038620
          0.038621
          0.038621
          0.038621
          0.038621
          0.038621
          0.038621
          0.038621
          0.038621
          0.038621
          0.038621
          0.038621
          0.038621
          0.038621
          0.038621
          0.038621
          0.038621
          0.038621
          0.038621
          0.038621
          0.038621
          0.038621
          0.038621
          0.038621
          0.038621
          0.038621
          0.038621
          0.038621
          0.038621
          0.038621
          0.038621
          0.038621
          0.038621
          0.038621
          0.038621
          0.038621
          0.038621
          0.038621
          0.038621
          0.038621
          0.038621
          0.038621
          0.038621
          0.038621
          0.038621
          0.038621
          0.038621
          0.038621
          0.038621
          0.038621
          0.038622
          0.038621
          0.038622
          0.038621
          0.038622
          0.038622
          0.038621
          0.038621
          0.038621
          0.038621
          0.038621
          0.038622
          0.038621
          0.038622
          0.038621
          0.038621
          0.038621
          0.038621
          0.038621
          0.038621
          0.038621
          0.038621
          0.038621
          0.038621
          0.038621
          0.038621
          0.038621
          0.038621
          0.038621
          0.038621
          0.038621
          0.038621
          0.038622
          0.038622
          0.038622
          0.038621
          0.038621
          0.038621
          0.038622
          0.038622
          0.038622
          0.038621
          0.038622
          0.038621
          0.038621
          0.038622
          0.038621
          0.038622
          0.038622
          0.038622
          0.038621
          0.038621
          0.038621
          0.038621
          0.038621
          0.038621
          0.038621
          0.038621
          0.038622
          0.038621
          0.038621
          0.038621
          0.038621
          0.038621
          0.038621
          0.038621
          0.038622
          0.038622
          0.038621
          0.038621
          0.038622
          0.038622
          0.038621
          0.038622
          0.038621
          0.038622
          0.038621
          0.038621
          0.038621
          0.038621
          0.038621
          0.038621
          0.038621
          0.038621
          0.038621
          0.038622
          0.038622
          0.038621
          0.038622
          0.038621
          0.038621
          0.038621
          0.038621
          0.038621
          0.038621
          0.038621
          0.038621
          0.038621
          0.038622
          0.038621
          0.038622
          0.038622
          0.038621
          0.038622
          0.038622
          0.038622
          0.038622
