          1.761354
          1.761947
          1.762136
          1.762129
          1.762061
          1.761986
          1.761913
          1.761845
          1.761785
          1.761731
          1.761681
          1.761639
          1.761602
          1.761568
          1.761539
          1.761513
          1.761493
          1.761474
          1.761457
          1.761444
          1.761431
          1.761423
          1.761413
          1.761408
          1.761400
          1.761397
          1.761395
          1.761389
          1.761388
          1.761388
          1.761386
          1.761383
          1.761385
          1.761386
          1.761386
          1.761385
          1.761385
          1.761387
          1.761386
          1.761390
          1.761390
          1.761391
          1.761392
          1.761394
          1.761397
          1.761399
          1.761399
          1.761403
          1.761401
          1.761404
          1.761405
          1.761407
          1.761409
          1.761410
          1.761412
          1.761413
          1.761415
          1.761415
          1.761417
          1.761416
          1.761420
          1.761419
          1.761420
          1.761421
          1.761421
          1.761423
          1.761425
          1.761424
          1.761425
          1.761425
          1.761424
          1.761426
          1.761427
          1.761427
          1.761428
          1.761428
          1.761430
          1.761430
          1.761431
          1.761429
          1.761432
          1.761431
          1.761432
          1.761432
          1.761434
          1.761431
          1.761430
          1.761432
          1.761433
          1.761433
          1.761433
          1.761433
          1.761434
          1.761434
          1.761432
          1.761433
          1.761434
          1.761433
          1.761433
          1.761436
          1.761433
          1.761433
          1.761435
          1.761433
          1.761433
          1.761433
          1.761435
          1.761434
          1.761435
          1.761434
          1.761435
          1.761434
          1.761435
          1.761433
          1.761435
          1.761434
          1.761433
          1.761433
          1.761433
          1.761433
          1.761434
          1.761436
          1.761432
          1.761435
          1.761434
          1.761435
          1.761433
          1.761434
          1.761433
          1.761435
          1.761435
          1.761435
          1.761434
          1.761433
          1.761434
          1.761433
          1.761434
          1.761435
          1.761431
          1.761435
          1.761432
          1.761432
          1.761432
          1.761433
          1.761434
          1.761432
          1.761434
          1.761433
          1.761434
          1.761436
          1.761433
          1.761434
          1.761433
          1.761433
          1.761433
          1.761435
          1.761433
          1.761435
          1.761433
          1.761432
          1.761433
          1.761433
          1.761433
          1.761435
          1.761432
          1.761433
          1.761434
          1.761432
          1.761432
          1.761433
          1.761433
          1.761433
          1.761432
          1.761433
          1.761431
          1.761432
          1.761433
          1.761434
          1.761434
          1.761432
          1.761431
          1.761432
          1.761433
          1.761433
          1.761433
          1.761430
          1.761435
          1.761433
          1.761432
          1.761433
          1.761432
          1.761434
          1.761433
          1.761434
          1.761432
          1.761432
          1.761433
          1.761433
          1.761433
          1.761432
          1.761432
          1.761432
          1.761434
          1.761431
          1.761432
          1.761432
          1.761432
          1.761433
          1.761430
          1.761432
          1.761433
          1.761433
          1.761431
          1.761430
          1.761434
          1.761433
          1.761430
          1.761434
          1.761432
          1.761434
          1.761431
          1.761433
          1.761433
          1.761431
          1.761431
          1.761432
          1.761432
          1.761432
          1.761431
          1.761433
          1.761433
          1.761431
          1.761434
          1.761432
          1.761432
          1.761433
          1.761430
          1.761432
          1.761431
          1.761431
          1.761432
          1.761430
          1.761433
          1.761431
          1.761431
          1.761432
          1.761431
          1.761432
          1.761431
          1.761433
          1.761432
          1.761432
