          1.509732
          1.510241
          1.510403
          1.510396
          1.510338
          1.510274
          1.510211
          1.510153
          1.510102
          1.510055
          1.510013
          1.509976
          1.509944
          1.509916
          1.509890
          1.509868
          1.509851
          1.509835
          1.509820
          1.509809
          1.509798
          1.509792
          1.509783
          1.509779
          1.509771
          1.509769
          1.509767
          1.509762
          1.509761
          1.509761
          1.509759
          1.509757
          1.509758
          1.509759
          1.509760
          1.509759
          1.509759
          1.509760
          1.509760
          1.509763
          1.509763
          1.509764
          1.509765
          1.509766
          1.509769
          1.509771
          1.509770
          1.509774
          1.509772
          1.509775
          1.509776
          1.509778
          1.509779
          1.509780
          1.509782
          1.509783
          1.509784
          1.509785
          1.509786
          1.509785
          1.509789
          1.509788
          1.509789
          1.509789
          1.509789
          1.509791
          1.509793
          1.509792
          1.509793
          1.509793
          1.509792
          1.509794
          1.509795
          1.509795
          1.509795
          1.509796
          1.509797
          1.509797
          1.509798
          1.509796
          1.509799
          1.509798
          1.509799
          1.509799
          1.509800
          1.509798
          1.509797
          1.509799
          1.509800
          1.509800
          1.509800
          1.509800
          1.509800
          1.509801
          1.509799
          1.509800
          1.509801
          1.509800
          1.509800
          1.509802
          1.509799
          1.509800
          1.509801
          1.509800
          1.509800
          1.509800
          1.509802
          1.509801
          1.509801
          1.509801
          1.509801
          1.509801
          1.509801
          1.509800
          1.509801
          1.509800
          1.509800
          1.509800
          1.509800
          1.509800
          1.509801
          1.509802
          1.509799
          1.509801
          1.509800
          1.509802
          1.509800
          1.509801
          1.509800
          1.509801
          1.509801
          1.509801
          1.509801
          1.509800
          1.509801
          1.509799
          1.509801
          1.509802
          1.509798
          1.509801
          1.509799
          1.509799
          1.509799
          1.509799
          1.509801
          1.509799
          1.509800
          1.509800
          1.509800
          1.509802
          1.509800
          1.509800
          1.509800
          1.509800
          1.509800
          1.509801
          1.509799
          1.509802
          1.509800
          1.509799
          1.509799
          1.509800
          1.509800
          1.509801
          1.509799
          1.509800
          1.509801
          1.509799
          1.509799
          1.509800
          1.509800
          1.509800
          1.509799
          1.509800
          1.509798
          1.509799
          1.509800
          1.509800
          1.509800
          1.509799
          1.509798
          1.509799
          1.509800
          1.509800
          1.509800
          1.509797
          1.509801
          1.509799
          1.509799
          1.509799
          1.509799
          1.509800
          1.509800
          1.509800
          1.509799
          1.509799
          1.509800
          1.509800
          1.509799
          1.509799
          1.509799
          1.509799
          1.509801
          1.509798
          1.509799
          1.509799
          1.509799
          1.509800
          1.509797
          1.509799
          1.509800
          1.509800
          1.509798
          1.509797
          1.509801
          1.509799
          1.509797
          1.509801
          1.509799
          1.509801
          1.509798
          1.509800
          1.509800
          1.509798
          1.509798
          1.509799
          1.509799
          1.509799
          1.509798
          1.509800
          1.509800
          1.509798
          1.509801
          1.509799
          1.509799
          1.509799
          1.509797
          1.509799
          1.509798
          1.509798
          1.509799
          1.509797
          1.509800
          1.509798
          1.509798
          1.509799
          1.509798
          1.509799
          1.509798
          1.509799
          1.509798
          1.509799
