          0.008655
          0.008666
          0.008669
          0.008668
          0.008665
          0.008663
          0.008661
          0.008658
          0.008656
          0.008654
          0.008653
          0.008651
          0.008650
          0.008648
          0.008647
          0.008646
          0.008645
          0.008644
          0.008644
          0.008643
          0.008642
          0.008642
          0.008641
          0.008641
          0.008640
          0.008640
          0.008640
          0.008639
          0.008639
          0.008639
          0.008639
          0.008638
          0.008638
          0.008638
          0.008638
          0.008638
          0.008638
          0.008638
          0.008638
          0.008638
          0.008637
          0.008637
          0.008637
          0.008637
          0.008637
          0.008637
          0.008637
          0.008637
          0.008637
          0.008637
          0.008637
          0.008637
          0.008637
          0.008637
          0.008637
          0.008637
          0.008637
          0.008637
          0.008637
          0.008637
          0.008637
          0.008637
          0.008637
          0.008637
          0.008637
          0.008637
          0.008637
          0.008637
          0.008637
          0.008637
          0.008637
          0.008637
          0.008637
          0.008637
          0.008637
          0.008637
          0.008637
          0.008637
          0.008637
          0.008637
          0.008637
          0.008637
          0.008637
          0.008637
          0.008637
          0.008637
          0.008637
          0.008637
          0.008637
          0.008637
          0.008637
          0.008637
          0.008637
          0.008637
          0.008637
          0.008637
          0.008637
          0.008637
          0.008637
          0.008637
          0.008637
          0.008637
          0.008637
          0.008637
          0.008637
          0.008637
          0.008637
          0.008637
          0.008637
          0.008637
          0.008637
          0.008637
          0.008637
          0.008637
          0.008637
          0.008637
          0.008637
          0.008637
          0.008637
          0.008637
          0.008637
          0.008637
          0.008637
          0.008637
          0.008637
          0.008637
          0.008637
          0.008637
          0.008637
          0.008637
          0.008637
          0.008637
          0.008637
          0.008637
          0.008637
          0.008637
          0.008637
          0.008637
          0.008637
          0.008637
          0.008637
          0.008637
          0.008637
          0.008637
          0.008637
          0.008637
          0.008637
          0.008637
          0.008637
          0.008637
          0.008637
          0.008637
          0.008637
          0.008637
          0.008637
          0.008637
          0.008637
          0.008637
          0.008637
          0.008637
          0.008637
          0.008637
          0.008637
          0.008637
          0.008637
          0.008637
          0.008637
          0.008637
          0.008637
          0.008637
          0.008637
          0.008637
          0.008637
          0.008637
          0.008637
          0.008637
          0.008637
          0.008637
          0.008637
          0.008637
          0.008637
          0.008637
          0.008637
          0.008637
          0.008637
          0.008637
          0.008637
          0.008637
          0.008637
          0.008637
          0.008637
          0.008637
          0.008637
          0.008637
          0.008637
          0.008637
          0.008637
          0.008637
          0.008637
          0.008637
          0.008637
          0.008637
          0.008637
          0.008637
          0.008637
          0.008637
          0.008637
          0.008637
          0.008637
          0.008637
          0.008637
          0.008637
          0.008637
          0.008637
          0.008637
          0.008637
          0.008637
          0.008637
          0.008637
          0.008637
          0.008637
          0.008637
          0.008637
          0.008637
          0.008637
          0.008637
          0.008637
          0.008637
          0.008637
          0.008637
          0.008637
          0.008637
          0.008637
          0.008637
          0.008637
          0.008637
          0.008637
          0.008637
          0.008637
          0.008637
          0.008637
          0.008637
          0.008637
          0.008637
          0.008637
          0.008637
          0.008637
          0.008637
          0.008637
          0.008637
          0.008637
          0.008637
          1.000155
          1.000154
          1.000144
          1.000129
          1.000115
          1.000102
          1.000089
          1.000078
          1.000068
          1.000059
          1.000052
          1.000044
          1.000038
          1.000033
          1.000028
          1.000023
          1.000019
          1.000016
          1.000013
          1.000010
          1.000008
          1.000006
          1.000004
          1.000003
          1.000001
          1.000000
          0.999999
          0.999998
          0.999998
          0.999997
          0.999996
          0.999996
          0.999996
          0.999995
          0.999995
          0.999995
          0.999995
          0.999995
          0.999995
          0.999995
          0.999995
          0.999995
          0.999995
          0.999995
          0.999995
          0.999995
          0.999995
          0.999996
          0.999996
          0.999996
          0.999996
          0.999996
          0.999996
          0.999996
          0.999997
          0.999997
          0.999997
          0.999997
          0.999997
          0.999997
          0.999997
          0.999997
          0.999998
          0.999998
          0.999998
          0.999998
          0.999998
          0.999998
          0.999998
          0.999998
          0.999998
          0.999998
          0.999999
          0.999999
          0.999999
          0.999999
          0.999999
          0.999999
          0.999999
          0.999999
          0.999999
          0.999999
          0.999999
          0.999999
          0.999999
          0.999999
          0.999999
          0.999999
          0.999999
          0.999999
          0.999999
          0.999999
          0.999999
          0.999999
          0.999999
          0.999999
          1.000000
          1.000000
          1.000000
          1.000000
          1.000000
          1.000000
          1.000000
          1.000000
          1.000000
          1.000000
          1.000000
          1.000000
          1.000000
          1.000000
          1.000000
          1.000000
          1.000000
          1.000000
          1.000000
          1.000000
          1.000000
          1.000000
          1.000000
          1.000000
          1.000000
          1.000000
          1.000000
          1.000000
          1.000000
          1.000000
          1.000000
          1.000000
          1.000000
          1.000000
          1.000000
          1.000000
          1.000000
          1.000000
          1.000000
          1.000000
          1.000000
          1.000000
          1.000000
          1.000000
          1.000000
          1.000000
          1.000000
          1.000000
          1.000000
          1.000000
          1.000000
          1.000000
          1.000000
          1.000000
          1.000000
          1.000000
          1.000000
          1.000000
          1.000000
          1.000000
          1.000000
          1.000000
          1.000000
          1.000000
          1.000000
          1.000000
          1.000000
          1.000000
          1.000000
          1.000000
          1.000000
          1.000000
          1.000000
          1.000000
          1.000000
          1.000000
          1.000000
          1.000000
          1.000000
          1.000000
          1.000000
          1.000000
          1.000000
          1.000000
          1.000000
          1.000000
          1.000000
          1.000000
          1.000000
          1.000000
          1.000000
          1.000000
          1.000000
          1.000000
          1.000000
          1.000000
          1.000000
          1.000000
          1.000000
          1.000000
          1.000000
          1.000000
          1.000000
          1.000000
          1.000000
          1.000000
          1.000000
          1.000000
          1.000000
          1.000000
          1.000000
          1.000000
          1.000000
          1.000000
          1.000000
          1.000000
          1.000000
          1.000000
          1.000000
          1.000000
          1.000000
          1.000000
          1.000000
          1.000000
          1.000000
          1.000000
          1.000000
          1.000000
          1.000000
          1.000001
          1.000001
          1.000002
          1.000003
          1.000004
          1.000007
          1.000010
          1.000015
          1.000023
          1.000034
          1.000052
          1.000078
          1.000117
          1.000175
          1.000263
          1.000394
          1.000591
          1.000887
          1.001331
          1.001997
          1.002997
          1.004499
          1.006756
          1.010151
          1.015265
          1.022985
          1.034675
          1.509732
          1.510241
          1.510403
          1.510396
          1.510338
          1.510274
          1.510211
          1.510153
          1.510102
          1.510055
          1.510013
          1.509976
          1.509944
          1.509916
          1.509890
          1.509868
          1.509851
          1.509835
          1.509820
          1.509809
          1.509798
          1.509792
          1.509783
          1.509779
          1.509771
          1.509769
          1.509767
          1.509762
          1.509761
          1.509761
          1.509759
          1.509757
          1.509758
          1.509759
          1.509760
          1.509759
          1.509759
          1.509760
          1.509760
          1.509763
          1.509763
          1.509764
          1.509765
          1.509766
          1.509769
          1.509771
          1.509770
          1.509774
          1.509772
          1.509775
          1.509776
          1.509778
          1.509779
          1.509780
          1.509782
          1.509783
          1.509784
          1.509785
          1.509786
          1.509785
          1.509789
          1.509788
          1.509789
          1.509789
          1.509789
          1.509791
          1.509793
          1.509792
          1.509793
          1.509793
          1.509792
          1.509794
          1.509795
          1.509795
          1.509795
          1.509796
          1.509797
          1.509797
          1.509798
          1.509796
          1.509799
          1.509798
          1.509799
          1.509799
          1.509800
          1.509798
          1.509797
          1.509799
          1.509800
          1.509800
          1.509800
          1.509800
          1.509800
          1.509801
          1.509799
          1.509800
          1.509801
          1.509800
          1.509800
          1.509802
          1.509799
          1.509800
          1.509801
          1.509800
          1.509800
          1.509800
          1.509802
          1.509801
          1.509801
          1.509801
          1.509801
          1.509801
          1.509801
          1.509800
          1.509801
          1.509800
          1.509800
          1.509800
          1.509800
          1.509800
          1.509801
          1.509802
          1.509799
          1.509801
          1.509800
          1.509802
          1.509800
          1.509801
          1.509800
          1.509801
          1.509801
          1.509801
          1.509801
          1.509800
          1.509801
          1.509799
          1.509801
          1.509802
          1.509798
          1.509801
          1.509799
          1.509799
          1.509799
          1.509799
          1.509801
          1.509799
          1.509800
          1.509800
          1.509800
          1.509802
          1.509800
          1.509800
          1.509800
          1.509800
          1.509800
          1.509801
          1.509799
          1.509802
          1.509800
          1.509799
          1.509799
          1.509800
          1.509800
          1.509801
          1.509799
          1.509800
          1.509801
          1.509799
          1.509799
          1.509800
          1.509800
          1.509800
          1.509799
          1.509800
          1.509798
          1.509799
          1.509800
          1.509800
          1.509800
          1.509799
          1.509798
          1.509799
          1.509800
          1.509800
          1.509800
          1.509797
          1.509801
          1.509799
          1.509799
          1.509799
          1.509799
          1.509800
          1.509800
          1.509800
          1.509799
          1.509799
          1.509800
          1.509800
          1.509799
          1.509799
          1.509799
          1.509799
          1.509801
          1.509798
          1.509799
          1.509799
          1.509799
          1.509800
          1.509797
          1.509799
          1.509800
          1.509800
          1.509798
          1.509797
          1.509801
          1.509799
          1.509797
          1.509801
          1.509799
          1.509801
          1.509798
          1.509800
          1.509800
          1.509798
          1.509798
          1.509799
          1.509799
          1.509799
          1.509798
          1.509800
          1.509800
          1.509798
          1.509801
          1.509799
          1.509799
          1.509799
          1.509797
          1.509799
          1.509798
          1.509798
          1.509799
          1.509797
          1.509800
          1.509798
          1.509798
          1.509799
          1.509798
          1.509799
          1.509798
          1.509799
          1.509798
          1.509799
          0.681515
          0.681229
          0.681086
          0.680941
          0.680783
          0.680623
          0.680468
          0.680322
          0.680187
          0.680064
          0.679951
          0.679850
          0.679759
          0.679677
          0.679604
          0.679538
          0.679482
          0.679430
          0.679384
          0.679344
          0.679308
          0.679278
          0.679250
          0.679227
          0.679204
          0.679185
          0.679171
          0.679154
          0.679142
          0.679133
          0.679123
          0.679115
          0.679111
          0.679107
          0.679104
          0.679100
          0.679096
          0.679095
          0.679092
          0.679092
          0.679091
          0.679090
          0.679089
          0.679089
          0.679091
          0.679091
          0.679092
          0.679093
          0.679093
          0.679094
          0.679091
          0.679093
          0.679094
          0.679095
          0.679097
          0.679098
          0.679099
          0.679100
          0.679101
          0.679101
          0.679103
          0.679104
          0.679104
          0.679105
          0.679105
          0.679106
          0.679107
          0.679108
          0.679108
          0.679108
          0.679108
          0.679109
          0.679110
          0.679110
          0.679111
          0.679111
          0.679112
          0.679112
          0.679113
          0.679112
          0.679113
          0.679113
          0.679114
          0.679114
          0.679115
          0.679114
          0.679113
          0.679114
          0.679114
          0.679115
          0.679115
          0.679115
          0.679115
          0.679115
          0.679115
          0.679115
          0.679115
          0.679115
          0.679115
          0.679116
          0.679115
          0.679115
          0.679116
          0.679116
          0.679115
          0.679115
          0.679116
          0.679116
          0.679116
          0.679116
          0.679116
          0.679116
          0.679116
          0.679116
          0.679116
          0.679116
          0.679116
          0.679116
          0.679116
          0.679116
          0.679116
          0.679117
          0.679116
          0.679116
          0.679116
          0.679117
          0.679116
          0.679116
          0.679116
          0.679116
          0.679117
          0.679117
          0.679116
          0.679116
          0.679116
          0.679116
          0.679116
          0.679117
          0.679115
          0.679116
          0.679116
          0.679115
          0.679115
          0.679116
          0.679116
          0.679116
          0.679116
          0.679116
          0.679116
          0.679117
          0.679116
          0.679117
          0.679116
          0.679116
          0.679116
          0.679117
          0.679116
          0.679117
          0.679116
          0.679116
          0.679116
          0.679116
          0.679116
          0.679116
          0.679116
          0.679116
          0.679116
          0.679116
          0.679116
          0.679116
          0.679116
          0.679116
          0.679116
          0.679116
          0.679115
          0.679115
          0.679116
          0.679116
          0.679116
          0.679116
          0.679115
          0.679116
          0.679116
          0.679116
          0.679116
          0.679115
          0.679117
          0.679116
          0.679116
          0.679116
          0.679116
          0.679116
          0.679116
          0.679117
          0.679116
          0.679116
          0.679116
          0.679116
          0.679116
          0.679116
          0.679116
          0.679115
          0.679116
          0.679115
          0.679116
          0.679116
          0.679116
          0.679116
          0.679115
          0.679115
          0.679116
          0.679116
          0.679116
          0.679115
          0.679116
          0.679116
          0.679115
          0.679116
          0.679116
          0.679117
          0.679116
          0.679116
          0.679116
          0.679115
          0.679115
          0.679116
          0.679116
          0.679116
          0.679115
          0.679116
          0.679116
          0.679116
          0.679116
          0.679116
          0.679116
          0.679116
          0.679115
          0.679115
          0.679115
          0.679115
          0.679115
          0.679115
          0.679116
          0.679116
          0.679116
          0.679116
          0.679116
          0.679116
          0.679116
          0.679116
          0.679116
          0.679116
         -0.003052
         -0.000448
         -0.000550
         -0.000539
         -0.000493
         -0.000443
         -0.000394
         -0.000348
         -0.000308
         -0.000270
         -0.000236
         -0.000206
         -0.000179
         -0.000155
         -0.000133
         -0.000113
         -0.000098
         -0.000083
         -0.000069
         -0.000058
         -0.000047
         -0.000040
         -0.000031
         -0.000025
         -0.000017
         -0.000013
         -0.000010
         -0.000004
         -0.000001
          0.000001
          0.000004
          0.000007
          0.000008
          0.000009
          0.000010
          0.000012
          0.000014
          0.000014
          0.000016
          0.000015
          0.000015
          0.000016
          0.000016
          0.000016
          0.000015
          0.000014
          0.000015
          0.000013
          0.000015
          0.000014
          0.000014
          0.000013
          0.000012
          0.000012
          0.000011
          0.000011
          0.000010
          0.000010
          0.000009
          0.000010
          0.000008
          0.000009
          0.000008
          0.000008
          0.000008
          0.000007
          0.000006
          0.000007
          0.000006
          0.000006
          0.000007
          0.000006
          0.000005
          0.000005
          0.000005
          0.000005
          0.000004
          0.000004
          0.000003
          0.000005
          0.000003
          0.000004
          0.000003
          0.000003
          0.000002
          0.000003
          0.000004
          0.000003
          0.000002
          0.000002
          0.000002
          0.000002
          0.000002
          0.000001
          0.000003
          0.000002
          0.000001
          0.000002
          0.000002
          0.000000
          0.000002
          0.000002
          0.000001
          0.000002
          0.000002
          0.000002
          0.000001
          0.000001
          0.000001
          0.000001
          0.000001
          0.000001
          0.000001
          0.000001
          0.000000
          0.000001
          0.000002
          0.000001
          0.000001
          0.000001
          0.000001
         -0.000000
          0.000002
          0.000000
          0.000001
          0.000000
          0.000001
          0.000001
          0.000002
          0.000000
          0.000000
          0.000000
          0.000001
          0.000001
          0.000000
          0.000001
          0.000001
         -0.000000
          0.000002
          0.000000
          0.000001
          0.000001
          0.000001
          0.000001
          0.000000
          0.000002
          0.000000
          0.000001
          0.000000
         -0.000001
          0.000001
          0.000000
          0.000001
          0.000001
          0.000001
         -0.000000
          0.000001
         -0.000001
          0.000001
          0.000001
          0.000001
          0.000000
          0.000001
         -0.000000
          0.000001
          0.000001
         -0.000000
          0.000001
          0.000001
          0.000001
          0.000000
          0.000001
          0.000001
          0.000001
          0.000002
          0.000001
          0.000000
         -0.000000
         -0.000000
          0.000001
          0.000002
          0.000001
          0.000000
          0.000000
          0.000000
          0.000002
         -0.000001
          0.000000
          0.000001
          0.000000
          0.000001
         -0.000000
         -0.000000
         -0.000000
          0.000001
          0.000001
         -0.000000
          0.000000
          0.000000
          0.000001
          0.000001
          0.000001
         -0.000001
          0.000001
          0.000001
          0.000001
          0.000001
          0.000000
          0.000002
          0.000001
         -0.000000
         -0.000000
          0.000001
          0.000002
         -0.000001
          0.000000
          0.000002
         -0.000001
          0.000001
         -0.000001
          0.000001
         -0.000000
         -0.000000
          0.000001
          0.000001
          0.000000
          0.000001
          0.000001
          0.000001
         -0.000000
         -0.000000
          0.000001
         -0.000001
          0.000000
          0.000001
         -0.000000
          0.000002
          0.000000
          0.000001
          0.000001
          0.000000
          0.000001
         -0.000000
          0.000001
          0.000001
          0.000000
          0.000001
          0.000000
          0.000001
          0.000000
          0.000001
          0.000000
