  8.655125298406788E-003  8.665594415327011E-003  8.668609306068423E-003
  8.667681101908612E-003  8.665443756929004E-003  8.663030867754129E-003
  8.660645336058349E-003  8.658399398098232E-003  8.656361488145652E-003
  8.654474089523476E-003  8.652720042938520E-003  8.651156996726235E-003
  8.649749853967803E-003  8.648448979399783E-003  8.647267067945139E-003
  8.646186783552412E-003  8.645299104821114E-003  8.644434936647731E-003
  8.643637722657006E-003  8.642957140757824E-003  8.642293247666072E-003
  8.641809419757262E-003  8.641247888584478E-003  8.640857576333014E-003
  8.640364841653361E-003  8.640032770044782E-003  8.639763705929143E-003
  8.639369990382515E-003  8.639132542315240E-003  8.638950262678935E-003
  8.638707933544560E-003  8.638444010662917E-003  8.638317695060779E-003
  8.638185842845295E-003  8.638062691341649E-003  8.637885722456490E-003
  8.637740993056085E-003  8.637679606547634E-003  8.637528693784206E-003
  8.637516042292808E-003  8.637440935313616E-003  8.637355906306283E-003
  8.637295502449752E-003  8.637253353642970E-003  8.637267284478093E-003
  8.637245442847096E-003  8.637158793324676E-003  8.637212127298314E-003
  8.637104975923588E-003  8.637120609386288E-003  8.637107597466326E-003
  8.637124666210227E-003  8.637106618397975E-003  8.637099598140871E-003
  8.637112368402733E-003  8.637113675138277E-003  8.637107461987308E-003
  8.637094910458354E-003  8.637108975551977E-003  8.637030335720695E-003
  8.637133499524864E-003  8.637082070031787E-003  8.637094427768126E-003
  8.637077889248324E-003  8.637064073387376E-003  8.637112774746351E-003
  8.637146394792404E-003  8.637108604213642E-003  8.637135577423698E-003
  8.637104654508516E-003  8.637069305774046E-003  8.637120472432336E-003
  8.637132251946541E-003  8.637133794396437E-003  8.637140811181339E-003
  8.637142158403152E-003  8.637200662338133E-003  8.637189108418136E-003
  8.637212821812401E-003  8.637138512271877E-003  8.637225555528255E-003
  8.637190946223323E-003  8.637231158949862E-003  8.637220758195662E-003
  8.637283865725123E-003  8.637189788687662E-003  8.637154208099808E-003
  8.637210957688934E-003  8.637234221000663E-003  8.637241852490821E-003
  8.637233695881746E-003  8.637255281450845E-003  8.637261558732508E-003
  8.637280116799101E-003  8.637213404023091E-003  8.637242646553158E-003
  8.637276102918161E-003  8.637253416772076E-003  8.637246278697632E-003
  8.637332746511907E-003  8.637235202700457E-003  8.637252159327841E-003
  8.637297914419265E-003  8.637257364746822E-003  8.637256740222954E-003
  8.637235492528008E-003  8.637310911284304E-003  8.637298733971772E-003
  8.637306891778284E-003  8.637286026159622E-003  8.637315106935720E-003
  8.637297789283724E-003  8.637320459786515E-003  8.637277840728562E-003
  8.637329424516099E-003  8.637299836454466E-003  8.637274073536320E-003
  8.637280720768541E-003  8.637280765066322E-003  8.637284134419998E-003
  8.637314043404749E-003  8.637371116638546E-003  8.637254070940523E-003
  8.637338987971723E-003  8.637304200289625E-003  8.637349711613881E-003
  8.637288118494431E-003  8.637321043817635E-003  8.637282459206376E-003
  8.637343135938187E-003  8.637356498380861E-003  8.637363737642977E-003
  8.637332817363612E-003  8.637297665277585E-003  8.637341298113412E-003
  8.637294987716693E-003  8.637334689682244E-003  8.637379241364387E-003
  8.637263081759947E-003  8.637362192356083E-003  8.637294000522230E-003
  8.637295680122569E-003  8.637296766390055E-003  8.637311095805495E-003
  8.637360874814048E-003  8.637299048718289E-003  8.637350314351974E-003
  8.637321977373737E-003  8.637347812763561E-003  8.637414521979454E-003
  8.637350259127468E-003  8.637363498618503E-003  8.637334257022797E-003
  8.637340843553071E-003  8.637344207663001E-003  8.637403560268278E-003
  8.637335541868364E-003  8.637413950112298E-003  8.637356152739070E-003
  8.637322247857866E-003  8.637326349197193E-003  8.637355165360103E-003
  8.637343314957968E-003  8.637394200217561E-003  8.637330241203953E-003
  8.637343638026661E-003  8.637384291336613E-003  8.637335633759428E-003
  8.637325264463187E-003  8.637349444857828E-003  8.637369079341187E-003
  8.637360034794388E-003  8.637330226605023E-003  8.637357450645630E-003
  8.637308038484167E-003  8.637327974044031E-003  8.637373764345797E-003
  8.637402926715122E-003  8.637402429210971E-003  8.637338913588666E-003
  8.637316669895138E-003  8.637351124074698E-003  8.637380826262461E-003
  8.637382564204796E-003  8.637385271953360E-003  8.637292701942068E-003
  8.637431085519775E-003  8.637375900428094E-003  8.637347769422292E-003
  8.637369030463868E-003  8.637359962204022E-003  8.637406230592745E-003
  8.637396014028477E-003  8.637415207992369E-003  8.637367535353368E-003
  8.637351265050351E-003  8.637396917072838E-003  8.637395553104606E-003
  8.637376061781702E-003  8.637360387215128E-003  8.637352052956871E-003
  8.637350949063876E-003  8.637427509333840E-003  8.637342417025662E-003
  8.637363859734504E-003  8.637366141117566E-003  8.637362015284002E-003
  8.637396913069511E-003  8.637298251492526E-003  8.637366371436462E-003
  8.637399998625957E-003  8.637403150317443E-003  8.637351733525886E-003
  8.637321373803398E-003  8.637444854748424E-003  8.637403330004902E-003
  8.637322118638702E-003  8.637436383216136E-003  8.637369805183179E-003
  8.637446425467148E-003  8.637358427210038E-003  8.637404411976858E-003
  8.637408670516374E-003  8.637334966367694E-003  8.637341539411026E-003
  8.637388505825768E-003  8.637376697228983E-003  8.637372677103910E-003
  8.637356961718280E-003  8.637411107395056E-003  8.637429897867874E-003
  8.637352662825342E-003  8.637443734485868E-003  8.637398867228198E-003
  8.637372754018442E-003  8.637405613854234E-003  8.637312242131890E-003
  8.637383517853682E-003  8.637373016653047E-003  8.637349661843416E-003
  8.637379864383076E-003  8.637332545515856E-003  8.637416181885177E-003
  8.637366588651324E-003  8.637378650812292E-003  8.637404808369522E-003
  8.637359311558788E-003  8.637396793454438E-003  8.637363515128348E-003
  8.637409255035800E-003  8.637353055774153E-003  8.637389554404544E-003
   1.00015454624129        1.00015432423585        1.00014367557499     
   1.00012942018352        1.00011501968766        1.00010159878318     
   1.00008935077416        1.00007829791059        1.00006837978463     
   1.00005948321857        1.00005153682193        1.00004447515830     
   1.00003819287553        1.00003260431135        1.00002765871962     
   1.00002329342310        1.00001945628422        1.00001603170547     
   1.00001302062733        1.00001039115278        1.00000807601729     
   1.00000607421393        1.00000427365067        1.00000274083693     
   1.00000136686826        1.00000023186677       0.999999230486297     
  0.999998331273723       0.999997624986920       0.999997009958750     
  0.999996455132491       0.999996010334523       0.999995689192074     
  0.999995404698613       0.999995164926843       0.999994970416369     
  0.999994859670718       0.999994813761565       0.999994779536732     
  0.999994820745327       0.999994844568001       0.999994900326205     
  0.999994995061632       0.999995112919645       0.999995241629253     
  0.999995345744813       0.999995451403329       0.999995602772063     
  0.999995708558453       0.999995877465809       0.999996024019845     
  0.999996179694468       0.999996315299870       0.999996454928734     
  0.999996592068180       0.999996714308506       0.999996830798006     
  0.999996947103168       0.999997068144787       0.999997175967702     
  0.999997332678200       0.999997417486014       0.999997536231136     
  0.999997645654386       0.999997766279409       0.999997893215336     
  0.999997986276149       0.999998056896686       0.999998153165624     
  0.999998230702960       0.999998330577088       0.999998454206370     
  0.999998542118275       0.999998623392071       0.999998704061465     
  0.999998782399364       0.999998858117232       0.999998896047369     
  0.999998943487782       0.999998975547922       0.999999058935805     
  0.999999084848175       0.999999135287843       0.999999157935592     
  0.999999188175739       0.999999179181860       0.999999234390166     
  0.999999313371419       0.999999352741762       0.999999377361153     
  0.999999397715470       0.999999425145555       0.999999440394697     
  0.999999452054907       0.999999452715745       0.999999499409859     
  0.999999525176603       0.999999530220576       0.999999552123500     
  0.999999578472081       0.999999548501424       0.999999586686726     
  0.999999611454396       0.999999608049167       0.999999632535219     
  0.999999657823563       0.999999696697654       0.999999684111499     
  0.999999683799100       0.999999678230613       0.999999687862908     
  0.999999680019510       0.999999684769349       0.999999675538208     
  0.999999695065388       0.999999680407455       0.999999688292870     
  0.999999714124946       0.999999735089631       0.999999756702181     
  0.999999776364209       0.999999776130258       0.999999738874987     
  0.999999780933002       0.999999764889657       0.999999774256418     
  0.999999753342318       0.999999775741406       0.999999775314945     
  0.999999801876475       0.999999787475208       0.999999765895918     
  0.999999741517050       0.999999738184003       0.999999758528052     
  0.999999750260458       0.999999774337087       0.999999771408358     
  0.999999741770051       0.999999791138163       0.999999773229372     
  0.999999802545051       0.999999831031231       0.999999858857761     
  0.999999878217089       0.999999867055953       0.999999898765523     
  0.999999895385505       0.999999910276854       0.999999907113638     
  0.999999860649833       0.999999858783895       0.999999847427619     
  0.999999856455167       0.999999860785211       0.999999862623871     
  0.999999825307589       0.999999834780577       0.999999790448521     
  0.999999788018449       0.999999806688518       0.999999821729896     
  0.999999816595199       0.999999818971612       0.999999788985453     
  0.999999804141583       0.999999809279041       0.999999788300555     
  0.999999800596503       0.999999819685727       0.999999823313681     
  0.999999814699573       0.999999814625034       0.999999833940140     
  0.999999836253373       0.999999873806020       0.999999897683045     
  0.999999890259053       0.999999865669697       0.999999842923825     
  0.999999863673383       0.999999898769909       0.999999910395930     
  0.999999904388845       0.999999896347622       0.999999887634797     
  0.999999940241430       0.999999898833244       0.999999897300572     
  0.999999913947064       0.999999914587852       0.999999921378380     
  0.999999896874294       0.999999879444821       0.999999850083036     
  0.999999852473403       0.999999864594212       0.999999845640150     
  0.999999829262823       0.999999826137990       0.999999833230241     
  0.999999846894479       0.999999860882709       0.999999825689144     
  0.999999848932645       0.999999855869641       0.999999862764138     
  0.999999873377735       0.999999861070281       0.999999916063932     
  0.999999924588884       0.999999911716059       0.999999898337180     
  0.999999921138697       0.999999963120501       0.999999923975046     
  0.999999917721472       0.999999968383810       0.999999947528577     
  0.999999980494434       0.999999975059940        1.00000004920335     
   1.00000012096515        1.00000023667033        1.00000046703781     
   1.00000079270732        1.00000123680025        1.00000191623428     
   1.00000293489954        1.00000446848584        1.00000672677525     
   1.00001011310812        1.00001525928151        1.00002290615755     
   1.00003443005732        1.00005173711626        1.00007767355346     
   1.00011664943763        1.00017504368557        1.00026264941230     
   1.00039408113461        1.00059122821584        1.00088705220293     
   1.00133087626650        1.00199702671729        1.00299706690060     
   1.00449897673236        1.00675609486837        1.01015124595082     
   1.01526547503321        1.02298536019407        1.03467542009226     
   1.50973190723811        1.51024054286147        1.51040251534595     
   1.51039591174023        1.51033829822055        1.51027405751016     
   1.51021121191942        1.51015309071711        1.51010175186518     
   1.51005506639178        1.51001270709006        1.50997606976954     
   1.50994423386904        1.50991550263642        1.50989028801675     
   1.50986801779855        1.50985117786567        1.50983477554785     
   1.50982016949178        1.50980874661650        1.50979773804913     
   1.50979160500229        1.50978281471874        1.50977872971338     
   1.50977141614141        1.50976867504367        1.50976712403020     
   1.50976192021813        1.50976098406150        1.50976127722456     
   1.50975937648257        1.50975712052534        1.50975832774312     
   1.50975913046446        1.50975975832331        1.50975881234254     
   1.50975860399019        1.50976048374251        1.50975966440532     
   1.50976262139801        1.50976329684316        1.50976367504066     
   1.50976466387450        1.50976612641311        1.50976890890660     
   1.50977051155282        1.50977027701259        1.50977362043185     
   1.50977247992638        1.50977489366121        1.50977554655358     
   1.50977766497767        1.50977874041082        1.50978001072989     
   1.50978171146157        1.50978294807201        1.50978390663981     
   1.50978461218568        1.50978601698283        1.50978488092168     
   1.50978856870147        1.50978784001646        1.50978886678806     
   1.50978899110753        1.50978939821895        1.50979133512631     
   1.50979271781947        1.50979212140007        1.50979334252306     
   1.50979279535039        1.50979223610154        1.50979411136121     
   1.50979467183022        1.50979499388676        1.50979529624471     
   1.50979573454897        1.50979745757295        1.50979722789854     
   1.50979804216699        1.50979611279971        1.50979860813793     
   1.50979773598936        1.50979905497811        1.50979887078143     
   1.50980048727078        1.50979797933685        1.50979717383723     
   1.50979897199394        1.50979964426008        1.50979987785624     
   1.50979961995348        1.50980011373044        1.50980030988870     
   1.50980077135001        1.50979893078936        1.50979990322516     
   1.50980073876394        1.50980004670638        1.50979993225910     
   1.50980219475695        1.50979936901743        1.50980004084113     
   1.50980113008943        1.50980000539913        1.50979999724127     
   1.50979950384504        1.50980164070572        1.50980099850278     
   1.50980121265127        1.50980056465403        1.50980121493506     
   1.50980068114715        1.50980121919146        1.50980006376673     
   1.50980145418031        1.50980045639695        1.50979973080494     
   1.50979996909596        1.50979993699583        1.50980001762161     
   1.50980082104147        1.50980226414438        1.50979901474441     
   1.50980142173659        1.50980030960466        1.50980152573379     
   1.50979969563770        1.50980065565572        1.50979952423681     
   1.50980119513829        1.50980140694368        1.50980143535459     
   1.50980056983907        1.50979962056371        1.50980077232032     
   1.50979942562984        1.50980054857627        1.50980151730283     
   1.50979828573986        1.50980106454849        1.50979910113315     
   1.50979914331820        1.50979917823760        1.50979948202024     
   1.50980060491357        1.50979880246979        1.50980024123732     
   1.50979950426935        1.50980024020453        1.50980190692654     
   1.50980000962291        1.50980040081553        1.50979953385287     
   1.50979972771505        1.50979982628998        1.50980137095243     
   1.50979941376703        1.50980163006258        1.50979980610577     
   1.50979902112041        1.50979921463985        1.50980006764745     
   1.50979977604239        1.50980102010468        1.50979910774899     
   1.50979956475558        1.50980058566451        1.50979921718189     
   1.50979896483344        1.50979957734666        1.50980004335589     
   1.50979961130806        1.50979885747026        1.50979951376042     
   1.50979802102650        1.50979860157709        1.50979988741557     
   1.50980047847205        1.50980033110636        1.50979853317286     
   1.50979798697709        1.50979895869917        1.50979958218861     
   1.50979967926472        1.50979965051117        1.50979718994465     
   1.50980103897811        1.50979928936613        1.50979856964719     
   1.50979927350419        1.50979900689273        1.50980026529933     
   1.50979994395063        1.50980037420736        1.50979908356244     
   1.50979873563376        1.50980001113491        1.50979983833311     
   1.50979929475319        1.50979890038658        1.50979861276914     
   1.50979862819429        1.50980054695060        1.50979813023050     
   1.50979888010640        1.50979884011008        1.50979866811054     
   1.50979959059670        1.50979684137484        1.50979878673277     
   1.50979962658564        1.50979961045172        1.50979813437883     
   1.50979749312481        1.50980084184597        1.50979949382655     
   1.50979739180210        1.50980054952705        1.50979868610312     
   1.50980077024629        1.50979830220942        1.50979964629640     
   1.50979957715344        1.50979769093665        1.50979791280563     
   1.50979920123394        1.50979869035531        1.50979865370003     
   1.50979836697178        1.50979970533536        1.50980007492772     
   1.50979800958508        1.50980057075365        1.50979914640191     
   1.50979852949799        1.50979935772903        1.50979679705454     
   1.50979874871582        1.50979832491116        1.50979781200564     
   1.50979864241209        1.50979726691582        1.50979960025223     
   1.50979804772306        1.50979836906919        1.50979906715036     
   1.50979775916187        1.50979887074024        1.50979792119658     
   1.50979916335001        1.50979764439979        1.50979861763809     
  0.681514762142382       0.681228747236165       0.681085995518914     
  0.680941055055109       0.680782769830432       0.680623441066389     
  0.680468359652019       0.680321958826431       0.680187369748116     
  0.680063876333302       0.679950892391318       0.679849572283334     
  0.679758969417659       0.679677129237190       0.679603758124585     
  0.679538017803643       0.679481643887851       0.679430421486358     
  0.679384301469776       0.679344281398957       0.679307820529222     
  0.679278299709340       0.679249589363205       0.679226772263350     
  0.679203516354999       0.679185364531164       0.679170667443346     
  0.679154261884115       0.679142224067658       0.679132939459647     
  0.679123213219961       0.679115192517377       0.679110718557854     
  0.679106880456617       0.679103590559965       0.679099590244072     
  0.679096198617017       0.679094636177479       0.679091879572249     
  0.679091640404051       0.679090723817743       0.679089656179094     
  0.679089030398757       0.679089236441853       0.679090569674778     
  0.679091393380332       0.679091598415260       0.679093165280179     
  0.679092814176292       0.679093907841478       0.679090781022223     
  0.679092645470945       0.679094062881033       0.679095429988346     
  0.679096908351793       0.679098193867062       0.679099271246576     
  0.679100174595371       0.679101269494871       0.679101311378488     
  0.679103152108357       0.679103509968401       0.679104314934756     
  0.679104797552595       0.679105251859674       0.679106370556256     
  0.679107394084272       0.679107581460450       0.679108300239524     
  0.679108410182654       0.679108360005809       0.679109247529497     
  0.679109838160361       0.679110274419666       0.679110702507167     
  0.679111070847352       0.679112024960678       0.679112274648314     
  0.679112775971748       0.679112192554122       0.679113200756073     
  0.679113116222278       0.679113703927512       0.679113802874507     
  0.679114611941637       0.679113770278080       0.679113302917240     
  0.679113922287854       0.679114378587006       0.679114654339304     
  0.679114696114055       0.679114994270398       0.679115164468103     
  0.679115440667892       0.679114772140921       0.679115018703917     
  0.679115454684295       0.679115306436659       0.679115239864148     
  0.679116210393363       0.679115289465894       0.679115356906703     
  0.679115856572373       0.679115508984748       0.679115467112768     
  0.679115238622531       0.679116083285598       0.679116098816556     
  0.679116217143856       0.679115998302251       0.679116258288705     
  0.679116083759550       0.679116284927597       0.679115826767980     
  0.679116305421370       0.679116012551749       0.679115664920044     
  0.679115664142714       0.679115656331331       0.679115710672939     
  0.679116081569293       0.679116792650205       0.679115612729528     
  0.679116364842041       0.679116067384847       0.679116520121413     
  0.679115882598830       0.679116134231135       0.679115718389068     
  0.679116329367891       0.679116564929671       0.679116665392946     
  0.679116310551916       0.679115805703921       0.679116155216194     
  0.679115660708597       0.679116011259983       0.679116528487560     
  0.679115306294799       0.679116196310992       0.679115546736130     
  0.679115470205617       0.679115469292705       0.679115643396574     
  0.679116241138735       0.679115679098110       0.679116192976603     
  0.679115985872493       0.679116272747390       0.679117059658514     
  0.679116470930192       0.679116501789908       0.679116132081000     
  0.679116108459586       0.679116124252418       0.679116771671740     
  0.679116103899104       0.679116853168033       0.679116268825672     
  0.679115763770443       0.679115679665624       0.679115975391157     
  0.679115892089094       0.679116432313597       0.679115781665188     
  0.679115807346074       0.679116219799179       0.679115733883983     
  0.679115525900749       0.679115730722653       0.679115966384325     
  0.679115893156308       0.679115548073945       0.679115773196946     
  0.679115236920898       0.679115381086613       0.679115937924359     
  0.679116370112985       0.679116443917124       0.679115737573937     
  0.679115338933435       0.679115633549760       0.679116013893712     
  0.679116121915173       0.679116180859714       0.679115169500738     
  0.679116545551885       0.679116139630971       0.679115781578973     
  0.679115951961000       0.679115867885514       0.679116383080517     
  0.679116354676156       0.679116547924697       0.679116022883678     
  0.679115723337985       0.679116141744541       0.679116161977765     
  0.679115929280183       0.679115682461415       0.679115518585204     
  0.679115464646941       0.679116282088884       0.679115466943124     
  0.679115575668578       0.679115588467487       0.679115532853504     
  0.679115916262334       0.679114882638538       0.679115481965854     
  0.679115963395408       0.679116116930377       0.679115585720062     
  0.679115165603255       0.679116464906049       0.679116220385759     
  0.679115305686968       0.679116410578137       0.679115844103205     
  0.679116606952261       0.679115714020851       0.679116058935960     
  0.679116101026355       0.679115271684980       0.679115187030707     
  0.679115677237950       0.679115626021947       0.679115604228043     
  0.679115452648741       0.679116025999684       0.679116329441756     
  0.679115520475923       0.679116384228845       0.679115970534088     
  0.679115596691347       0.679115845410642       0.679114810751346     
  0.679115416752524       0.679115382179131       0.679115159083535     
  0.679115484160294       0.679115032039540       0.679115921281802     
  0.679115537341040       0.679115633993758       0.679115954919115     
  0.679115517477349       0.679115891284616       0.679115591315449     
  0.679116079369643       0.679115564932694       0.679115910824899     
 -3.051632768045323E-003 -4.482011265635986E-004 -5.498332341219054E-004
 -5.387777041767250E-004 -4.931576273287677E-004 -4.430920348681309E-004
 -3.940233078261033E-004 -3.483378538459378E-004 -3.075027641417981E-004
 -2.700629780728292E-004 -2.357540139686507E-004 -2.056204008534182E-004
 -1.789827547859115E-004 -1.546619108654349E-004 -1.329440332399958E-004
 -1.134260382638445E-004 -9.791565312795409E-005 -8.284121837032734E-005
 -6.916038591114892E-005 -5.787522857577133E-005 -4.697365498064403E-005
 -3.970243742679648E-005 -3.066107260015601E-005 -2.511163821523797E-005
 -1.735484168678273E-005 -1.296112033411363E-005 -9.590747718776702E-006
 -3.667756645638942E-006 -9.121119421299979E-007  8.411881488225740E-007
  4.037035688729641E-006  7.476391728424231E-006  8.291637080783253E-006
  9.306158245630198E-006  1.032574727308028E-005  1.242424761078820E-005
  1.391629712601172E-005  1.381332866501036E-005  1.559170307437092E-005
  1.458337866194108E-005  1.509991380996269E-005  1.579339334099057E-005
  1.599993341488261E-005  1.582814567492055E-005  1.463063952791200E-005
  1.422873388299207E-005  1.512645262579249E-005  1.335218163180565E-005
  1.480116747260466E-005  1.367656349082717E-005  1.364504043861047E-005
  1.263749235223468E-005  1.235669057468673E-005  1.189876716917525E-005
  1.109215875688000E-005  1.058124171478667E-005  1.024461406674438E-005
  1.006385350296696E-005  9.355466679632388E-006  1.048368348161097E-005
  8.064716581740107E-006  8.815786224656781E-006  8.280712446048058E-006
  8.373811146727726E-006  8.289387425951685E-006  7.053669490977428E-006
  6.188550154984961E-006  6.751250012341598E-006  5.992115790492004E-006
  6.481877638384787E-006  6.995095354499286E-006  5.745444180333623E-006
  5.408382377184039E-006  5.248575919185249E-006  5.071022343617541E-006
  4.842347453359147E-006  3.628103028721274E-006  3.824857571096887E-006
  3.271782440514495E-006  4.702440427459612E-006  2.913138915860902E-006
  3.565257674287599E-006  2.645414090813155E-006  2.796660468248586E-006
  1.597504083202778E-006  3.426707779056240E-006  4.034823008824736E-006
  2.762739663763536E-006  2.273752076949303E-006  2.100977893432115E-006
  2.274593204942939E-006  1.889328017286582E-006  1.739961037254854E-006
  1.383509545090889E-006  2.706697028463129E-006  2.015726923367385E-006
  1.380785315421623E-006  1.858077584170030E-006  1.941316351390984E-006
  2.619594760466018E-007  2.274574593781208E-006  1.805354962306192E-006
  9.687141194786350E-007  1.767972827217732E-006  1.759619809198765E-006
  2.119720606498201E-006  5.643456249565463E-007  9.647852782760862E-007
  7.924819315082926E-007  1.235411219602999E-006  7.211336901889530E-007
  1.082292550244310E-006  6.587075856650971E-007  1.483022441223016E-006
  4.488955339003201E-007  1.122852669062178E-006  1.627543369795206E-006
  1.445261023774203E-006  1.445696630320757E-006  1.369236183271850E-006
  7.671740351277369E-007 -3.192491741831657E-007  2.021096240127970E-006
  2.686064334565412E-007  1.035087268461127E-006  1.292128248017300E-007
  1.419928289669083E-006  7.158610554902615E-007  1.511590795320157E-006
  2.835490054782539E-007  8.799845056201026E-008  2.105383754698491E-008
  6.287237720392515E-007  1.302801519256053E-006  4.386231849141591E-007
  1.386195841325342E-006  5.569995934700833E-007 -2.106960142801229E-007
  2.111586670968956E-006  8.153872438131130E-008  1.474451052207801E-006
  1.425592461080128E-006  1.385817354622666E-006  1.136446564141313E-006
  2.657627321555999E-007  1.546692021703531E-006  4.958321796226867E-007
  1.030183791079528E-006  4.926259269372092E-007 -7.551516492092619E-007
  5.924904012502410E-007  3.032664111060371E-007  9.133655152720694E-007
  7.660475015048254E-007  6.876237496189594E-007 -4.585673021581842E-007
  9.396214578612574E-007 -6.717250033590238E-007  6.011875568466346E-007
  1.183980600042119E-006  1.045428589326119E-006  4.247697892558999E-007
  6.317352515698887E-007 -3.109296678288970E-007  1.039635288282487E-006
  7.095974738076334E-007 -6.262526558631598E-008  9.123821036641958E-007
  1.087519365855252E-006  6.201300695756799E-007  2.552176857990517E-007
  5.234772111743818E-007  1.068325155710969E-006  5.617585189679539E-007
  1.611014261811639E-006  1.183822612905939E-006  2.443746002190176E-007
 -2.313886269996921E-007 -1.591813091104336E-007  1.126163077915735E-006
  1.523362975755638E-006  8.124099967711169E-007  3.180519553747917E-007
  2.476233995518988E-007  2.423091663926817E-007  2.038306629909052E-006
 -7.574817044550619E-007  4.679958645947598E-007  9.941197446347358E-007
  4.980686653971015E-007  6.851812711016151E-007 -2.355052289050369E-007
 -1.340720118723297E-008 -3.489671549802886E-007  5.852933401002611E-007
  8.483139861231508E-007 -8.212386501357925E-008  1.223243614064808E-008
  3.966619704561169E-007  6.799370201401277E-007  8.696928389737666E-007
  8.577362803970652E-007 -5.781819451569078E-007  1.154721330523099E-006
  6.271819832388497E-007  6.293351455131333E-007  7.352388813542051E-007
  4.909954112065592E-008  2.033014876977907E-006  6.256007532787181E-007
 -4.506143896867217E-009 -1.631604010416076E-008  1.039976334267737E-006
  1.535582736854428E-006 -9.089954254372885E-007  3.133941835984613E-008
  1.577982780051943E-006 -7.173529325815456E-007  6.280837808117953E-007
 -8.952856438107134E-007  8.845286276709632E-007 -8.493447393182809E-008
 -7.403470739670167E-008  1.313246217930963E-006  1.153163164431435E-006
  2.113560991541810E-007  5.459871302736814E-007  5.806402168780554E-007
  8.105450886760954E-007 -1.910545588799057E-007 -4.897304564949246E-007
  1.015787114809662E-006 -8.423764459716512E-007  1.519135562574414E-007
  6.081944922402143E-007 -1.677038128069609E-008  1.835958431839667E-006
  4.077422655657005E-007  6.847799775452213E-007  1.072857576417945E-006
  4.638986159442629E-007  1.447276482852505E-006 -2.454350745743154E-007
  8.486624713282910E-007  6.122476649012391E-007  1.008655594971479E-007
  1.042438368398261E-006  2.503047884048457E-007  9.380369321929504E-007
  3.705881094543843E-008  1.151540925673214E-006  4.469150321237156E-007
