          1.269127
          1.269111
          1.269101
          1.269086
          1.269067
          1.269048
          1.269030
          1.269012
          1.268997
          1.268983
          1.268970
          1.268959
          1.268949
          1.268940
          1.268932
          1.268924
          1.268919
          1.268914
          1.268909
          1.268905
          1.268901
          1.268899
          1.268896
          1.268895
          1.268893
          1.268892
          1.268891
          1.268889
          1.268889
          1.268889
          1.268888
          1.268888
          1.268888
          1.268888
          1.268888
          1.268888
          1.268888
          1.268888
          1.268888
          1.268889
          1.268889
          1.268889
          1.268889
          1.268890
          1.268891
          1.268891
          1.268891
          1.268892
          1.268891
          1.268892
          1.268893
          1.268893
          1.268893
          1.268894
          1.268894
          1.268894
          1.268895
          1.268895
          1.268895
          1.268894
          1.268896
          1.268895
          1.268895
          1.268895
          1.268895
          1.268896
          1.268896
          1.268896
          1.268896
          1.268896
          1.268896
          1.268896
          1.268896
          1.268896
          1.268897
          1.268897
          1.268897
          1.268897
          1.268897
          1.268896
          1.268897
          1.268897
          1.268897
          1.268897
          1.268898
          1.268897
          1.268896
          1.268897
          1.268897
          1.268897
          1.268897
          1.268897
          1.268897
          1.268898
          1.268897
          1.268897
          1.268897
          1.268897
          1.268897
          1.268898
          1.268897
          1.268897
          1.268897
          1.268897
          1.268897
          1.268897
          1.268897
          1.268897
          1.268897
          1.268897
          1.268897
          1.268897
          1.268897
          1.268897
          1.268897
          1.268897
          1.268896
          1.268896
          1.268896
          1.268896
          1.268897
          1.268897
          1.268896
          1.268897
          1.268896
          1.268897
          1.268896
          1.268896
          1.268896
          1.268897
          1.268897
          1.268897
          1.268896
          1.268896
          1.268896
          1.268896
          1.268896
          1.268897
          1.268895
          1.268896
          1.268896
          1.268896
          1.268896
          1.268896
          1.268896
          1.268895
          1.268896
          1.268896
          1.268896
          1.268897
          1.268896
          1.268896
          1.268896
          1.268896
          1.268896
          1.268896
          1.268896
          1.268896
          1.268896
          1.268895
          1.268895
          1.268896
          1.268895
          1.268896
          1.268895
          1.268895
          1.268896
          1.268895
          1.268895
          1.268895
          1.268896
          1.268895
          1.268895
          1.268895
          1.268895
          1.268895
          1.268895
          1.268896
          1.268896
          1.268895
          1.268895
          1.268895
          1.268895
          1.268895
          1.268895
          1.268894
          1.268896
          1.268895
          1.268895
          1.268895
          1.268895
          1.268895
          1.268895
          1.268895
          1.268895
          1.268895
          1.268895
          1.268895
          1.268895
          1.268895
          1.268895
          1.268895
          1.268895
          1.268894
          1.268895
          1.268895
          1.268895
          1.268895
          1.268894
          1.268895
          1.268895
          1.268895
          1.268894
          1.268894
          1.268895
          1.268895
          1.268894
          1.268895
          1.268895
          1.268895
          1.268894
          1.268895
          1.268895
          1.268894
          1.268894
          1.268895
          1.268894
          1.268894
          1.268894
          1.268895
          1.268895
          1.268894
          1.268895
          1.268895
          1.268894
          1.268895
          1.268894
          1.268894
          1.268894
          1.268894
          1.268894
          1.268894
          1.268895
          1.268894
          1.268894
          1.268895
          1.268894
          1.268895
          1.268894
          1.268895
          1.268894
          1.268895
