         13.371165
         13.373419
         13.371915
         13.370431
         13.369121
         13.368046
         13.367218
         13.366622
         13.366230
         13.366009
         13.365923
         13.365942
         13.366037
         13.366186
         13.366369
         13.366572
         13.366783
         13.366994
         13.367200
         13.367396
         13.367580
         13.367751
         13.367909
         13.368054
         13.368186
         13.368308
         13.368418
         13.368519
         13.368612
         13.368697
         13.368775
         13.368848
         13.368915
         13.368978
         13.369036
         13.369091
         13.369142
         13.369191
         13.369237
         13.369281
         13.369323
         13.369362
         13.369400
         13.369436
         13.369471
         13.369504
         13.369536
         13.369567
         13.369597
         13.369626
         13.369653
         13.369680
         13.369706
         13.369731
         13.369755
         13.369779
         13.369802
         13.369824
         13.369846
         13.369867
         13.369888
         13.369908
         13.369927
         13.369947
         13.369965
         13.369984
         13.370002
         13.370019
         13.370036
         13.370053
         13.370069
         13.370086
         13.370101
         13.370117
         13.370132
         13.370147
         13.370162
         13.370176
         13.370191
         13.370204
         13.370218
         13.370232
         13.370245
         13.370258
         13.370271
         13.370283
         13.370296
         13.370308
         13.370320
         13.370332
         13.370344
         13.370355
         13.370366
         13.370378
         13.370389
         13.370399
         13.370410
         13.370421
         13.370431
         13.370441
         13.370451
         13.370461
         13.370471
         13.370480
         13.370490
         13.370499
         13.370508
         13.370517
         13.370526
         13.370535
         13.370544
         13.370553
         13.370561
         13.370569
         13.370577
         13.370586
         13.370594
         13.370601
         13.370609
         13.370617
         13.370624
         13.370632
         13.370639
         13.370646
         13.370653
         13.370660
         13.370667
         13.370674
         13.370681
         13.370688
         13.370694
         13.370701
         13.370707
         13.370713
         13.370719
         13.370726
         13.370732
         13.370737
         13.370743
         13.370749
         13.370755
         13.370760
         13.370766
         13.370771
         13.370777
         13.370782
         13.370787
         13.370792
         13.370797
         13.370802
         13.370807
         13.370812
         13.370817
         13.370822
         13.370826
         13.370831
         13.370836
         13.370840
         13.370844
         13.370849
         13.370853
         13.370857
         13.370861
         13.370866
         13.370870
         13.370874
         13.370877
         13.370881
         13.370885
         13.370889
         13.370893
         13.370896
         13.370900
         13.370903
         13.370907
         13.370910
         13.370914
         13.370917
         13.370920
         13.370924
         13.370927
         13.370930
         13.370933
         13.370936
         13.370939
         13.370942
         13.370945
         13.370948
         13.370951
         13.370953
         13.370956
         13.370959
         13.370962
         13.370964
         13.370967
         13.370969
         13.370972
         13.370974
         13.370977
         13.370979
         13.370981
         13.370984
         13.370986
         13.370988
         13.370990
         13.370993
         13.370995
         13.370997
         13.370999
         13.371001
         13.371003
         13.371005
         13.371007
         13.371008
         13.371010
         13.371012
         13.371014
         13.371016
         13.371017
         13.371019
         13.371020
         13.371022
         13.371024
         13.371025
         13.371026
         13.371028
         13.371029
         13.371031
         13.371032
         13.371033
         13.371034
         13.371035
         13.371036
         13.371037
         13.371038
         13.371039
         13.371040
         13.371041
         13.371041
         13.371042
         13.371042
         13.371042
         13.371042
         13.371042
         13.371042
         13.371041
         13.371041
         13.371040
         13.371039
         13.371037
         13.371036
         13.371033
         13.371031
