          0.615282
          0.614901
          0.614785
          0.614713
          0.614670
          0.614651
          0.614649
          0.614658
          0.614675
          0.614698
          0.614725
          0.614752
          0.614780
          0.614808
          0.614834
          0.614858
          0.614881
          0.614902
          0.614921
          0.614939
          0.614955
          0.614969
          0.614982
          0.614994
          0.615005
          0.615015
          0.615024
          0.615032
          0.615040
          0.615047
          0.615053
          0.615059
          0.615065
          0.615070
          0.615075
          0.615079
          0.615083
          0.615087
          0.615091
          0.615095
          0.615098
          0.615101
          0.615104
          0.615107
          0.615109
          0.615112
          0.615114
          0.615116
          0.615119
          0.615121
          0.615122
          0.615124
          0.615126
          0.615128
          0.615129
          0.615131
          0.615132
          0.615134
          0.615135
          0.615136
          0.615137
          0.615139
          0.615140
          0.615141
          0.615142
          0.615143
          0.615144
          0.615145
          0.615146
          0.615147
          0.615148
          0.615148
          0.615149
          0.615150
          0.615151
          0.615151
          0.615152
          0.615153
          0.615154
          0.615154
          0.615155
          0.615155
          0.615156
          0.615157
          0.615157
          0.615158
          0.615158
          0.615159
          0.615159
          0.615160
          0.615160
          0.615161
          0.615161
          0.615162
          0.615162
          0.615163
          0.615163
          0.615163
          0.615164
          0.615164
          0.615165
          0.615165
          0.615165
          0.615166
          0.615166
          0.615166
          0.615167
          0.615167
          0.615168
          0.615168
          0.615168
          0.615168
          0.615169
          0.615169
          0.615169
          0.615170
          0.615170
          0.615170
          0.615171
          0.615171
          0.615171
          0.615171
          0.615172
          0.615172
          0.615172
          0.615172
          0.615173
          0.615173
          0.615173
          0.615173
          0.615174
          0.615174
          0.615174
          0.615174
          0.615175
          0.615175
          0.615175
          0.615175
          0.615175
          0.615176
          0.615176
          0.615176
          0.615176
          0.615176
          0.615177
          0.615177
          0.615177
          0.615177
          0.615177
          0.615177
          0.615178
          0.615178
          0.615178
          0.615178
          0.615178
          0.615178
          0.615179
          0.615179
          0.615179
          0.615179
          0.615179
          0.615179
          0.615179
          0.615180
          0.615180
          0.615180
          0.615180
          0.615180
          0.615180
          0.615180
          0.615181
          0.615181
          0.615181
          0.615181
          0.615181
          0.615181
          0.615181
          0.615181
          0.615181
          0.615182
          0.615182
          0.615182
          0.615182
          0.615182
          0.615182
          0.615182
          0.615182
          0.615182
          0.615183
          0.615183
          0.615183
          0.615183
          0.615183
          0.615183
          0.615183
          0.615183
          0.615183
          0.615183
          0.615183
          0.615184
          0.615184
          0.615184
          0.615184
          0.615184
          0.615184
          0.615184
          0.615184
          0.615184
          0.615184
          0.615184
          0.615184
          0.615185
          0.615185
          0.615185
          0.615185
          0.615185
          0.615185
          0.615185
          0.615185
          0.615185
          0.615185
          0.615185
          0.615185
          0.615185
          0.615185
          0.615185
          0.615185
          0.615186
          0.615186
          0.615186
          0.615186
          0.615186
          0.615186
          0.615186
          0.615186
          0.615186
          0.615186
          0.615186
          0.615186
          0.615186
          0.615186
          0.615186
          0.615186
          0.615186
          0.615186
          0.615187
          0.615187
          0.615187
          0.615187
          0.615187
          0.615187
          0.615187
