          1.328061
          1.328938
          1.329265
          1.329329
          1.329268
          1.329153
          1.329022
          1.328892
          1.328773
          1.328667
          1.328576
          1.328499
          1.328434
          1.328381
          1.328337
          1.328300
          1.328270
          1.328245
          1.328224
          1.328207
          1.328192
          1.328179
          1.328168
          1.328159
          1.328150
          1.328142
          1.328135
          1.328129
          1.328123
          1.328118
          1.328113
          1.328109
          1.328105
          1.328101
          1.328097
          1.328094
          1.328091
          1.328089
          1.328086
          1.328084
          1.328082
          1.328080
          1.328078
          1.328077
          1.328075
          1.328074
          1.328073
          1.328072
          1.328071
          1.328070
          1.328069
          1.328068
          1.328068
          1.328067
          1.328067
          1.328066
          1.328066
          1.328065
          1.328065
          1.328064
          1.328064
          1.328064
          1.328063
          1.328063
          1.328063
          1.328063
          1.328063
          1.328062
          1.328062
          1.328062
          1.328062
          1.328062
          1.328062
          1.328061
          1.328061
          1.328061
          1.328061
          1.328061
          1.328061
          1.328061
          1.328061
          1.328061
          1.328061
          1.328061
          1.328061
          1.328061
          1.328061
          1.328061
          1.328060
          1.328060
          1.328060
          1.328060
          1.328060
          1.328060
          1.328060
          1.328060
          1.328060
          1.328060
          1.328060
          1.328060
          1.328060
          1.328060
          1.328060
          1.328060
          1.328060
          1.328060
          1.328060
          1.328060
          1.328060
          1.328060
          1.328060
          1.328060
          1.328060
          1.328060
          1.328060
          1.328060
          1.328060
          1.328060
          1.328060
          1.328060
          1.328060
          1.328060
          1.328060
          1.328060
          1.328060
          1.328060
          1.328060
          1.328060
          1.328060
          1.328060
          1.328060
          1.328060
          1.328060
          1.328060
          1.328060
          1.328060
          1.328060
          1.328060
          1.328060
          1.328060
          1.328060
          1.328060
          1.328060
          1.328060
          1.328060
          1.328060
          1.328060
          1.328060
          1.328060
          1.328060
          1.328060
          1.328060
          1.328060
          1.328060
          1.328060
          1.328060
          1.328060
          1.328060
          1.328060
          1.328060
          1.328060
          1.328060
          1.328060
          1.328060
          1.328060
          1.328060
          1.328060
          1.328060
          1.328060
          1.328060
          1.328060
          1.328060
          1.328060
          1.328060
          1.328060
          1.328060
          1.328060
          1.328060
          1.328060
          1.328060
          1.328060
          1.328060
          1.328060
          1.328060
          1.328060
          1.328060
          1.328060
          1.328060
          1.328060
          1.328060
          1.328060
          1.328060
          1.328060
          1.328060
          1.328060
          1.328060
          1.328060
          1.328060
          1.328060
          1.328060
          1.328060
          1.328060
          1.328060
          1.328060
          1.328060
          1.328060
          1.328060
          1.328060
          1.328060
          1.328060
          1.328060
          1.328060
          1.328060
          1.328060
          1.328060
          1.328060
          1.328060
          1.328060
          1.328060
          1.328060
          1.328060
          1.328060
          1.328060
          1.328060
          1.328060
          1.328061
          1.328061
          1.328061
          1.328061
          1.328061
          1.328061
          1.328061
          1.328061
          1.328061
          1.328061
          1.328061
          1.328061
          1.328061
          1.328061
          1.328061
          1.328061
          1.328061
          1.328061
          1.328061
          1.328061
          1.328061
          1.328061
          1.328061
          1.328061
          1.328061
          1.328061
          1.328061
          1.328061
