          0.283097
          0.282982
          0.282888
          0.282816
          0.282765
          0.282731
          0.282713
          0.282707
          0.282710
          0.282721
          0.282736
          0.282755
          0.282775
          0.282796
          0.282817
          0.282837
          0.282855
          0.282873
          0.282888
          0.282903
          0.282915
          0.282927
          0.282937
          0.282945
          0.282953
          0.282960
          0.282965
          0.282970
          0.282975
          0.282979
          0.282982
          0.282985
          0.282987
          0.282989
          0.282991
          0.282993
          0.282994
          0.282996
          0.282997
          0.282998
          0.282998
          0.282999
          0.283000
          0.283000
          0.283001
          0.283001
          0.283001
          0.283002
          0.283002
          0.283002
          0.283002
          0.283002
          0.283002
          0.283003
          0.283003
          0.283003
          0.283003
          0.283003
          0.283003
          0.283003
          0.283003
          0.283003
          0.283003
          0.283003
          0.283003
          0.283003
          0.283003
          0.283003
          0.283003
          0.283003
          0.283003
          0.283003
          0.283003
          0.283003
          0.283003
          0.283003
          0.283003
          0.283003
          0.283003
          0.283003
          0.283003
          0.283004
          0.283004
          0.283004
          0.283004
          0.283004
          0.283004
          0.283004
          0.283004
          0.283004
          0.283004
          0.283004
          0.283004
          0.283004
          0.283004
          0.283004
          0.283005
          0.283005
          0.283005
          0.283005
          0.283005
          0.283005
          0.283005
          0.283005
          0.283005
          0.283005
          0.283005
          0.283005
          0.283006
          0.283006
          0.283006
          0.283006
          0.283006
          0.283006
          0.283006
          0.283006
          0.283006
          0.283006
          0.283006
          0.283006
          0.283006
          0.283007
          0.283007
          0.283007
          0.283007
          0.283007
          0.283007
          0.283007
          0.283007
          0.283007
          0.283007
          0.283007
          0.283007
          0.283007
          0.283008
          0.283008
          0.283008
          0.283008
          0.283008
          0.283008
          0.283008
          0.283008
          0.283008
          0.283008
          0.283008
          0.283008
          0.283008
          0.283008
          0.283008
          0.283008
          0.283009
          0.283009
          0.283009
          0.283009
          0.283009
          0.283009
          0.283009
          0.283009
          0.283009
          0.283009
          0.283009
          0.283009
          0.283009
          0.283009
          0.283009
          0.283009
          0.283009
          0.283009
          0.283009
          0.283009
          0.283010
          0.283010
          0.283010
          0.283010
          0.283010
          0.283010
          0.283010
          0.283010
          0.283010
          0.283010
          0.283010
          0.283010
          0.283010
          0.283010
          0.283010
          0.283010
          0.283010
          0.283010
          0.283010
          0.283010
          0.283010
          0.283010
          0.283010
          0.283010
          0.283010
          0.283010
          0.283010
          0.283010
          0.283010
          0.283011
          0.283011
          0.283011
          0.283011
          0.283011
          0.283011
          0.283011
          0.283011
          0.283011
          0.283011
          0.283011
          0.283011
          0.283011
          0.283011
          0.283011
          0.283011
          0.283011
          0.283011
          0.283011
          0.283011
          0.283011
          0.283011
          0.283011
          0.283011
          0.283011
          0.283011
          0.283011
          0.283011
          0.283011
          0.283011
          0.283011
          0.283011
          0.283011
          0.283011
          0.283011
          0.283011
          0.283011
          0.283011
          0.283011
          0.283011
          0.283011
          0.283011
          0.283011
          0.283011
          0.283011
          0.283011
          0.283011
          0.283010
          0.283010
          0.283010
          0.283010
          0.283010
          0.283010
