         12.043104
         12.043188
         12.043155
         12.043029
         12.042834
         12.042592
         12.042322
         12.042041
         12.041760
         12.041489
         12.041235
         12.041002
         12.040793
         12.040610
         12.040452
         12.040318
         12.040207
         12.040118
         12.040048
         12.039995
         12.039958
         12.039934
         12.039922
         12.039921
         12.039928
         12.039942
         12.039963
         12.039990
         12.040020
         12.040055
         12.040092
         12.040132
         12.040173
         12.040216
         12.040261
         12.040306
         12.040352
         12.040398
         12.040444
         12.040490
         12.040536
         12.040582
         12.040627
         12.040672
         12.040717
         12.040760
         12.040803
         12.040846
         12.040888
         12.040929
         12.040969
         12.041008
         12.041047
         12.041085
         12.041122
         12.041158
         12.041194
         12.041228
         12.041262
         12.041295
         12.041328
         12.041359
         12.041390
         12.041421
         12.041450
         12.041479
         12.041507
         12.041535
         12.041562
         12.041588
         12.041614
         12.041639
         12.041664
         12.041688
         12.041711
         12.041734
         12.041757
         12.041779
         12.041800
         12.041821
         12.041842
         12.041862
         12.041882
         12.041901
         12.041920
         12.041939
         12.041957
         12.041975
         12.041992
         12.042009
         12.042026
         12.042043
         12.042059
         12.042075
         12.042090
         12.042105
         12.042120
         12.042135
         12.042150
         12.042164
         12.042178
         12.042191
         12.042205
         12.042218
         12.042231
         12.042244
         12.042256
         12.042269
         12.042281
         12.042293
         12.042304
         12.042316
         12.042327
         12.042338
         12.042349
         12.042360
         12.042371
         12.042381
         12.042392
         12.042402
         12.042412
         12.042421
         12.042431
         12.042441
         12.042450
         12.042459
         12.042468
         12.042477
         12.042486
         12.042495
         12.042503
         12.042512
         12.042520
         12.042528
         12.042536
         12.042544
         12.042552
         12.042560
         12.042567
         12.042575
         12.042582
         12.042589
         12.042596
         12.042603
         12.042610
         12.042617
         12.042624
         12.042631
         12.042637
         12.042644
         12.042650
         12.042656
         12.042662
         12.042668
         12.042674
         12.042680
         12.042686
         12.042692
         12.042698
         12.042703
         12.042709
         12.042714
         12.042719
         12.042725
         12.042730
         12.042735
         12.042740
         12.042745
         12.042750
         12.042755
         12.042759
         12.042764
         12.042769
         12.042773
         12.042778
         12.042782
         12.042787
         12.042791
         12.042795
         12.042799
         12.042803
         12.042807
         12.042811
         12.042815
         12.042819
         12.042823
         12.042827
         12.042831
         12.042834
         12.042838
         12.042841
         12.042845
         12.042848
         12.042852
         12.042855
         12.042858
         12.042862
         12.042865
         12.042868
         12.042871
         12.042874
         12.042877
         12.042880
         12.042883
         12.042886
         12.042889
         12.042892
         12.042894
         12.042897
         12.042900
         12.042902
         12.042905
         12.042907
         12.042910
         12.042912
         12.042915
         12.042917
         12.042919
         12.042922
         12.042924
         12.042926
         12.042928
         12.042930
         12.042933
         12.042935
         12.042937
         12.042939
         12.042941
         12.042942
         12.042944
         12.042946
         12.042948
         12.042950
         12.042951
         12.042953
         12.042954
         12.042956
         12.042957
         12.042959
         12.042960
         12.042961
         12.042963
         12.042964
         12.042965
         12.042966
         12.042967
         12.042968
         12.042968
         12.042969
         12.042969
         12.042970
         12.042970
         12.042970
