          0.681968
          0.680996
          0.680566
          0.680346
          0.680248
          0.680227
          0.680252
          0.680304
          0.680370
          0.680444
          0.680521
          0.680595
          0.680666
          0.680732
          0.680793
          0.680848
          0.680897
          0.680941
          0.680980
          0.681015
          0.681045
          0.681072
          0.681096
          0.681117
          0.681136
          0.681153
          0.681168
          0.681181
          0.681193
          0.681204
          0.681214
          0.681223
          0.681231
          0.681238
          0.681245
          0.681251
          0.681257
          0.681262
          0.681266
          0.681271
          0.681274
          0.681278
          0.681281
          0.681284
          0.681287
          0.681290
          0.681292
          0.681294
          0.681296
          0.681298
          0.681300
          0.681301
          0.681303
          0.681304
          0.681305
          0.681307
          0.681308
          0.681309
          0.681310
          0.681311
          0.681312
          0.681312
          0.681313
          0.681314
          0.681314
          0.681315
          0.681316
          0.681316
          0.681317
          0.681317
          0.681318
          0.681318
          0.681319
          0.681319
          0.681319
          0.681320
          0.681320
          0.681320
          0.681321
          0.681321
          0.681321
          0.681322
          0.681322
          0.681322
          0.681323
          0.681323
          0.681323
          0.681323
          0.681324
          0.681324
          0.681324
          0.681324
          0.681324
          0.681325
          0.681325
          0.681325
          0.681325
          0.681325
          0.681325
          0.681326
          0.681326
          0.681326
          0.681326
          0.681326
          0.681326
          0.681327
          0.681327
          0.681327
          0.681327
          0.681327
          0.681327
          0.681327
          0.681328
          0.681328
          0.681328
          0.681328
          0.681328
          0.681328
          0.681328
          0.681328
          0.681328
          0.681329
          0.681329
          0.681329
          0.681329
          0.681329
          0.681329
          0.681329
          0.681329
          0.681329
          0.681329
          0.681330
          0.681330
          0.681330
          0.681330
          0.681330
          0.681330
          0.681330
          0.681330
          0.681330
          0.681330
          0.681330
          0.681330
          0.681330
          0.681331
          0.681331
          0.681331
          0.681331
          0.681331
          0.681331
          0.681331
          0.681331
          0.681331
          0.681331
          0.681331
          0.681331
          0.681331
          0.681331
          0.681331
          0.681331
          0.681332
          0.681332
          0.681332
          0.681332
          0.681332
          0.681332
          0.681332
          0.681332
          0.681332
          0.681332
          0.681332
          0.681332
          0.681332
          0.681332
          0.681332
          0.681332
          0.681332
          0.681332
          0.681332
          0.681332
          0.681333
          0.681333
          0.681333
          0.681333
          0.681333
          0.681333
          0.681333
          0.681333
          0.681333
          0.681333
          0.681333
          0.681333
          0.681333
          0.681333
          0.681333
          0.681333
          0.681333
          0.681333
          0.681333
          0.681333
          0.681333
          0.681333
          0.681333
          0.681333
          0.681333
          0.681333
          0.681333
          0.681333
          0.681333
          0.681333
          0.681334
          0.681334
          0.681334
          0.681334
          0.681334
          0.681334
          0.681334
          0.681334
          0.681334
          0.681334
          0.681334
          0.681334
          0.681334
          0.681334
          0.681334
          0.681334
          0.681334
          0.681334
          0.681334
          0.681334
          0.681334
          0.681334
          0.681334
          0.681334
          0.681334
          0.681334
          0.681334
          0.681334
          0.681334
          0.681334
          0.681334
          0.681334
          0.681334
          0.681334
          0.681334
          0.681334
          0.681333
          0.681333
          0.681333
          0.681333
          0.681333
          0.681333
