          1.000107
          0.999958
          0.999840
          0.999752
          0.999693
          0.999657
          0.999642
          0.999643
          0.999656
          0.999677
          0.999704
          0.999735
          0.999767
          0.999799
          0.999830
          0.999859
          0.999886
          0.999911
          0.999933
          0.999953
          0.999970
          0.999985
          0.999998
          1.000009
          1.000019
          1.000027
          1.000033
          1.000039
          1.000044
          1.000047
          1.000050
          1.000053
          1.000055
          1.000056
          1.000057
          1.000058
          1.000059
          1.000059
          1.000059
          1.000059
          1.000058
          1.000058
          1.000057
          1.000056
          1.000056
          1.000055
          1.000054
          1.000053
          1.000052
          1.000051
          1.000050
          1.000049
          1.000048
          1.000047
          1.000046
          1.000045
          1.000044
          1.000043
          1.000042
          1.000041
          1.000040
          1.000039
          1.000038
          1.000038
          1.000037
          1.000036
          1.000035
          1.000034
          1.000033
          1.000033
          1.000032
          1.000031
          1.000031
          1.000030
          1.000029
          1.000029
          1.000028
          1.000027
          1.000027
          1.000026
          1.000026
          1.000025
          1.000025
          1.000024
          1.000024
          1.000023
          1.000023
          1.000022
          1.000022
          1.000021
          1.000021
          1.000021
          1.000020
          1.000020
          1.000019
          1.000019
          1.000019
          1.000018
          1.000018
          1.000018
          1.000017
          1.000017
          1.000017
          1.000016
          1.000016
          1.000016
          1.000016
          1.000015
          1.000015
          1.000015
          1.000015
          1.000014
          1.000014
          1.000014
          1.000014
          1.000013
          1.000013
          1.000013
          1.000013
          1.000013
          1.000012
          1.000012
          1.000012
          1.000012
          1.000012
          1.000012
          1.000011
          1.000011
          1.000011
          1.000011
          1.000011
          1.000011
          1.000010
          1.000010
          1.000010
          1.000010
          1.000010
          1.000010
          1.000009
          1.000009
          1.000009
          1.000009
          1.000009
          1.000009
          1.000009
          1.000009
          1.000008
          1.000008
          1.000008
          1.000008
          1.000008
          1.000008
          1.000008
          1.000008
          1.000008
          1.000007
          1.000007
          1.000007
          1.000007
          1.000007
          1.000007
          1.000007
          1.000007
          1.000007
          1.000006
          1.000006
          1.000006
          1.000006
          1.000006
          1.000006
          1.000006
          1.000006
          1.000006
          1.000006
          1.000006
          1.000006
          1.000005
          1.000005
          1.000005
          1.000005
          1.000005
          1.000005
          1.000005
          1.000005
          1.000005
          1.000005
          1.000005
          1.000005
          1.000005
          1.000005
          1.000004
          1.000004
          1.000004
          1.000004
          1.000004
          1.000004
          1.000004
          1.000004
          1.000004
          1.000004
          1.000004
          1.000004
          1.000004
          1.000004
          1.000004
          1.000004
          1.000003
          1.000003
          1.000003
          1.000003
          1.000003
          1.000003
          1.000003
          1.000003
          1.000003
          1.000003
          1.000003
          1.000003
          1.000003
          1.000003
          1.000003
          1.000003
          1.000003
          1.000003
          1.000003
          1.000003
          1.000002
          1.000002
          1.000002
          1.000002
          1.000002
          1.000002
          1.000002
          1.000002
          1.000002
          1.000002
          1.000002
          1.000002
          1.000002
          1.000002
          1.000002
          1.000001
          1.000001
          1.000001
          1.000001
          1.000001
          1.000001
          1.000001
          1.000001
          1.000000
          1.000000
          1.000000
