          0.252131
          0.252592
          0.252773
          0.252824
          0.252809
          0.252763
          0.252703
          0.252636
          0.252569
          0.252504
          0.252443
          0.252385
          0.252332
          0.252283
          0.252239
          0.252199
          0.252163
          0.252130
          0.252101
          0.252075
          0.252052
          0.252031
          0.252012
          0.251996
          0.251981
          0.251968
          0.251956
          0.251945
          0.251936
          0.251927
          0.251919
          0.251912
          0.251906
          0.251901
          0.251896
          0.251891
          0.251887
          0.251884
          0.251880
          0.251877
          0.251875
          0.251872
          0.251870
          0.251868
          0.251867
          0.251865
          0.251864
          0.251862
          0.251861
          0.251860
          0.251859
          0.251859
          0.251858
          0.251857
          0.251857
          0.251856
          0.251856
          0.251855
          0.251855
          0.251854
          0.251854
          0.251854
          0.251854
          0.251853
          0.251853
          0.251853
          0.251853
          0.251853
          0.251853
          0.251852
          0.251852
          0.251852
          0.251852
          0.251852
          0.251852
          0.251852
          0.251852
          0.251852
          0.251852
          0.251852
          0.251852
          0.251852
          0.251852
          0.251852
          0.251851
          0.251851
          0.251851
          0.251851
          0.251851
          0.251851
          0.251851
          0.251851
          0.251851
          0.251851
          0.251851
          0.251851
          0.251851
          0.251851
          0.251851
          0.251851
          0.251851
          0.251851
          0.251851
          0.251851
          0.251851
          0.251851
          0.251851
          0.251851
          0.251851
          0.251851
          0.251851
          0.251851
          0.251851
          0.251851
          0.251851
          0.251851
          0.251851
          0.251851
          0.251851
          0.251851
          0.251851
          0.251851
          0.251851
          0.251851
          0.251851
          0.251851
          0.251851
          0.251851
          0.251851
          0.251851
          0.251851
          0.251851
          0.251851
          0.251851
          0.251851
          0.251851
          0.251851
          0.251851
          0.251851
          0.251851
          0.251851
          0.251851
          0.251851
          0.251851
          0.251851
          0.251851
          0.251851
          0.251851
          0.251851
          0.251851
          0.251851
          0.251851
          0.251851
          0.251851
          0.251851
          0.251851
          0.251851
          0.251851
          0.251851
          0.251851
          0.251851
          0.251851
          0.251851
          0.251851
          0.251851
          0.251851
          0.251851
          0.251851
          0.251851
          0.251850
          0.251850
          0.251850
          0.251850
          0.251850
          0.251850
          0.251850
          0.251850
          0.251850
          0.251850
          0.251850
          0.251850
          0.251850
          0.251850
          0.251850
          0.251850
          0.251850
          0.251850
          0.251850
          0.251850
          0.251850
          0.251850
          0.251850
          0.251850
          0.251850
          0.251850
          0.251850
          0.251850
          0.251850
          0.251850
          0.251850
          0.251850
          0.251850
          0.251850
          0.251850
          0.251850
          0.251850
          0.251850
          0.251850
          0.251850
          0.251850
          0.251850
          0.251850
          0.251850
          0.251850
          0.251850
          0.251850
          0.251850
          0.251850
          0.251850
          0.251850
          0.251850
          0.251850
          0.251850
          0.251850
          0.251850
          0.251850
          0.251850
          0.251850
          0.251850
          0.251850
          0.251850
          0.251850
          0.251850
          0.251850
          0.251850
          0.251850
          0.251850
          0.251850
          0.251850
          0.251850
          0.251850
          0.251850
          0.251850
          0.251850
          0.251850
          0.251850
          0.251850
          0.251850
          0.251850
          0.251850
          0.251850
          0.251850
