          0.039827
          0.039962
          0.040078
          0.040190
          0.040290
          0.040375
          0.040444
          0.040497
          0.040536
          0.040562
          0.040577
          0.040584
          0.040584
          0.040580
          0.040572
          0.040562
          0.040551
          0.040539
          0.040528
          0.040516
          0.040506
          0.040496
          0.040487
          0.040479
          0.040472
          0.040466
          0.040460
          0.040455
          0.040451
          0.040447
          0.040444
          0.040441
          0.040439
          0.040437
          0.040435
          0.040433
          0.040432
          0.040431
          0.040430
          0.040429
          0.040428
          0.040427
          0.040427
          0.040426
          0.040426
          0.040425
          0.040425
          0.040425
          0.040424
          0.040424
          0.040424
          0.040424
          0.040424
          0.040424
          0.040424
          0.040424
          0.040424
          0.040424
          0.040424
          0.040424
          0.040423
          0.040424
          0.040424
          0.040424
          0.040424
          0.040424
          0.040424
          0.040424
          0.040424
          0.040424
          0.040424
          0.040424
          0.040424
          0.040424
          0.040424
          0.040424
          0.040424
          0.040424
          0.040424
          0.040424
          0.040424
          0.040424
          0.040424
          0.040424
          0.040424
          0.040424
          0.040424
          0.040424
          0.040424
          0.040424
          0.040424
          0.040424
          0.040424
          0.040424
          0.040424
          0.040424
          0.040424
          0.040424
          0.040424
          0.040424
          0.040424
          0.040424
          0.040424
          0.040424
          0.040424
          0.040424
          0.040424
          0.040424
          0.040424
          0.040424
          0.040424
          0.040424
          0.040424
          0.040424
          0.040424
          0.040424
          0.040424
          0.040424
          0.040424
          0.040424
          0.040424
          0.040424
          0.040424
          0.040424
          0.040424
          0.040424
          0.040424
          0.040424
          0.040424
          0.040424
          0.040424
          0.040424
          0.040424
          0.040424
          0.040424
          0.040424
          0.040424
          0.040424
          0.040424
          0.040424
          0.040424
          0.040424
          0.040424
          0.040424
          0.040424
          0.040424
          0.040424
          0.040423
          0.040423
          0.040423
          0.040423
          0.040423
          0.040423
          0.040423
          0.040423
          0.040423
          0.040423
          0.040423
          0.040423
          0.040423
          0.040423
          0.040423
          0.040423
          0.040423
          0.040423
          0.040423
          0.040423
          0.040423
          0.040423
          0.040423
          0.040423
          0.040423
          0.040423
          0.040423
          0.040423
          0.040423
          0.040423
          0.040423
          0.040423
          0.040423
          0.040423
          0.040423
          0.040423
          0.040423
          0.040423
          0.040423
          0.040423
          0.040423
          0.040423
          0.040423
          0.040423
          0.040423
          0.040423
          0.040423
          0.040423
          0.040423
          0.040423
          0.040423
          0.040423
          0.040423
          0.040423
          0.040423
          0.040423
          0.040423
          0.040423
          0.040423
          0.040423
          0.040423
          0.040423
          0.040423
          0.040423
          0.040423
          0.040423
          0.040423
          0.040423
          0.040423
          0.040423
          0.040423
          0.040423
          0.040423
          0.040423
          0.040423
          0.040423
          0.040423
          0.040423
          0.040423
          0.040423
          0.040423
          0.040423
          0.040423
          0.040423
          0.040423
          0.040423
          0.040423
          0.040423
          0.040423
          0.040423
          0.040423
          0.040423
          0.040423
          0.040423
          0.040423
          0.040423
          0.040423
          0.040422
          0.040422
          0.040422
          0.040422
          0.040422
          0.040422
          0.040422
          0.040422
