          1.762041
          1.762382
          1.762527
          1.762531
          1.762443
          1.762302
          1.762138
          1.761969
          1.761810
          1.761667
          1.761545
          1.761443
          1.761362
          1.761298
          1.761251
          1.761217
          1.761194
          1.761180
          1.761173
          1.761171
          1.761172
          1.761176
          1.761182
          1.761189
          1.761196
          1.761204
          1.761211
          1.761219
          1.761226
          1.761232
          1.761238
          1.761244
          1.761250
          1.761255
          1.761260
          1.761265
          1.761269
          1.761273
          1.761277
          1.761281
          1.761284
          1.761288
          1.761291
          1.761294
          1.761297
          1.761300
          1.761303
          1.761306
          1.761309
          1.761311
          1.761314
          1.761316
          1.761319
          1.761321
          1.761323
          1.761326
          1.761328
          1.761330
          1.761332
          1.761334
          1.761335
          1.761337
          1.761339
          1.761341
          1.761342
          1.761344
          1.761346
          1.761347
          1.761349
          1.761350
          1.761352
          1.761353
          1.761354
          1.761356
          1.761357
          1.761358
          1.761359
          1.761361
          1.761362
          1.761363
          1.761364
          1.761365
          1.761366
          1.761367
          1.761368
          1.761369
          1.761370
          1.761371
          1.761372
          1.761373
          1.761374
          1.761375
          1.761375
          1.761376
          1.761377
          1.761378
          1.761379
          1.761379
          1.761380
          1.761381
          1.761382
          1.761382
          1.761383
          1.761384
          1.761384
          1.761385
          1.761386
          1.761386
          1.761387
          1.761388
          1.761388
          1.761389
          1.761389
          1.761390
          1.761391
          1.761391
          1.761392
          1.761392
          1.761393
          1.761393
          1.761394
          1.761394
          1.761395
          1.761395
          1.761396
          1.761396
          1.761397
          1.761397
          1.761398
          1.761398
          1.761399
          1.761399
          1.761399
          1.761400
          1.761400
          1.761401
          1.761401
          1.761401
          1.761402
          1.761402
          1.761403
          1.761403
          1.761403
          1.761404
          1.761404
          1.761404
          1.761405
          1.761405
          1.761405
          1.761406
          1.761406
          1.761406
          1.761407
          1.761407
          1.761407
          1.761408
          1.761408
          1.761408
          1.761409
          1.761409
          1.761409
          1.761409
          1.761410
          1.761410
          1.761410
          1.761411
          1.761411
          1.761411
          1.761411
          1.761412
          1.761412
          1.761412
          1.761412
          1.761413
          1.761413
          1.761413
          1.761413
          1.761413
          1.761414
          1.761414
          1.761414
          1.761414
          1.761415
          1.761415
          1.761415
          1.761415
          1.761415
          1.761416
          1.761416
          1.761416
          1.761416
          1.761416
          1.761416
          1.761417
          1.761417
          1.761417
          1.761417
          1.761417
          1.761417
          1.761418
          1.761418
          1.761418
          1.761418
          1.761418
          1.761418
          1.761419
          1.761419
          1.761419
          1.761419
          1.761419
          1.761419
          1.761419
          1.761420
          1.761420
          1.761420
          1.761420
          1.761420
          1.761420
          1.761420
          1.761420
          1.761421
          1.761421
          1.761421
          1.761421
          1.761421
          1.761421
          1.761421
          1.761421
          1.761421
          1.761421
          1.761422
          1.761422
          1.761422
          1.761422
          1.761422
          1.761422
          1.761422
          1.761422
          1.761422
          1.761422
          1.761422
          1.761422
          1.761422
          1.761422
          1.761422
          1.761422
          1.761423
          1.761423
          1.761423
          1.761423
          1.761423
          1.761423
