          1.515540
          1.514577
          1.513742
          1.512857
          1.512035
          1.511337
          1.510770
          1.510326
          1.509988
          1.509743
          1.509573
          1.509461
          1.509394
          1.509360
          1.509349
          1.509354
          1.509370
          1.509392
          1.509417
          1.509443
          1.509468
          1.509492
          1.509514
          1.509534
          1.509551
          1.509567
          1.509580
          1.509592
          1.509603
          1.509612
          1.509620
          1.509627
          1.509634
          1.509640
          1.509645
          1.509650
          1.509654
          1.509659
          1.509663
          1.509666
          1.509670
          1.509673
          1.509676
          1.509679
          1.509682
          1.509685
          1.509688
          1.509690
          1.509693
          1.509695
          1.509698
          1.509700
          1.509702
          1.509704
          1.509706
          1.509708
          1.509710
          1.509712
          1.509713
          1.509715
          1.509717
          1.509718
          1.509720
          1.509721
          1.509723
          1.509724
          1.509725
          1.509727
          1.509728
          1.509729
          1.509730
          1.509731
          1.509733
          1.509734
          1.509735
          1.509736
          1.509737
          1.509738
          1.509739
          1.509740
          1.509741
          1.509742
          1.509742
          1.509743
          1.509744
          1.509745
          1.509746
          1.509747
          1.509747
          1.509748
          1.509749
          1.509750
          1.509750
          1.509751
          1.509752
          1.509752
          1.509753
          1.509754
          1.509754
          1.509755
          1.509756
          1.509756
          1.509757
          1.509757
          1.509758
          1.509759
          1.509759
          1.509760
          1.509760
          1.509761
          1.509761
          1.509762
          1.509762
          1.509763
          1.509763
          1.509764
          1.509764
          1.509765
          1.509765
          1.509766
          1.509766
          1.509766
          1.509767
          1.509767
          1.509768
          1.509768
          1.509768
          1.509769
          1.509769
          1.509770
          1.509770
          1.509770
          1.509771
          1.509771
          1.509771
          1.509772
          1.509772
          1.509773
          1.509773
          1.509773
          1.509774
          1.509774
          1.509774
          1.509774
          1.509775
          1.509775
          1.509775
          1.509776
          1.509776
          1.509776
          1.509777
          1.509777
          1.509777
          1.509777
          1.509778
          1.509778
          1.509778
          1.509778
          1.509779
          1.509779
          1.509779
          1.509779
          1.509780
          1.509780
          1.509780
          1.509780
          1.509781
          1.509781
          1.509781
          1.509781
          1.509781
          1.509782
          1.509782
          1.509782
          1.509782
          1.509782
          1.509783
          1.509783
          1.509783
          1.509783
          1.509783
          1.509784
          1.509784
          1.509784
          1.509784
          1.509784
          1.509784
          1.509785
          1.509785
          1.509785
          1.509785
          1.509785
          1.509785
          1.509786
          1.509786
          1.509786
          1.509786
          1.509786
          1.509786
          1.509786
          1.509787
          1.509787
          1.509787
          1.509787
          1.509787
          1.509787
          1.509787
          1.509787
          1.509788
          1.509788
          1.509788
          1.509788
          1.509788
          1.509788
          1.509788
          1.509788
          1.509789
          1.509789
          1.509789
          1.509789
          1.509789
          1.509789
          1.509789
          1.509789
          1.509789
          1.509789
          1.509789
          1.509790
          1.509790
          1.509790
          1.509790
          1.509790
          1.509790
          1.509790
          1.509790
          1.509790
          1.509790
          1.509790
          1.509790
          1.509790
          1.509790
          1.509790
          1.509790
          1.509790
          1.509790
          1.509790
          1.509790
          1.509790
          1.509791
          1.509791
          1.509791
          1.509791
