          0.008702
          0.008688
          0.008681
          0.008674
          0.008668
          0.008662
          0.008657
          0.008653
          0.008649
          0.008646
          0.008644
          0.008642
          0.008641
          0.008640
          0.008640
          0.008640
          0.008639
          0.008640
          0.008640
          0.008640
          0.008640
          0.008640
          0.008640
          0.008640
          0.008641
          0.008641
          0.008641
          0.008641
          0.008641
          0.008641
          0.008641
          0.008641
          0.008641
          0.008641
          0.008641
          0.008641
          0.008641
          0.008641
          0.008641
          0.008641
          0.008641
          0.008641
          0.008641
          0.008641
          0.008640
          0.008640
          0.008640
          0.008640
          0.008640
          0.008640
          0.008640
          0.008640
          0.008640
          0.008640
          0.008640
          0.008640
          0.008640
          0.008640
          0.008640
          0.008640
          0.008640
          0.008640
          0.008640
          0.008640
          0.008640
          0.008640
          0.008640
          0.008640
          0.008640
          0.008639
          0.008639
          0.008639
          0.008639
          0.008639
          0.008639
          0.008639
          0.008639
          0.008639
          0.008639
          0.008639
          0.008639
          0.008639
          0.008639
          0.008639
          0.008639
          0.008639
          0.008639
          0.008639
          0.008639
          0.008639
          0.008639
          0.008639
          0.008639
          0.008639
          0.008639
          0.008639
          0.008639
          0.008639
          0.008639
          0.008639
          0.008639
          0.008639
          0.008639
          0.008639
          0.008639
          0.008639
          0.008639
          0.008639
          0.008639
          0.008639
          0.008639
          0.008639
          0.008639
          0.008638
          0.008638
          0.008638
          0.008638
          0.008638
          0.008638
          0.008638
          0.008638
          0.008638
          0.008638
          0.008638
          0.008638
          0.008638
          0.008638
          0.008638
          0.008638
          0.008638
          0.008638
          0.008638
          0.008638
          0.008638
          0.008638
          0.008638
          0.008638
          0.008638
          0.008638
          0.008638
          0.008638
          0.008638
          0.008638
          0.008638
          0.008638
          0.008638
          0.008638
          0.008638
          0.008638
          0.008638
          0.008638
          0.008638
          0.008638
          0.008638
          0.008638
          0.008638
          0.008638
          0.008638
          0.008638
          0.008638
          0.008638
          0.008638
          0.008638
          0.008638
          0.008638
          0.008638
          0.008638
          0.008638
          0.008638
          0.008638
          0.008638
          0.008638
          0.008638
          0.008638
          0.008638
          0.008638
          0.008638
          0.008638
          0.008638
          0.008638
          0.008638
          0.008638
          0.008638
          0.008638
          0.008638
          0.008638
          0.008638
          0.008638
          0.008638
          0.008638
          0.008638
          0.008638
          0.008638
          0.008638
          0.008638
          0.008638
          0.008638
          0.008638
          0.008638
          0.008638
          0.008638
          0.008638
          0.008638
          0.008638
          0.008638
          0.008638
          0.008638
          0.008638
          0.008638
          0.008638
          0.008638
          0.008638
          0.008638
          0.008638
          0.008638
          0.008638
          0.008638
          0.008638
          0.008638
          0.008638
          0.008638
          0.008638
          0.008638
          0.008638
          0.008638
          0.008638
          0.008638
          0.008638
          0.008638
          0.008638
          0.008638
          0.008638
          0.008638
          0.008638
          0.008638
          0.008638
          0.008638
          0.008638
          0.008638
          0.008638
          0.008638
          0.008638
          0.008638
          0.008638
          0.008638
          0.008638
          0.008638
          0.008638
          0.008638
          0.008638
          0.008638
          0.008638
          1.000126
          1.000099
          1.000073
          1.000049
          1.000027
          1.000008
          0.999993
          0.999981
          0.999973
          0.999967
          0.999964
          0.999962
          0.999962
          0.999963
          0.999965
          0.999967
          0.999970
          0.999973
          0.999975
          0.999978
          0.999980
          0.999982
          0.999984
          0.999986
          0.999988
          0.999989
          0.999990
          0.999991
          0.999992
          0.999993
          0.999994
          0.999995
          0.999995
          0.999996
          0.999996
          0.999996
          0.999997
          0.999997
          0.999997
          0.999997
          0.999998
          0.999998
          0.999998
          0.999998
          0.999998
          0.999998
          0.999998
          0.999999
          0.999999
          0.999999
          0.999999
          0.999999
          0.999999
          0.999999
          0.999999
          0.999999
          0.999999
          0.999999
          0.999999
          0.999999
          0.999999
          0.999999
          0.999999
          0.999999
          0.999999
          0.999999
          0.999999
          0.999999
          0.999999
          0.999999
          0.999999
          0.999999
          0.999999
          0.999999
          0.999999
          0.999999
          0.999999
          0.999999
          0.999999
          0.999999
          0.999999
          0.999999
          0.999999
          0.999999
          0.999999
          0.999999
          0.999999
          0.999999
          0.999999
          0.999999
          0.999999
          0.999999
          0.999999
          0.999999
          0.999999
          0.999999
          0.999999
          0.999999
          0.999999
          0.999999
          0.999999
          0.999999
          0.999999
          0.999999
          0.999999
          0.999999
          0.999999
          0.999999
          0.999999
          0.999999
          0.999999
          0.999999
          0.999999
          0.999999
          0.999999
          0.999999
          0.999999
          0.999999
          0.999999
          0.999999
          0.999999
          0.999999
          0.999999
          0.999999
          0.999999
          0.999999
          0.999999
          0.999999
          0.999999
          0.999999
          0.999999
          0.999999
          0.999999
          0.999999
          0.999999
          0.999999
          0.999999
          0.999999
          0.999999
          0.999999
          0.999999
          1.000000
          1.000000
          1.000000
          1.000000
          1.000000
          1.000000
          1.000000
          1.000000
          1.000000
          1.000000
          1.000000
          1.000000
          1.000000
          1.000000
          1.000000
          1.000000
          1.000000
          1.000000
          1.000000
          1.000000
          1.000000
          1.000000
          1.000000
          1.000000
          1.000000
          1.000000
          1.000000
          1.000000
          1.000000
          1.000000
          1.000000
          1.000000
          1.000000
          1.000000
          1.000000
          1.000000
          1.000000
          1.000000
          1.000000
          1.000000
          1.000000
          1.000000
          1.000000
          1.000000
          1.000000
          1.000000
          1.000000
          1.000000
          1.000000
          1.000000
          1.000000
          1.000000
          1.000000
          1.000000
          1.000000
          1.000000
          1.000000
          1.000000
          1.000000
          1.000000
          1.000000
          1.000000
          1.000000
          1.000000
          1.000000
          1.000000
          1.000000
          1.000000
          1.000000
          1.000000
          1.000000
          1.000000
          1.000000
          1.000000
          1.000000
          1.000000
          1.000000
          1.000000
          1.000000
          1.000000
          1.000000
          1.000000
          1.000000
          1.000000
          1.000000
          1.000000
          1.000000
          1.000000
          1.000000
          1.000000
          1.000000
          1.000000
          1.000000
          1.000000
          1.000000
          1.000000
          1.000000
          1.000000
          1.000000
          1.000000
          1.000000
          1.000000
          1.000000
          1.000000
          1.000000
          1.000000
          1.000000
          1.000000
          1.000000
          1.000000
          1.000000
          1.515540
          1.514576
          1.513742
          1.512857
          1.512035
          1.511337
          1.510770
          1.510326
          1.509988
          1.509743
          1.509573
          1.509461
          1.509394
          1.509360
          1.509349
          1.509354
          1.509370
          1.509392
          1.509417
          1.509443
          1.509468
          1.509492
          1.509514
          1.509534
          1.509551
          1.509567
          1.509581
          1.509592
          1.509603
          1.509612
          1.509620
          1.509628
          1.509634
          1.509640
          1.509645
          1.509650
          1.509654
          1.509659
          1.509663
          1.509666
          1.509670
          1.509673
          1.509676
          1.509679
          1.509682
          1.509685
          1.509688
          1.509690
          1.509693
          1.509695
          1.509698
          1.509700
          1.509702
          1.509704
          1.509706
          1.509708
          1.509710
          1.509712
          1.509713
          1.509715
          1.509717
          1.509718
          1.509720
          1.509721
          1.509723
          1.509724
          1.509725
          1.509727
          1.509728
          1.509729
          1.509730
          1.509731
          1.509733
          1.509734
          1.509735
          1.509736
          1.509737
          1.509738
          1.509739
          1.509740
          1.509741
          1.509742
          1.509742
          1.509743
          1.509744
          1.509745
          1.509746
          1.509747
          1.509747
          1.509748
          1.509749
          1.509750
          1.509750
          1.509751
          1.509752
          1.509752
          1.509753
          1.509754
          1.509754
          1.509755
          1.509756
          1.509756
          1.509757
          1.509757
          1.509758
          1.509759
          1.509759
          1.509760
          1.509760
          1.509761
          1.509761
          1.509762
          1.509762
          1.509763
          1.509763
          1.509764
          1.509764
          1.509765
          1.509765
          1.509766
          1.509766
          1.509766
          1.509767
          1.509767
          1.509768
          1.509768
          1.509768
          1.509769
          1.509769
          1.509770
          1.509770
          1.509770
          1.509771
          1.509771
          1.509771
          1.509772
          1.509772
          1.509773
          1.509773
          1.509773
          1.509774
          1.509774
          1.509774
          1.509774
          1.509775
          1.509775
          1.509775
          1.509776
          1.509776
          1.509776
          1.509777
          1.509777
          1.509777
          1.509777
          1.509778
          1.509778
          1.509778
          1.509778
          1.509779
          1.509779
          1.509779
          1.509779
          1.509780
          1.509780
          1.509780
          1.509780
          1.509781
          1.509781
          1.509781
          1.509781
          1.509781
          1.509782
          1.509782
          1.509782
          1.509782
          1.509782
          1.509783
          1.509783
          1.509783
          1.509783
          1.509783
          1.509784
          1.509784
          1.509784
          1.509784
          1.509784
          1.509784
          1.509785
          1.509785
          1.509785
          1.509785
          1.509785
          1.509785
          1.509786
          1.509786
          1.509786
          1.509786
          1.509786
          1.509786
          1.509786
          1.509787
          1.509787
          1.509787
          1.509787
          1.509787
          1.509787
          1.509787
          1.509788
          1.509788
          1.509788
          1.509788
          1.509788
          1.509788
          1.509788
          1.509788
          1.509788
          1.509789
          1.509789
          1.509789
          1.509789
          1.509789
          1.509789
          1.509789
          1.509789
          1.509789
          1.509789
          1.509789
          1.509790
          1.509790
          1.509790
          1.509790
          1.509790
          1.509790
          1.509790
          1.509790
          1.509790
          1.509790
          1.509790
          1.509790
          1.509790
          1.509790
          1.509790
          1.509790
          1.509790
          1.509790
          1.509790
          1.509790
          1.509790
          1.509791
          1.509791
          1.509791
          1.509791
          0.681968
          0.680996
          0.680567
          0.680346
          0.680248
          0.680227
          0.680252
          0.680304
          0.680370
          0.680444
          0.680521
          0.680595
          0.680666
          0.680732
          0.680793
          0.680848
          0.680897
          0.680941
          0.680980
          0.681015
          0.681045
          0.681072
          0.681096
          0.681117
          0.681136
          0.681153
          0.681168
          0.681181
          0.681193
          0.681204
          0.681214
          0.681223
          0.681231
          0.681238
          0.681245
          0.681251
          0.681257
          0.681262
          0.681266
          0.681271
          0.681274
          0.681278
          0.681281
          0.681284
          0.681287
          0.681290
          0.681292
          0.681294
          0.681296
          0.681298
          0.681300
          0.681301
          0.681303
          0.681304
          0.681305
          0.681307
          0.681308
          0.681309
          0.681310
          0.681311
          0.681312
          0.681312
          0.681313
          0.681314
          0.681314
          0.681315
          0.681316
          0.681316
          0.681317
          0.681317
          0.681318
          0.681318
          0.681319
          0.681319
          0.681319
          0.681320
          0.681320
          0.681320
          0.681321
          0.681321
          0.681321
          0.681322
          0.681322
          0.681322
          0.681323
          0.681323
          0.681323
          0.681323
          0.681324
          0.681324
          0.681324
          0.681324
          0.681324
          0.681325
          0.681325
          0.681325
          0.681325
          0.681325
          0.681325
          0.681326
          0.681326
          0.681326
          0.681326
          0.681326
          0.681326
          0.681327
          0.681327
          0.681327
          0.681327
          0.681327
          0.681327
          0.681327
          0.681328
          0.681328
          0.681328
          0.681328
          0.681328
          0.681328
          0.681328
          0.681328
          0.681328
          0.681329
          0.681329
          0.681329
          0.681329
          0.681329
          0.681329
          0.681329
          0.681329
          0.681329
          0.681329
          0.681329
          0.681330
          0.681330
          0.681330
          0.681330
          0.681330
          0.681330
          0.681330
          0.681330
          0.681330
          0.681330
          0.681330
          0.681330
          0.681331
          0.681331
          0.681331
          0.681331
          0.681331
          0.681331
          0.681331
          0.681331
          0.681331
          0.681331
          0.681331
          0.681331
          0.681331
          0.681331
          0.681331
          0.681331
          0.681332
          0.681332
          0.681332
          0.681332
          0.681332
          0.681332
          0.681332
          0.681332
          0.681332
          0.681332
          0.681332
          0.681332
          0.681332
          0.681332
          0.681332
          0.681332
          0.681332
          0.681332
          0.681332
          0.681332
          0.681333
          0.681333
          0.681333
          0.681333
          0.681333
          0.681333
          0.681333
          0.681333
          0.681333
          0.681333
          0.681333
          0.681333
          0.681333
          0.681333
          0.681333
          0.681333
          0.681333
          0.681333
          0.681333
          0.681333
          0.681333
          0.681333
          0.681333
          0.681333
          0.681333
          0.681333
          0.681333
          0.681333
          0.681333
          0.681333
          0.681334
          0.681334
          0.681334
          0.681334
          0.681334
          0.681334
          0.681334
          0.681334
          0.681334
          0.681334
          0.681334
          0.681334
          0.681334
          0.681334
          0.681334
          0.681334
          0.681334
          0.681334
          0.681334
          0.681334
          0.681334
          0.681334
          0.681334
          0.681334
          0.681334
          0.681334
          0.681334
          0.681334
          0.681334
          0.681334
          0.681334
          0.681334
          0.681334
          0.681334
          0.681334
          0.681334
          0.681333
          0.681333
          0.681333
          0.681333
          0.681333
          0.681333
          0.000763
         -0.002418
         -0.002066
         -0.001673
         -0.001295
         -0.000962
         -0.000683
         -0.000457
         -0.000279
         -0.000145
         -0.000048
          0.000021
          0.000066
          0.000094
          0.000109
          0.000114
          0.000112
          0.000107
          0.000099
          0.000089
          0.000080
          0.000070
          0.000061
          0.000053
          0.000046
          0.000039
          0.000034
          0.000029
          0.000025
          0.000021
          0.000018
          0.000016
          0.000014
          0.000012
          0.000010
          0.000009
          0.000008
          0.000007
          0.000006
          0.000005
          0.000005
          0.000004
          0.000003
          0.000003
          0.000002
          0.000002
          0.000002
          0.000001
          0.000001
          0.000001
          0.000000
         -0.000000
         -0.000000
         -0.000000
         -0.000001
         -0.000001
         -0.000001
         -0.000001
         -0.000001
         -0.000001
         -0.000002
         -0.000002
         -0.000002
         -0.000002
         -0.000002
         -0.000002
         -0.000002
         -0.000002
         -0.000002
         -0.000002
         -0.000002
         -0.000002
         -0.000002
         -0.000002
         -0.000002
         -0.000002
         -0.000002
         -0.000002
         -0.000002
         -0.000002
         -0.000002
         -0.000002
         -0.000002
         -0.000002
         -0.000002
         -0.000002
         -0.000002
         -0.000002
         -0.000002
         -0.000002
         -0.000002
         -0.000002
         -0.000002
         -0.000002
         -0.000002
         -0.000002
         -0.000002
         -0.000002
         -0.000002
         -0.000002
         -0.000002
         -0.000002
         -0.000002
         -0.000002
         -0.000002
         -0.000002
         -0.000002
         -0.000002
         -0.000002
         -0.000002
         -0.000002
         -0.000002
         -0.000002
         -0.000002
         -0.000002
         -0.000002
         -0.000002
         -0.000002
         -0.000002
         -0.000002
         -0.000002
         -0.000002
         -0.000002
         -0.000002
         -0.000001
         -0.000001
         -0.000001
         -0.000001
         -0.000001
         -0.000001
         -0.000001
         -0.000001
         -0.000001
         -0.000001
         -0.000001
         -0.000001
         -0.000001
         -0.000001
         -0.000001
         -0.000001
         -0.000001
         -0.000001
         -0.000001
         -0.000001
         -0.000001
         -0.000001
         -0.000001
         -0.000001
         -0.000001
         -0.000001
         -0.000001
         -0.000001
         -0.000001
         -0.000001
         -0.000001
         -0.000001
         -0.000001
         -0.000001
         -0.000001
         -0.000001
         -0.000001
         -0.000001
         -0.000001
         -0.000001
         -0.000001
         -0.000001
         -0.000001
         -0.000001
         -0.000001
         -0.000001
         -0.000001
         -0.000001
         -0.000001
         -0.000001
         -0.000001
         -0.000001
         -0.000001
         -0.000001
         -0.000001
         -0.000001
         -0.000001
         -0.000001
         -0.000001
         -0.000001
         -0.000001
         -0.000001
         -0.000001
         -0.000001
         -0.000001
         -0.000001
         -0.000001
         -0.000001
         -0.000001
         -0.000001
         -0.000001
         -0.000001
         -0.000001
         -0.000001
         -0.000001
         -0.000001
         -0.000001
         -0.000001
         -0.000001
         -0.000001
         -0.000001
         -0.000001
         -0.000001
         -0.000001
         -0.000001
         -0.000001
         -0.000001
         -0.000001
         -0.000001
         -0.000001
         -0.000001
         -0.000001
         -0.000001
         -0.000001
         -0.000001
         -0.000001
         -0.000001
         -0.000001
         -0.000001
         -0.000001
         -0.000001
         -0.000001
         -0.000001
         -0.000001
         -0.000001
         -0.000001
         -0.000001
         -0.000001
         -0.000001
         -0.000001
         -0.000001
         -0.000001
         -0.000000
         -0.000000
         -0.000000
         -0.000000
         -0.000000
         -0.000000
         -0.000000
         -0.000000
         -0.000000
         -0.000000
         -0.000001
         -0.000001
         -0.000001
         -0.000001
         -0.000001
         -0.000001
