  8.701689486088977E-003  8.687731932136507E-003  8.681115952355182E-003
  8.674490584821917E-003  8.668035451498909E-003  8.662148079598286E-003
  8.656977817294877E-003  8.652584848347652E-003  8.648944168424327E-003
  8.646070660367169E-003  8.643864919648773E-003  8.642231033967676E-003
  8.641074757236241E-003  8.640301915883603E-003  8.639826272521542E-003
  8.639576579035317E-003  8.639489055212075E-003  8.639514727787552E-003
  8.639613955397939E-003  8.639756581698872E-003  8.639919666168791E-003
  8.640086846836103E-003  8.640246664313414E-003  8.640392232079618E-003
  8.640519700090464E-003  8.640627423110822E-003  8.640715092637741E-003
  8.640783454143878E-003  8.640834083654424E-003  8.640868289693739E-003
  8.640888326704406E-003  8.640895897546613E-003  8.640892788150957E-003
  8.640880726890678E-003  8.640861216217165E-003  8.640835762041200E-003
  8.640805150452050E-003  8.640770646773812E-003  8.640733091622910E-003
  8.640692999615830E-003  8.640651195359778E-003  8.640607890024075E-003
  8.640563609168959E-003  8.640518614975579E-003  8.640473376412000E-003
  8.640427697475727E-003  8.640382050352020E-003  8.640336552814780E-003
  8.640291201138867E-003  8.640246298400028E-003  8.640201747149447E-003
  8.640157555178758E-003  8.640113882539401E-003  8.640070880465119E-003
  8.640028320620687E-003  8.639986495891528E-003  8.639945315654514E-003
  8.639904674144621E-003  8.639864707271230E-003  8.639825471582391E-003
  8.639786829697465E-003  8.639748865470177E-003  8.639711550561691E-003
  8.639675029004965E-003  8.639639110031341E-003  8.639603831429045E-003
  8.639569189086890E-003  8.639535347546983E-003  8.639502026936703E-003
  8.639469320788349E-003  8.639437207155699E-003  8.639405847332759E-003
  8.639374942667892E-003  8.639344737671610E-003  8.639315126699982E-003
  8.639285928842069E-003  8.639257495459237E-003  8.639229472600847E-003
  8.639202061827386E-003  8.639175073560657E-003  8.639148621309586E-003
  8.639122775786875E-003  8.639097184557432E-003  8.639072297318924E-003
  8.639047794276456E-003  8.639023789728422E-003  8.639000188759502E-003
  8.638976948803799E-003  8.638954271514164E-003  8.638931849944758E-003
  8.638910004970047E-003  8.638888310280890E-003  8.638867134892640E-003
  8.638846367381397E-003  8.638825981990542E-003  8.638805871554661E-003
  8.638786157458384E-003  8.638766764312630E-003  8.638747720864584E-003
  8.638728970891968E-003  8.638710524054306E-003  8.638692419107757E-003
  8.638674609522688E-003  8.638657128013608E-003  8.638639884375677E-003
  8.638622949700570E-003  8.638606234415569E-003  8.638589822111046E-003
  8.638573675854725E-003  8.638557870785907E-003  8.638542298839308E-003
  8.638526913439264E-003  8.638511732696410E-003  8.638496836449438E-003
  8.638482218280882E-003  8.638467758036474E-003  8.638453554297756E-003
  8.638439577932325E-003  8.638425744912984E-003  8.638412281110702E-003
  8.638398941904593E-003  8.638385804993884E-003  8.638372884658711E-003
  8.638360101120547E-003  8.638347559852889E-003  8.638335094409401E-003
  8.638322909763992E-003  8.638310925270520E-003  8.638299055546538E-003
  8.638287492228657E-003  8.638275984618001E-003  8.638264694641962E-003
  8.638253600184193E-003  8.638242627610445E-003  8.638231783175007E-003
  8.638221131118968E-003  8.638210607641991E-003  8.638200352910231E-003
  8.638190032064013E-003  8.638180106035152E-003  8.638170160124551E-003
  8.638160413392290E-003  8.638150847352987E-003  8.638141266178647E-003
  8.638131988733588E-003  8.638122811606591E-003  8.638113762113315E-003
  8.638104800410338E-003  8.638095994644057E-003  8.638087308444092E-003
  8.638078755900150E-003  8.638070337475998E-003  8.638062005711093E-003
  8.638053802525940E-003  8.638045686763645E-003  8.638037761810800E-003
  8.638029965562037E-003  8.638022291895246E-003  8.638014655980280E-003
  8.638007020535639E-003  8.637999751153685E-003  8.637992395566372E-003
  8.637985283038328E-003  8.637978145668721E-003  8.637971182847927E-003
  8.637964325887561E-003  8.637957527351801E-003  8.637950888780272E-003
  8.637944281262876E-003  8.637937765934229E-003  8.637931360630348E-003
  8.637925082229899E-003  8.637918871212834E-003  8.637912745767379E-003
  8.637906680711386E-003  8.637900750371923E-003  8.637894919766563E-003
  8.637889174140987E-003  8.637883464686165E-003  8.637877843362896E-003
  8.637872325190447E-003  8.637866939038180E-003  8.637861518255336E-003
  8.637856324527227E-003  8.637851083140470E-003  8.637845982366731E-003
  8.637840961834476E-003  8.637835926445563E-003  8.637831084330038E-003
  8.637826231892921E-003  8.637821507730998E-003  8.637816816957999E-003
  8.637812257666031E-003  8.637807716775183E-003  8.637803275967155E-003
  8.637798839202541E-003  8.637794537202148E-003  8.637790280412927E-003
  8.637786113779064E-003  8.637782044837269E-003  8.637778042751702E-003
  8.637773928091404E-003  8.637769952523496E-003  8.637766262252156E-003
  8.637762370119329E-003  8.637758598418123E-003  8.637755065644686E-003
  8.637751466195383E-003  8.637747831350188E-003  8.637744385106311E-003
  8.637740897397861E-003  8.637737619080734E-003  8.637734281872398E-003
  8.637731006036129E-003  8.637727800022005E-003  8.637724634956719E-003
  8.637721624423576E-003  8.637718607124147E-003  8.637715637121148E-003
  8.637712786754567E-003  8.637709878164954E-003  8.637707049678506E-003
  8.637704342869793E-003  8.637701650432280E-003  8.637698955714783E-003
  8.637696426864183E-003  8.637693879906389E-003  8.637691373670339E-003
  8.637688933489020E-003  8.637686494291719E-003  8.637684162757774E-003
  8.637681943693777E-003  8.637679635564640E-003  8.637677443871230E-003
  8.637675327834190E-003  8.637673292603041E-003  8.637671258755390E-003
  8.637669262492813E-003  8.637667436003126E-003  8.637665742889619E-003
  8.637664032496975E-003  8.637662619393742E-003  8.637661265005569E-003
  8.637660230421392E-003  8.637659421650049E-003  8.637658981866624E-003
  8.637659057419733E-003  8.637659622090475E-003  8.637660990058627E-003
  8.637663299646403E-003  8.637666750041736E-003  8.637671931656791E-003
   1.00012621145300        1.00009906118877        1.00007336154833     
   1.00004879174702        1.00002674011321        1.00000800914792     
  0.999992861334615       0.999981216731660       0.999972780105677     
  0.999967145082209       0.999963837709199       0.999962393440837     
  0.999962382414548       0.999963424880229       0.999965199681435     
  0.999967444983345       0.999969953294757       0.999972566843801     
  0.999975169426810       0.999977679555711       0.999980043525375     
  0.999982229451678       0.999984221893824       0.999986017474774     
  0.999987621073591       0.999989042963565       0.999990296627671     
  0.999991397205937       0.999992360327528       0.999993201254090     
  0.999993934565109       0.999994573593643       0.999995130457159     
  0.999995615961808       0.999996039605945       0.999996409676177     
  0.999996733294283       0.999997016709924       0.999997265208986     
  0.999997483316852       0.999997674966473       0.999997843455813     
  0.999997991698798       0.999998122167561       0.999998237016960     
  0.999998338052351       0.999998426973114       0.999998505177967     
  0.999998573899783       0.999998634261750       0.999998687193341     
  0.999998733572079       0.999998774197499       0.999998809748529     
  0.999998840794610       0.999998867924807       0.999998891583595     
  0.999998912201051       0.999998930200997       0.999998945924939     
  0.999998959661009       0.999998971709655       0.999998982314264     
  0.999998991699458       0.999999000018036       0.999999007462026     
  0.999999014189508       0.999999020339222       0.999999025978207     
  0.999999031247530       0.999999036242152       0.999999041047935     
  0.999999045684411       0.999999050255589       0.999999054774062     
  0.999999059276223       0.999999063845827       0.999999068443380     
  0.999999073135606       0.999999077916403       0.999999082833049     
  0.999999087888162       0.999999093054723       0.999999098413008     
  0.999999103890838       0.999999109514541       0.999999115269001     
  0.999999121165794       0.999999127225045       0.999999133396835     
  0.999999139727005       0.999999146154072       0.999999152750685     
  0.999999159465054       0.999999166277732       0.999999173175458     
  0.999999180177817       0.999999187262309       0.999999194427591     
  0.999999201661280       0.999999208966790       0.999999216340965     
  0.999999223765743       0.999999231235920       0.999999238734533     
  0.999999246272547       0.999999253835924       0.999999261437450     
  0.999999269060038       0.999999276696584       0.999999284314348     
  0.999999291915408       0.999999299516581       0.999999307126083     
  0.999999314724329       0.999999322292433       0.999999329849136     
  0.999999337380524       0.999999344880495       0.999999352368584     
  0.999999359790084       0.999999367168913       0.999999374503012     
  0.999999381785573       0.999999389034858       0.999999396233420     
  0.999999403415347       0.999999410546765       0.999999417619021     
  0.999999424650330       0.999999431596515       0.999999438494062     
  0.999999445326529       0.999999452083918       0.999999458779749     
  0.999999465424021       0.999999472005063       0.999999478530850     
  0.999999484963745       0.999999491373202       0.999999497678793     
  0.999999503934438       0.999999510122388       0.999999516230029     
  0.999999522306858       0.999999528297927       0.999999534214116     
  0.999999540057749       0.999999545843356       0.999999551562486     
  0.999999557217390       0.999999562805284       0.999999568322880     
  0.999999573781789       0.999999579179140       0.999999584524191     
  0.999999589791656       0.999999594976780       0.999999600077962     
  0.999999605121167       0.999999610142125       0.999999615056837     
  0.999999619927799       0.999999624711417       0.999999629450040     
  0.999999634121121       0.999999638723709       0.999999643271728     
  0.999999647745774       0.999999652168031       0.999999656540343     
  0.999999660857598       0.999999665109053       0.999999669303123     
  0.999999673441972       0.999999677535300       0.999999681567872     
  0.999999685535882       0.999999689441116       0.999999693300502     
  0.999999697113158       0.999999700872168       0.999999704561411     
  0.999999708218846       0.999999711797260       0.999999715339056     
  0.999999718824390       0.999999722253241       0.999999725655733     
  0.999999728993684       0.999999732294924       0.999999735541734     
  0.999999738747527       0.999999741893733       0.999999744998093     
  0.999999748051510       0.999999751075745       0.999999754049257     
  0.999999756979548       0.999999759859889       0.999999762681787     
  0.999999765447376       0.999999768216001       0.999999770962775     
  0.999999773615987       0.999999776262849       0.999999778885053     
  0.999999781426246       0.999999783930914       0.999999786432743     
  0.999999788891574       0.999999791341377       0.999999793735220     
  0.999999796114088       0.999999798479766       0.999999800830796     
  0.999999803174940       0.999999805483327       0.999999807781261     
  0.999999810077211       0.999999812356903       0.999999814664576     
  0.999999816998977       0.999999819346751       0.999999821731354     
  0.999999824182240       0.999999826676127       0.999999829251051     
  0.999999831928157       0.999999834722374       0.999999837671690     
  0.999999840781937       0.999999844061257       0.999999847586919     
  0.999999851373082       0.999999855450876       0.999999859854832     
  0.999999864649752       0.999999869892809       0.999999875602701     
  0.999999881814654       0.999999888617699       0.999999896002409     
  0.999999904039985       0.999999912719890       0.999999922063999     
  0.999999932049621       0.999999942609719       0.999999953691893     
  0.999999965153429       0.999999976830562       0.999999988541332     
   1.51553955900530        1.51457643186901        1.51374183801849     
   1.51285661528423        1.51203529393589        1.51133738322572     
   1.51076990248677        1.51032550522004        1.50998793171078     
   1.50974339170766        1.50957326763379        1.50946145438768     
   1.50939423421018        1.50935994664995        1.50934910525429     
   1.50935443652915        1.50937012110569        1.50939196825589     
   1.50941689064229        1.50944274581465        1.50946806853265     
   1.50949196177882        1.50951390358705        1.50953368792111     
   1.50955130062024        1.50956684859908        1.50958050002702     
   1.50959245755651        1.50960294676260        1.50961214890192     
   1.50962027980615        1.50962750124972        1.50963396031205     
   1.50963978891228        1.50964509354036        1.50964997313393     
   1.50965447696394        1.50965867927413        1.50966262617489     
   1.50966634307178        1.50966987456352        1.50967322526366     
   1.50967642344485        1.50967947823420        1.50968241390210     
   1.50968521442165        1.50968790669850        1.50969049594799     
   1.50969298217287        1.50969538122463        1.50969768675959     
   1.50969990124888        1.50970203616905        1.50970410131640     
   1.50970608377625        1.50970800465494        1.50970985913048     
   1.50971164383434        1.50971336907570        1.50971504070784     
   1.50971665372163        1.50971821561337        1.50971972620137     
   1.50972119676260        1.50972261782808        1.50972399529371     
   1.50972533020923        1.50972663491468        1.50972789600854     
   1.50972912028750        1.50973030903445        1.50973147507019     
   1.50973260017578        1.50973370258055        1.50973477648210     
   1.50973581543994        1.50973684077714        1.50973783319952     
   1.50973880608895        1.50973975044224        1.50974067405330     
   1.50974158337177        1.50974245813515        1.50974332784286     
   1.50974417323155        1.50974500362510        1.50974581349220     
   1.50974660205239        1.50974738413571        1.50974814022662     
   1.50974889202944        1.50974961412551        1.50975033044194     
   1.50975103487598        1.50975172783538        1.50975240213883     
   1.50975306575029        1.50975371768674        1.50975435781273     
   1.50975498355467        1.50975559879831        1.50975620469603     
   1.50975680031498        1.50975738740657        1.50975796049973     
   1.50975852569002        1.50975907730086        1.50975962258893     
   1.50976015822476        1.50976069005779        1.50976121221549     
   1.50976172063503        1.50976222014482        1.50976271378295     
   1.50976320201572        1.50976367964382        1.50976415013989     
   1.50976461436861        1.50976506668002        1.50976552075242     
   1.50976596280923        1.50976639941038        1.50976682979679     
   1.50976724912586        1.50976766494604        1.50976806929850     
   1.50976847294412        1.50976887167884        1.50976926039426     
   1.50976965057918        1.50977002856586        1.50977040304137     
   1.50977077377419        1.50977113595843        1.50977149211665     
   1.50977184488827        1.50977219046271        1.50977253746698     
   1.50977286715497        1.50977320709162        1.50977353142195     
   1.50977385375690        1.50977417422238        1.50977448130558     
   1.50977479406143        1.50977510001297        1.50977540094796     
   1.50977569506285        1.50977598625338        1.50977627357259     
   1.50977655715502        1.50977683737712        1.50977711135250     
   1.50977738219276        1.50977764698157        1.50977791322221     
   1.50977817655347        1.50977843587731        1.50977868671276     
   1.50977892763060        1.50977918123350        1.50977942004968     
   1.50977966254798        1.50977989491048        1.50978012728585     
   1.50978035682613        1.50978058054661        1.50978080521780     
   1.50978102306796        1.50978123708250        1.50978144966805     
   1.50978166087559        1.50978186761727        1.50978207148303     
   1.50978227028606        1.50978246957481        1.50978266717566     
   1.50978286034864        1.50978304831822        1.50978323362584     
   1.50978341818763        1.50978360367394        1.50978377849604     
   1.50978396109680        1.50978413104175        1.50978430421227     
   1.50978447456944        1.50978463665601        1.50978480455966     
   1.50978496377735        1.50978512573017        1.50978528149773     
   1.50978543836216        1.50978558975463        1.50978574182705     
   1.50978588678563        1.50978603462933        1.50978617890694     
   1.50978632215377        1.50978646409419        1.50978660415551     
   1.50978673129011        1.50978686227228        1.50978700433537     
   1.50978712777415        1.50978725329597        1.50978738741784     
   1.50978751065100        1.50978762630338        1.50978774884662     
   1.50978786304904        1.50978798497581        1.50978809700849     
   1.50978820773896        1.50978831779087        1.50978842405882     
   1.50978853600587        1.50978864079130        1.50978874267181     
   1.50978884710726        1.50978894156922        1.50978903775663     
   1.50978913570883        1.50978922779948        1.50978931545292     
   1.50978940655100        1.50978949181632        1.50978957393141     
   1.50978965443174        1.50978972940026        1.50978980484850     
   1.50978988068166        1.50978994499886        1.50979000905756     
   1.50979007050930        1.50979012826600        1.50979017845214     
   1.50979022191140        1.50979026416493        1.50979030459865     
   1.50979032979320        1.50979035957589        1.50979037695476     
   1.50979039554037        1.50979040831386        1.50979042175341     
   1.50979044350428        1.50979046906247        1.50979051770497     
   1.50979060092897        1.50979073670718        1.50979100233523     
  0.681968474922510       0.680995967914091       0.680566527187332     
  0.680346473828313       0.680248223548880       0.680226994956673     
  0.680251827243036       0.680303806991123       0.680370180121686     
  0.680444377725783       0.680520591609292       0.680595289642591     
  0.680666353638254       0.680732493232786       0.680793050416734     
  0.680847901493564       0.680897112024811       0.680941009278402     
  0.680979999368835       0.681014545491013       0.681045106665200     
  0.681072137654411       0.681096055650471       0.681117253729805     
  0.681136083868889       0.681152856273665       0.681167837310611     
  0.681181256745346       0.681193316650565       0.681204175167170     
  0.681213985357691       0.681222865886656       0.681230920968321     
  0.681238242545569       0.681244908440112       0.681250990712902     
  0.681256539635261       0.681261613697570       0.681266258829449     
  0.681270511391745       0.681274413922409       0.681277992025215     
  0.681281278879191       0.681284298993847       0.681287081332224     
  0.681289637520416       0.681291994628583       0.681294169818507     
  0.681296176814630       0.681298034776229       0.681299752787107     
  0.681301342060643       0.681302816445447       0.681304188387337     
  0.681305460505162       0.681306647934035       0.681307755124220     
  0.681308786241801       0.681309750397909       0.681310654365085     
  0.681311500101591       0.681312294143076       0.681313039729221     
  0.681313744243836       0.681314406602738       0.681315031375995     
  0.681315621156606       0.681316182749833       0.681316712429423     
  0.681317214509516       0.681317690791463       0.681318147481937     
  0.681318578699589       0.681318992526834       0.681319387726076     
  0.681319762290547       0.681320125570595       0.681320470541298     
  0.681320803209353       0.681321120418468       0.681321425800611     
  0.681321722297521       0.681322002271960       0.681322277682298     
  0.681322541371656       0.681322797262703       0.681323043548140     
  0.681323280069452       0.681323512789856       0.681323734344239     
  0.681323953448168       0.681324160197503       0.681324364132373     
  0.681324562984206       0.681324756994511       0.681324943605956     
  0.681325126078980       0.681325303870270       0.681325477229320     
  0.681325645236227       0.681325809210039       0.681325969818555     
  0.681326126662711       0.681326280607963       0.681326429561365     
  0.681326575886987       0.681326717427915       0.681326856902779     
  0.681326993161969       0.681327128520631       0.681327260683167     
  0.681327388284595       0.681327512881252       0.681327635868334     
  0.681327757431161       0.681327875342935       0.681327991287463     
  0.681328105404506       0.681328215537097       0.681328327141551     
  0.681328434769127       0.681328540868112       0.681328645340114     
  0.681328746308252       0.681328846667330       0.681328943012227     
  0.681329039783465       0.681329135279082       0.681329227494428     
  0.681329321090449       0.681329410519503       0.681329499394904     
  0.681329587515706       0.681329673056137       0.681329756823658     
  0.681329839968342       0.681329920960050       0.681330003287946     
  0.681330079349092       0.681330160143041       0.681330235504988     
  0.681330310832759       0.681330386049641       0.681330456548359     
  0.681330529916712       0.681330601230884       0.681330671280857     
  0.681330739250601       0.681330806744467       0.681330873239909     
  0.681330938866271       0.681331003758568       0.681331066793096     
  0.681331129147602       0.681331189683856       0.681331251280553     
  0.681331312282875       0.681331372429464       0.681331429878539     
  0.681331483912623       0.681331543452489       0.681331597624962     
  0.681331653926293       0.681331706671792       0.681331760056281     
  0.681331812832073       0.681331863834411       0.681331915701940     
  0.681331965348510       0.681332014030043       0.681332062518899     
  0.681332110981042       0.681332158151521       0.681332204618573     
  0.681332249548544       0.681332295055293       0.681332340323101     
  0.681332384451375       0.681332426929260       0.681332468821415     
  0.681332510745834       0.681332553410857       0.681332592369944     
  0.681332634710532       0.681332672692593       0.681332712180699     
  0.681332751018019       0.681332786985586       0.681332825538664     
  0.681332861121262       0.681332897985279       0.681332932910661     
  0.681332968668432       0.681333002602098       0.681333037076521     
  0.681333069168020       0.681333102617944       0.681333134988356     
  0.681333167294801       0.681333199560479       0.681333231458384     
  0.681333258566242       0.681333287305052       0.681333320728430     
  0.681333347129964       0.681333374555666       0.681333405686932     
  0.681333432932217       0.681333457462576       0.681333484857304     
  0.681333509166116       0.681333536690939       0.681333560592354     
  0.681333584133816       0.681333607522534       0.681333629594112     
  0.681333653872287       0.681333675578089       0.681333696281124     
  0.681333718030213       0.681333735973831       0.681333754348995     
  0.681333773361615       0.681333790059256       0.681333804693374     
  0.681333820543707       0.681333833659734       0.681333845105312     
  0.681333855351155       0.681333862668667       0.681333869335456     
  0.681333875190282       0.681333875310579       0.681333874006813     
  0.681333870072426       0.681333862968199       0.681333850726190     
  0.681333833406257       0.681333813022604       0.681333788748889     
  0.681333755202635       0.681333719687118       0.681333675155281     
  0.681333626654499       0.681333571006173       0.681333510438034     
  0.681333447678890       0.681333380862081       0.681333317454786     
  0.681333261892889       0.681333221371379       0.681333224465487     
  7.628913740195503E-004 -2.418381837821249E-003 -2.066280071157188E-003
 -1.673346078585418E-003 -1.294621226197403E-003 -9.619846387955025E-004
 -6.827752921708485E-004 -4.568919600986056E-004 -2.792392747946783E-004
 -1.453436418812135E-004 -4.760181514464364E-005  2.088208682943576E-005
  6.624584255206342E-005  9.392991502903471E-005  1.085210893574904E-004
  1.136502279082640E-004  1.123183319385773E-004  1.067616650145735E-004
  9.868800646902085E-005  8.933521868871660E-005  7.959281667489726E-005
  7.005080902156576E-005  6.109141176701280E-005  5.291797391355700E-005
  4.561841631564629E-005  3.920243974924210E-005  3.363433443071073E-005
  2.884836266655311E-005  2.475700894417899E-005  2.128721619202890E-005
  1.834201733836828E-005  1.584721908925346E-005  1.373231786430241E-005
  1.193207093477860E-005  1.039246127532155E-005  9.062194662241974E-006
  7.914671086441198E-006  6.910203573373898E-006  6.023339827337312E-006
  5.239346151051276E-006  4.533893794903757E-006  3.903145475394938E-006
  3.331673229226595E-006  2.813839164175516E-006  2.336656207144320E-006
  1.907825264788821E-006  1.513411834037902E-006  1.150624443436239E-006
  8.196107545557995E-007  5.122761276020146E-007  2.321307563532365E-007
 -2.170051011431567E-008 -2.547037507467103E-007 -4.714805049120466E-007
 -6.650563190449590E-007 -8.456588019731411E-007 -1.010464424768477E-006
 -1.157203431753620E-006 -1.290670300308274E-006 -1.413381279285732E-006
 -1.522245961644789E-006 -1.620645920633146E-006 -1.708116216902259E-006
 -1.789955550386147E-006 -1.860927981135733E-006 -1.923520098820252E-006
 -1.978003621120572E-006 -2.030236146339924E-006 -2.072850992304863E-006
 -2.109052035838366E-006 -2.139159176202991E-006 -2.169311251263305E-006
 -2.189955413777895E-006 -2.210009509860734E-006 -2.226306024221020E-006
 -2.235046351936065E-006 -2.246975701961209E-006 -2.251908213801798E-006
 -2.256440212263874E-006 -2.255665308614504E-006 -2.253360995565436E-006
 -2.252494748585533E-006 -2.242582711316978E-006 -2.238426584645919E-006
 -2.230024037089470E-006 -2.221835409058023E-006 -2.210905863410926E-006
 -2.196589012245299E-006 -2.186183172257622E-006 -2.169693574111633E-006
 -2.157930581523687E-006 -2.137770877860073E-006 -2.121241620870150E-006
 -2.105154464957493E-006 -2.089497411002166E-006 -2.070515120290134E-006
 -2.052140691421985E-006 -2.033564004206520E-006 -2.014776622420598E-006
 -1.994361582332070E-006 -1.973950538703205E-006 -1.954161451751781E-006
 -1.934344934066263E-006 -1.915347129733723E-006 -1.894291589148146E-006
 -1.874094144485981E-006 -1.851854174891628E-006 -1.831057346203095E-006
 -1.810014067112138E-006 -1.791556222635804E-006 -1.772604916061970E-006
 -1.751143044398999E-006 -1.729288433596443E-006 -1.708701764822064E-006
 -1.689523679692960E-006 -1.668891570376042E-006 -1.648708593207781E-006
 -1.629145803578844E-006 -1.607385728902601E-006 -1.590342344832637E-006
 -1.570849096416235E-006 -1.552085526976040E-006 -1.533748392939953E-006
 -1.513333820745705E-006 -1.494530653892877E-006 -1.473127230173256E-006
 -1.454721402740329E-006 -1.437130481275446E-006 -1.417679066814338E-006
 -1.402251935935497E-006 -1.383670093103898E-006 -1.366412011090422E-006
 -1.350226212518307E-006 -1.332675622445572E-006 -1.314827217135040E-006
 -1.298204221711087E-006 -1.280783962940550E-006 -1.266902543068721E-006
 -1.246854791838409E-006 -1.234713071324917E-006 -1.217312771780672E-006
 -1.201545455232107E-006 -1.187401915364967E-006 -1.168950211646304E-006
 -1.155907927190516E-006 -1.141875755839254E-006 -1.127758909520850E-006
 -1.112513402773532E-006 -1.098214101384675E-006 -1.084220510851494E-006
 -1.070574718713067E-006 -1.057445791346332E-006 -1.043374607482149E-006
 -1.029896465134460E-006 -1.015538349752609E-006 -1.004042207829589E-006
 -9.931729523833923E-007 -9.823699003126081E-007 -9.692777763246004E-007
 -9.531237498966348E-007 -9.454422379985580E-007 -9.321346406162022E-007
 -9.227139451643611E-007 -9.099452213263690E-007 -8.991604871727627E-007
 -8.888151412839227E-007 -8.773105703202525E-007 -8.680367119665713E-007
 -8.570577214887489E-007 -8.459442997932472E-007 -8.358047343648665E-007
 -8.267203819059093E-007 -8.170437810130665E-007 -8.074915775399634E-007
 -7.970567215741277E-007 -7.884787914296068E-007 -7.806222200663802E-007
 -7.722059687610324E-007 -7.626501790004940E-007 -7.533081462761034E-007
 -7.450476094024976E-007 -7.387325696712093E-007 -7.285654876954721E-007
 -7.237274960718005E-007 -7.140692124314995E-007 -7.073162856212207E-007
 -7.006001819702219E-007 -6.910690693326860E-007 -6.858021019329602E-007
 -6.775738906373879E-007 -6.719717722327512E-007 -6.647191481495726E-007
 -6.593804446891633E-007 -6.525641897806281E-007 -6.473043337907862E-007
 -6.397750535572421E-007 -6.348993395620824E-007 -6.294744425861201E-007
 -6.247925459266652E-007 -6.207483097817353E-007 -6.169217070775187E-007
 -6.076717598457037E-007 -6.014926255964130E-007 -6.021776992226005E-007
 -5.945848932153392E-007 -5.891823785882036E-007 -5.893439662137253E-007
 -5.851785153873680E-007 -5.782496208751010E-007 -5.758885602421370E-007
 -5.704385389075524E-007 -5.699918249020072E-007 -5.656585295412822E-007
 -5.617278389911558E-007 -5.585210915916049E-007 -5.545831720416264E-007
 -5.545369712263274E-007 -5.520312833244077E-007 -5.491794088802992E-007
 -5.486807128175028E-007 -5.442532725484586E-007 -5.416290411499179E-007
 -5.410643517710622E-007 -5.387303396602962E-007 -5.352012728463098E-007
 -5.346665453718527E-007 -5.322454494197661E-007 -5.294687321253498E-007
 -5.271195536439968E-007 -5.232509119384142E-007 -5.209527880978859E-007
 -5.202429002872130E-007 -5.151130178195544E-007 -5.114285625054538E-007
 -5.081138486847929E-007 -5.048062334068340E-007 -4.995550683614611E-007
 -4.930395689732920E-007 -4.884743774937892E-007 -4.855561353961933E-007
 -4.780238567435881E-007 -4.762117994923624E-007 -4.719169447185184E-007
 -4.725986235584246E-007 -4.751860796967122E-007 -4.835870630118689E-007
 -5.022466472809957E-007 -5.295095226321431E-007 -5.756240958076132E-007
 -6.465589552739553E-007 -7.510338088297498E-007 -9.246952693939676E-007
