          1.329576
          1.328940
          1.328608
          1.328355
          1.328164
          1.328024
          1.327925
          1.327858
          1.327816
          1.327792
          1.327782
          1.327782
          1.327789
          1.327800
          1.327813
          1.327827
          1.327841
          1.327854
          1.327867
          1.327879
          1.327889
          1.327899
          1.327908
          1.327915
          1.327922
          1.327928
          1.327933
          1.327938
          1.327942
          1.327946
          1.327949
          1.327953
          1.327956
          1.327958
          1.327961
          1.327963
          1.327966
          1.327968
          1.327970
          1.327972
          1.327974
          1.327976
          1.327978
          1.327979
          1.327981
          1.327982
          1.327984
          1.327985
          1.327987
          1.327988
          1.327990
          1.327991
          1.327992
          1.327993
          1.327994
          1.327996
          1.327997
          1.327998
          1.327999
          1.328000
          1.328001
          1.328002
          1.328003
          1.328004
          1.328004
          1.328005
          1.328006
          1.328007
          1.328008
          1.328009
          1.328009
          1.328010
          1.328011
          1.328012
          1.328012
          1.328013
          1.328014
          1.328015
          1.328015
          1.328016
          1.328017
          1.328017
          1.328018
          1.328018
          1.328019
          1.328020
          1.328020
          1.328021
          1.328021
          1.328022
          1.328022
          1.328023
          1.328024
          1.328024
          1.328025
          1.328025
          1.328026
          1.328026
          1.328027
          1.328027
          1.328028
          1.328028
          1.328028
          1.328029
          1.328029
          1.328030
          1.328030
          1.328031
          1.328031
          1.328031
          1.328032
          1.328032
          1.328033
          1.328033
          1.328033
          1.328034
          1.328034
          1.328035
          1.328035
          1.328035
          1.328036
          1.328036
          1.328036
          1.328037
          1.328037
          1.328037
          1.328038
          1.328038
          1.328038
          1.328039
          1.328039
          1.328039
          1.328039
          1.328040
          1.328040
          1.328040
          1.328041
          1.328041
          1.328041
          1.328041
          1.328042
          1.328042
          1.328042
          1.328042
          1.328043
          1.328043
          1.328043
          1.328043
          1.328044
          1.328044
          1.328044
          1.328044
          1.328045
          1.328045
          1.328045
          1.328045
          1.328045
          1.328046
          1.328046
          1.328046
          1.328046
          1.328046
          1.328047
          1.328047
          1.328047
          1.328047
          1.328047
          1.328048
          1.328048
          1.328048
          1.328048
          1.328048
          1.328048
          1.328049
          1.328049
          1.328049
          1.328049
          1.328049
          1.328049
          1.328050
          1.328050
          1.328050
          1.328050
          1.328050
          1.328050
          1.328050
          1.328051
          1.328051
          1.328051
          1.328051
          1.328051
          1.328051
          1.328051
          1.328051
          1.328052
          1.328052
          1.328052
          1.328052
          1.328052
          1.328052
          1.328052
          1.328052
          1.328052
          1.328053
          1.328053
          1.328053
          1.328053
          1.328053
          1.328053
          1.328053
          1.328053
          1.328053
          1.328053
          1.328053
          1.328054
          1.328054
          1.328054
          1.328054
          1.328054
          1.328054
          1.328054
          1.328054
          1.328054
          1.328054
          1.328054
          1.328054
          1.328054
          1.328055
          1.328055
          1.328055
          1.328055
          1.328055
          1.328055
          1.328055
          1.328055
          1.328055
          1.328055
          1.328055
          1.328055
          1.328055
          1.328055
          1.328055
          1.328055
          1.328055
          1.328055
          1.328055
          1.328055
          1.328055
          1.328055
          1.328055
          1.328055
          1.328055
