         13.371165
         13.365888
         13.366050
         13.366423
         13.366800
         13.367164
         13.367513
         13.367842
         13.368149
         13.368434
         13.368697
         13.368938
         13.369160
         13.369363
         13.369549
         13.369719
         13.369876
         13.370019
         13.370150
         13.370271
         13.370382
         13.370484
         13.370578
         13.370664
         13.370743
         13.370815
         13.370882
         13.370943
         13.370999
         13.371051
         13.371098
         13.371142
         13.371183
         13.371220
         13.371254
         13.371286
         13.371316
         13.371343
         13.371369
         13.371393
         13.371415
         13.371436
         13.371455
         13.371473
         13.371490
         13.371506
         13.371520
         13.371534
         13.371545
         13.371556
         13.371564
         13.371575
         13.371580
         13.371586
         13.371590
         13.371595
         13.371598
         13.371601
         13.371604
         13.371606
         13.371607
         13.371608
         13.371609
         13.371609
         13.371609
         13.371608
         13.371607
         13.371606
         13.371604
         13.371602
         13.371600
         13.371598
         13.371596
         13.371593
         13.371591
         13.371588
         13.371585
         13.371582
         13.371579
         13.371576
         13.371572
         13.371569
         13.371566
         13.371562
         13.371559
         13.371555
         13.371552
         13.371548
         13.371545
         13.371541
         13.371537
         13.371534
         13.371530
         13.371527
         13.371523
         13.371519
         13.371516
         13.371512
         13.371509
         13.371505
         13.371502
         13.371498
         13.371495
         13.371491
         13.371488
         13.371485
         13.371481
         13.371478
         13.371475
         13.371471
         13.371468
         13.371465
         13.371462
         13.371459
         13.371456
         13.371452
         13.371449
         13.371446
         13.371443
         13.371441
         13.371438
         13.371435
         13.371432
         13.371429
         13.371426
         13.371424
         13.371421
         13.371418
         13.371415
         13.371413
         13.371410
         13.371408
         13.371405
         13.371402
         13.371400
         13.371397
         13.371395
         13.371393
         13.371390
         13.371388
         13.371385
         13.371383
         13.371381
         13.371379
         13.371376
         13.371374
         13.371372
         13.371370
         13.371368
         13.371366
         13.371364
         13.371362
         13.371360
         13.371358
         13.371356
         13.371354
         13.371352
         13.371350
         13.371348
         13.371347
         13.371345
         13.371343
         13.371341
         13.371340
         13.371338
         13.371336
         13.371334
         13.371333
         13.371331
         13.371329
         13.371328
         13.371326
         13.371324
         13.371323
         13.371321
         13.371320
         13.371318
         13.371317
         13.371315
         13.371314
         13.371312
         13.371311
         13.371310
         13.371309
         13.371307
         13.371306
         13.371305
         13.371304
         13.371302
         13.371301
         13.371300
         13.371299
         13.371298
         13.371297
         13.371296
         13.371295
         13.371294
         13.371293
         13.371292
         13.371290
         13.371289
         13.371288
         13.371287
         13.371286
         13.371285
         13.371284
         13.371283
         13.371282
         13.371281
         13.371280
         13.371279
         13.371278
         13.371277
         13.371276
         13.371275
         13.371274
         13.371274
         13.371273
         13.371272
         13.371272
         13.371271
         13.371271
         13.371270
         13.371270
         13.371270
         13.371269
         13.371269
         13.371269
         13.371268
         13.371268
         13.371268
         13.371267
         13.371267
         13.371266
         13.371266
         13.371266
         13.371265
         13.371265
         13.371264
         13.371264
         13.371264
         13.371263
         13.371263
         13.371263
         13.371263
         13.371263
         13.371263
         13.371263
         13.371263
         13.371264
         13.371265
         13.371266
         13.371268
