          0.614442
          0.614678
          0.614721
          0.614756
          0.614788
          0.614817
          0.614843
          0.614867
          0.614888
          0.614908
          0.614927
          0.614944
          0.614960
          0.614975
          0.614988
          0.615001
          0.615013
          0.615024
          0.615034
          0.615044
          0.615053
          0.615061
          0.615069
          0.615077
          0.615083
          0.615090
          0.615096
          0.615101
          0.615107
          0.615112
          0.615117
          0.615121
          0.615125
          0.615129
          0.615133
          0.615136
          0.615140
          0.615143
          0.615146
          0.615149
          0.615152
          0.615154
          0.615157
          0.615159
          0.615161
          0.615163
          0.615165
          0.615167
          0.615169
          0.615171
          0.615174
          0.615175
          0.615176
          0.615177
          0.615179
          0.615180
          0.615181
          0.615182
          0.615183
          0.615183
          0.615184
          0.615185
          0.615186
          0.615187
          0.615187
          0.615188
          0.615189
          0.615190
          0.615190
          0.615191
          0.615191
          0.615192
          0.615192
          0.615193
          0.615193
          0.615194
          0.615194
          0.615194
          0.615195
          0.615195
          0.615195
          0.615196
          0.615196
          0.615196
          0.615196
          0.615197
          0.615197
          0.615197
          0.615197
          0.615197
          0.615197
          0.615198
          0.615198
          0.615198
          0.615198
          0.615198
          0.615198
          0.615198
          0.615198
          0.615198
          0.615198
          0.615198
          0.615198
          0.615198
          0.615198
          0.615198
          0.615198
          0.615198
          0.615198
          0.615198
          0.615198
          0.615198
          0.615198
          0.615198
          0.615198
          0.615198
          0.615198
          0.615198
          0.615198
          0.615198
          0.615198
          0.615198
          0.615198
          0.615198
          0.615198
          0.615198
          0.615198
          0.615197
          0.615197
          0.615197
          0.615197
          0.615197
          0.615197
          0.615197
          0.615197
          0.615197
          0.615197
          0.615197
          0.615197
          0.615197
          0.615197
          0.615197
          0.615197
          0.615196
          0.615196
          0.615196
          0.615196
          0.615196
          0.615196
          0.615196
          0.615196
          0.615196
          0.615196
          0.615196
          0.615196
          0.615196
          0.615196
          0.615196
          0.615196
          0.615196
          0.615195
          0.615195
          0.615195
          0.615195
          0.615195
          0.615195
          0.615195
          0.615195
          0.615195
          0.615195
          0.615195
          0.615195
          0.615195
          0.615195
          0.615195
          0.615195
          0.615195
          0.615195
          0.615194
          0.615194
          0.615194
          0.615194
          0.615194
          0.615194
          0.615194
          0.615194
          0.615194
          0.615194
          0.615194
          0.615194
          0.615194
          0.615194
          0.615194
          0.615194
          0.615194
          0.615194
          0.615194
          0.615194
          0.615194
          0.615194
          0.615194
          0.615193
          0.615193
          0.615193
          0.615193
          0.615193
          0.615193
          0.615193
          0.615193
          0.615193
          0.615193
          0.615193
          0.615193
          0.615193
          0.615193
          0.615193
          0.615193
          0.615193
          0.615193
          0.615193
          0.615193
          0.615193
          0.615193
          0.615193
          0.615193
          0.615193
          0.615193
          0.615193
          0.615193
          0.615193
          0.615193
          0.615193
          0.615192
          0.615192
          0.615192
          0.615192
          0.615192
          0.615192
          0.615192
          0.615192
          0.615192
          0.615192
          0.615192
          0.615192
          0.615192
          0.615192
          0.615192
          0.615192
          0.615192
          0.615192
          0.615191
          0.615191
