          1.328061
          1.329017
          1.329008
          1.328911
          1.328818
          1.328737
          1.328665
          1.328603
          1.328548
          1.328501
          1.328459
          1.328422
          1.328388
          1.328358
          1.328332
          1.328307
          1.328286
          1.328266
          1.328248
          1.328231
          1.328217
          1.328203
          1.328191
          1.328180
          1.328170
          1.328161
          1.328153
          1.328146
          1.328139
          1.328133
          1.328127
          1.328122
          1.328118
          1.328113
          1.328109
          1.328106
          1.328103
          1.328100
          1.328097
          1.328094
          1.328092
          1.328090
          1.328088
          1.328086
          1.328084
          1.328083
          1.328081
          1.328080
          1.328079
          1.328078
          1.328077
          1.328076
          1.328075
          1.328075
          1.328074
          1.328073
          1.328073
          1.328072
          1.328071
          1.328071
          1.328070
          1.328070
          1.328069
          1.328069
          1.328069
          1.328068
          1.328068
          1.328068
          1.328067
          1.328067
          1.328067
          1.328066
          1.328066
          1.328066
          1.328066
          1.328065
          1.328065
          1.328065
          1.328065
          1.328065
          1.328065
          1.328064
          1.328064
          1.328064
          1.328064
          1.328064
          1.328064
          1.328063
          1.328063
          1.328063
          1.328063
          1.328063
          1.328063
          1.328063
          1.328063
          1.328063
          1.328063
          1.328062
          1.328062
          1.328062
          1.328062
          1.328062
          1.328062
          1.328062
          1.328062
          1.328062
          1.328062
          1.328062
          1.328062
          1.328062
          1.328062
          1.328062
          1.328062
          1.328062
          1.328062
          1.328062
          1.328062
          1.328061
          1.328061
          1.328061
          1.328061
          1.328061
          1.328061
          1.328061
          1.328061
          1.328061
          1.328061
          1.328061
          1.328061
          1.328061
          1.328061
          1.328061
          1.328061
          1.328061
          1.328061
          1.328061
          1.328061
          1.328061
          1.328061
          1.328061
          1.328061
          1.328061
          1.328061
          1.328061
          1.328061
          1.328061
          1.328061
          1.328061
          1.328061
          1.328061
          1.328061
          1.328061
          1.328061
          1.328061
          1.328061
          1.328061
          1.328061
          1.328061
          1.328061
          1.328061
          1.328061
          1.328061
          1.328061
          1.328061
          1.328061
          1.328061
          1.328061
          1.328061
          1.328061
          1.328061
          1.328061
          1.328061
          1.328061
          1.328061
          1.328061
          1.328061
          1.328061
          1.328061
          1.328061
          1.328061
          1.328061
          1.328061
          1.328061
          1.328061
          1.328061
          1.328061
          1.328061
          1.328061
          1.328061
          1.328061
          1.328061
          1.328061
          1.328061
          1.328061
          1.328061
          1.328061
          1.328061
          1.328061
          1.328061
          1.328061
          1.328061
          1.328061
          1.328061
          1.328061
          1.328061
          1.328061
          1.328061
          1.328061
          1.328061
          1.328061
          1.328061
          1.328061
          1.328061
          1.328061
          1.328061
          1.328061
          1.328061
          1.328061
          1.328061
          1.328061
          1.328061
          1.328061
          1.328061
          1.328061
          1.328061
          1.328061
          1.328061
          1.328061
          1.328061
          1.328061
          1.328061
          1.328061
          1.328061
          1.328061
          1.328061
          1.328061
          1.328061
          1.328061
          1.328061
          1.328061
          1.328061
          1.328061
          1.328061
          1.328061
          1.328061
          1.328061
          1.328061
          1.328061
          1.328061
          1.328061
          1.328061
          1.328061
          1.328061
