         -0.003614
         -0.000605
         -0.000614
         -0.000583
         -0.000544
         -0.000498
         -0.000450
         -0.000403
         -0.000355
         -0.000313
         -0.000274
         -0.000239
         -0.000207
         -0.000179
         -0.000154
         -0.000133
         -0.000114
         -0.000097
         -0.000081
         -0.000068
         -0.000056
         -0.000045
         -0.000036
         -0.000028
         -0.000021
         -0.000014
         -0.000008
         -0.000003
          0.000001
          0.000005
          0.000008
          0.000011
          0.000013
          0.000016
          0.000017
          0.000019
          0.000019
          0.000020
          0.000021
          0.000021
          0.000021
          0.000021
          0.000021
          0.000020
          0.000020
          0.000019
          0.000019
          0.000018
          0.000017
          0.000016
          0.000023
          0.000021
          0.000020
          0.000019
          0.000018
          0.000018
          0.000017
          0.000017
          0.000017
          0.000016
          0.000016
          0.000015
          0.000015
          0.000015
          0.000014
          0.000014
          0.000013
          0.000013
          0.000013
          0.000012
          0.000012
          0.000011
          0.000011
          0.000011
          0.000010
          0.000010
          0.000010
          0.000009
          0.000009
          0.000009
          0.000009
          0.000008
          0.000008
          0.000008
          0.000007
          0.000007
          0.000007
          0.000007
          0.000007
          0.000006
          0.000006
          0.000006
          0.000006
          0.000006
          0.000005
          0.000005
          0.000005
          0.000005
          0.000005
          0.000005
          0.000005
          0.000004
          0.000004
          0.000004
          0.000004
          0.000004
          0.000004
          0.000004
          0.000004
          0.000004
          0.000003
          0.000003
          0.000003
          0.000003
          0.000003
          0.000003
          0.000003
          0.000003
          0.000003
          0.000003
          0.000003
          0.000003
          0.000003
          0.000003
          0.000003
          0.000002
          0.000002
          0.000002
          0.000002
          0.000002
          0.000002
          0.000002
          0.000002
          0.000002
          0.000002
          0.000002
          0.000002
          0.000002
          0.000002
          0.000002
          0.000002
          0.000002
          0.000002
          0.000002
          0.000002
          0.000002
          0.000002
          0.000002
          0.000002
          0.000002
          0.000002
          0.000002
          0.000002
          0.000002
          0.000002
          0.000002
          0.000002
          0.000002
          0.000001
          0.000001
          0.000001
          0.000001
          0.000001
          0.000001
          0.000001
          0.000001
          0.000001
          0.000001
          0.000001
          0.000001
          0.000001
          0.000001
          0.000001
          0.000001
          0.000001
          0.000001
          0.000001
          0.000001
          0.000001
          0.000001
          0.000001
          0.000001
          0.000001
          0.000001
          0.000001
          0.000001
          0.000001
          0.000001
          0.000001
          0.000001
          0.000001
          0.000001
          0.000001
          0.000001
          0.000001
          0.000001
          0.000001
          0.000001
          0.000001
          0.000001
          0.000001
          0.000001
          0.000001
          0.000001
          0.000001
          0.000001
          0.000001
          0.000001
          0.000001
          0.000001
          0.000001
          0.000001
          0.000001
          0.000001
          0.000001
          0.000001
          0.000001
          0.000001
          0.000001
          0.000001
          0.000001
          0.000001
          0.000001
          0.000001
          0.000001
          0.000001
          0.000001
          0.000001
          0.000001
          0.000001
          0.000001
          0.000001
          0.000001
          0.000001
          0.000001
          0.000001
          0.000001
          0.000001
          0.000001
          0.000001
          0.000001
          0.000001
          0.000001
          0.000001
          0.000001
          0.000002
          0.000002
          0.000002
          0.000002
          0.000002
          0.000002
          0.000002
