          0.282630
          0.282655
          0.282697
          0.282737
          0.282774
          0.282808
          0.282839
          0.282866
          0.282890
          0.282912
          0.282931
          0.282948
          0.282963
          0.282976
          0.282988
          0.282998
          0.283006
          0.283014
          0.283021
          0.283026
          0.283031
          0.283035
          0.283039
          0.283042
          0.283044
          0.283046
          0.283048
          0.283049
          0.283050
          0.283051
          0.283051
          0.283052
          0.283052
          0.283052
          0.283052
          0.283051
          0.283051
          0.283051
          0.283050
          0.283050
          0.283049
          0.283049
          0.283048
          0.283047
          0.283047
          0.283046
          0.283046
          0.283045
          0.283044
          0.283043
          0.283043
          0.283042
          0.283041
          0.283040
          0.283039
          0.283039
          0.283038
          0.283037
          0.283036
          0.283036
          0.283035
          0.283034
          0.283034
          0.283033
          0.283032
          0.283032
          0.283031
          0.283031
          0.283030
          0.283030
          0.283029
          0.283029
          0.283028
          0.283028
          0.283027
          0.283027
          0.283026
          0.283026
          0.283026
          0.283025
          0.283025
          0.283024
          0.283024
          0.283024
          0.283023
          0.283023
          0.283023
          0.283023
          0.283022
          0.283022
          0.283022
          0.283022
          0.283021
          0.283021
          0.283021
          0.283021
          0.283021
          0.283020
          0.283020
          0.283020
          0.283020
          0.283020
          0.283020
          0.283019
          0.283019
          0.283019
          0.283019
          0.283019
          0.283019
          0.283019
          0.283019
          0.283018
          0.283018
          0.283018
          0.283018
          0.283018
          0.283018
          0.283018
          0.283018
          0.283018
          0.283018
          0.283018
          0.283018
          0.283017
          0.283017
          0.283017
          0.283017
          0.283017
          0.283017
          0.283017
          0.283017
          0.283017
          0.283017
          0.283017
          0.283017
          0.283017
          0.283017
          0.283017
          0.283017
          0.283017
          0.283017
          0.283016
          0.283016
          0.283016
          0.283016
          0.283016
          0.283016
          0.283016
          0.283016
          0.283016
          0.283016
          0.283016
          0.283016
          0.283016
          0.283016
          0.283016
          0.283016
          0.283016
          0.283016
          0.283016
          0.283016
          0.283016
          0.283016
          0.283016
          0.283016
          0.283016
          0.283016
          0.283016
          0.283016
          0.283016
          0.283016
          0.283016
          0.283015
          0.283015
          0.283015
          0.283015
          0.283015
          0.283015
          0.283015
          0.283015
          0.283015
          0.283015
          0.283015
          0.283015
          0.283015
          0.283015
          0.283015
          0.283015
          0.283015
          0.283015
          0.283015
          0.283015
          0.283015
          0.283015
          0.283015
          0.283015
          0.283015
          0.283015
          0.283015
          0.283015
          0.283015
          0.283015
          0.283015
          0.283015
          0.283015
          0.283015
          0.283015
          0.283015
          0.283015
          0.283015
          0.283015
          0.283015
          0.283015
          0.283015
          0.283015
          0.283015
          0.283015
          0.283015
          0.283015
          0.283015
          0.283015
          0.283015
          0.283015
          0.283015
          0.283015
          0.283015
          0.283015
          0.283015
          0.283015
          0.283015
          0.283015
          0.283015
          0.283015
          0.283015
          0.283015
          0.283015
          0.283015
          0.283015
          0.283015
          0.283015
          0.283015
          0.283015
          0.283015
          0.283015
          0.283015
          0.283015
          0.283015
          0.283015
          0.283015
          0.283015
          0.283015
          0.283015
