         12.043104
         12.042721
         12.042372
         12.042073
         12.041822
         12.041613
         12.041443
         12.041308
         12.041203
         12.041125
         12.041071
         12.041037
         12.041020
         12.041019
         12.041031
         12.041055
         12.041088
         12.041128
         12.041176
         12.041229
         12.041286
         12.041347
         12.041411
         12.041477
         12.041544
         12.041612
         12.041681
         12.041749
         12.041818
         12.041885
         12.041952
         12.042017
         12.042082
         12.042145
         12.042206
         12.042266
         12.042324
         12.042380
         12.042435
         12.042488
         12.042539
         12.042589
         12.042637
         12.042683
         12.042727
         12.042770
         12.042811
         12.042851
         12.042888
         12.042925
         12.042959
         12.042992
         12.043024
         12.043054
         12.043082
         12.043109
         12.043135
         12.043159
         12.043182
         12.043204
         12.043224
         12.043243
         12.043262
         12.043279
         12.043295
         12.043310
         12.043324
         12.043337
         12.043349
         12.043361
         12.043371
         12.043381
         12.043390
         12.043399
         12.043407
         12.043414
         12.043420
         12.043426
         12.043432
         12.043436
         12.043441
         12.043445
         12.043448
         12.043451
         12.043454
         12.043456
         12.043458
         12.043460
         12.043461
         12.043462
         12.043463
         12.043463
         12.043464
         12.043464
         12.043463
         12.043463
         12.043462
         12.043462
         12.043461
         12.043460
         12.043458
         12.043457
         12.043456
         12.043454
         12.043452
         12.043450
         12.043449
         12.043447
         12.043444
         12.043442
         12.043440
         12.043438
         12.043436
         12.043433
         12.043431
         12.043428
         12.043426
         12.043423
         12.043421
         12.043418
         12.043416
         12.043413
         12.043411
         12.043408
         12.043405
         12.043403
         12.043400
         12.043397
         12.043395
         12.043392
         12.043389
         12.043387
         12.043384
         12.043382
         12.043379
         12.043376
         12.043374
         12.043371
         12.043369
         12.043366
         12.043363
         12.043361
         12.043358
         12.043356
         12.043353
         12.043351
         12.043348
         12.043346
         12.043344
         12.043341
         12.043339
         12.043337
         12.043334
         12.043332
         12.043330
         12.043327
         12.043325
         12.043323
         12.043321
         12.043319
         12.043317
         12.043314
         12.043312
         12.043310
         12.043308
         12.043306
         12.043304
         12.043302
         12.043300
         12.043298
         12.043296
         12.043294
         12.043293
         12.043291
         12.043289
         12.043287
         12.043285
         12.043283
         12.043282
         12.043280
         12.043278
         12.043276
         12.043275
         12.043273
         12.043271
         12.043270
         12.043268
         12.043267
         12.043265
         12.043264
         12.043262
         12.043261
         12.043259
         12.043258
         12.043256
         12.043255
         12.043254
         12.043252
         12.043251
         12.043250
         12.043248
         12.043247
         12.043246
         12.043245
         12.043243
         12.043242
         12.043241
         12.043240
         12.043238
         12.043237
         12.043236
         12.043235
         12.043234
         12.043233
         12.043231
         12.043230
         12.043229
         12.043228
         12.043227
         12.043226
         12.043225
         12.043224
         12.043223
         12.043223
         12.043222
         12.043221
         12.043220
         12.043219
         12.043219
         12.043218
         12.043217
         12.043217
         12.043216
         12.043215
         12.043215
         12.043214
         12.043214
         12.043213
         12.043212
         12.043212
         12.043211
         12.043211
         12.043210
         12.043210
         12.043209
         12.043209
         12.043208
         12.043208
         12.043208
         12.043207
         12.043207
         12.043207
         12.043207
