          0.683568
          0.683621
          0.683493
          0.683362
          0.683223
          0.683073
          0.682917
          0.682761
          0.682607
          0.682464
          0.682332
          0.682211
          0.682102
          0.682004
          0.681919
          0.681848
          0.681786
          0.681729
          0.681679
          0.681635
          0.681595
          0.681559
          0.681528
          0.681500
          0.681475
          0.681453
          0.681433
          0.681416
          0.681400
          0.681387
          0.681375
          0.681365
          0.681355
          0.681348
          0.681341
          0.681336
          0.681333
          0.681330
          0.681328
          0.681327
          0.681325
          0.681324
          0.681323
          0.681323
          0.681323
          0.681323
          0.681323
          0.681323
          0.681323
          0.681324
          0.681315
          0.681317
          0.681318
          0.681319
          0.681320
          0.681321
          0.681321
          0.681322
          0.681323
          0.681324
          0.681324
          0.681325
          0.681325
          0.681326
          0.681326
          0.681327
          0.681328
          0.681328
          0.681329
          0.681329
          0.681329
          0.681330
          0.681330
          0.681331
          0.681331
          0.681332
          0.681332
          0.681332
          0.681333
          0.681333
          0.681333
          0.681333
          0.681334
          0.681334
          0.681334
          0.681334
          0.681335
          0.681335
          0.681335
          0.681335
          0.681335
          0.681336
          0.681336
          0.681336
          0.681336
          0.681336
          0.681336
          0.681336
          0.681337
          0.681337
          0.681337
          0.681337
          0.681337
          0.681337
          0.681337
          0.681337
          0.681337
          0.681337
          0.681337
          0.681337
          0.681337
          0.681337
          0.681337
          0.681338
          0.681338
          0.681338
          0.681338
          0.681338
          0.681338
          0.681338
          0.681338
          0.681338
          0.681338
          0.681338
          0.681338
          0.681338
          0.681338
          0.681338
          0.681338
          0.681338
          0.681338
          0.681338
          0.681338
          0.681338
          0.681338
          0.681338
          0.681338
          0.681338
          0.681338
          0.681338
          0.681338
          0.681338
          0.681338
          0.681338
          0.681338
          0.681338
          0.681338
          0.681338
          0.681338
          0.681338
          0.681338
          0.681338
          0.681338
          0.681338
          0.681338
          0.681338
          0.681337
          0.681337
          0.681337
          0.681337
          0.681337
          0.681337
          0.681337
          0.681337
          0.681337
          0.681337
          0.681337
          0.681337
          0.681337
          0.681337
          0.681337
          0.681337
          0.681337
          0.681337
          0.681337
          0.681337
          0.681337
          0.681337
          0.681337
          0.681337
          0.681337
          0.681337
          0.681337
          0.681337
          0.681337
          0.681337
          0.681337
          0.681337
          0.681337
          0.681337
          0.681337
          0.681337
          0.681337
          0.681337
          0.681337
          0.681337
          0.681337
          0.681337
          0.681337
          0.681337
          0.681337
          0.681337
          0.681337
          0.681337
          0.681337
          0.681337
          0.681337
          0.681337
          0.681337
          0.681337
          0.681337
          0.681337
          0.681337
          0.681337
          0.681337
          0.681337
          0.681337
          0.681337
          0.681337
          0.681337
          0.681337
          0.681337
          0.681337
          0.681337
          0.681337
          0.681337
          0.681337
          0.681337
          0.681337
          0.681337
          0.681337
          0.681337
          0.681337
          0.681337
          0.681337
          0.681337
          0.681337
          0.681336
          0.681336
          0.681336
          0.681336
          0.681336
          0.681336
          0.681336
          0.681336
          0.681336
          0.681336
          0.681336
          0.681336
          0.681336
          0.681336
          0.681336
