          0.999514
          0.999557
          0.999621
          0.999681
          0.999735
          0.999784
          0.999828
          0.999867
          0.999901
          0.999931
          0.999957
          0.999979
          0.999999
          1.000015
          1.000030
          1.000042
          1.000052
          1.000060
          1.000067
          1.000073
          1.000077
          1.000081
          1.000084
          1.000085
          1.000086
          1.000087
          1.000087
          1.000087
          1.000086
          1.000085
          1.000083
          1.000082
          1.000080
          1.000078
          1.000076
          1.000074
          1.000072
          1.000069
          1.000067
          1.000065
          1.000063
          1.000061
          1.000059
          1.000056
          1.000054
          1.000052
          1.000050
          1.000048
          1.000046
          1.000044
          1.000042
          1.000040
          1.000038
          1.000036
          1.000034
          1.000032
          1.000031
          1.000029
          1.000028
          1.000026
          1.000024
          1.000023
          1.000022
          1.000020
          1.000019
          1.000018
          1.000017
          1.000016
          1.000015
          1.000013
          1.000013
          1.000012
          1.000011
          1.000010
          1.000009
          1.000008
          1.000008
          1.000007
          1.000006
          1.000006
          1.000005
          1.000004
          1.000004
          1.000003
          1.000003
          1.000002
          1.000002
          1.000002
          1.000001
          1.000001
          1.000001
          1.000000
          1.000000
          1.000000
          0.999999
          0.999999
          0.999999
          0.999999
          0.999999
          0.999998
          0.999998
          0.999998
          0.999998
          0.999998
          0.999998
          0.999998
          0.999997
          0.999997
          0.999997
          0.999997
          0.999997
          0.999997
          0.999997
          0.999997
          0.999997
          0.999997
          0.999997
          0.999997
          0.999997
          0.999997
          0.999997
          0.999997
          0.999997
          0.999997
          0.999997
          0.999997
          0.999997
          0.999997
          0.999997
          0.999997
          0.999997
          0.999997
          0.999997
          0.999997
          0.999997
          0.999997
          0.999997
          0.999997
          0.999997
          0.999997
          0.999997
          0.999997
          0.999997
          0.999997
          0.999997
          0.999997
          0.999997
          0.999997
          0.999997
          0.999997
          0.999997
          0.999997
          0.999997
          0.999997
          0.999997
          0.999997
          0.999997
          0.999997
          0.999997
          0.999997
          0.999997
          0.999997
          0.999997
          0.999997
          0.999997
          0.999997
          0.999997
          0.999997
          0.999998
          0.999998
          0.999998
          0.999998
          0.999998
          0.999998
          0.999998
          0.999998
          0.999998
          0.999998
          0.999998
          0.999998
          0.999998
          0.999998
          0.999998
          0.999998
          0.999998
          0.999998
          0.999998
          0.999998
          0.999998
          0.999998
          0.999998
          0.999998
          0.999998
          0.999998
          0.999998
          0.999998
          0.999998
          0.999998
          0.999998
          0.999998
          0.999998
          0.999998
          0.999998
          0.999998
          0.999998
          0.999998
          0.999998
          0.999998
          0.999998
          0.999998
          0.999999
          0.999999
          0.999999
          0.999999
          0.999999
          0.999999
          0.999999
          0.999999
          0.999999
          0.999999
          0.999999
          0.999999
          0.999999
          0.999999
          0.999999
          0.999999
          0.999999
          0.999999
          0.999999
          0.999999
          0.999999
          0.999999
          0.999999
          0.999999
          0.999999
          0.999999
          0.999999
          0.999999
          0.999999
          0.999999
          0.999999
          0.999999
          0.999999
          0.999999
          0.999999
          0.999999
          1.000000
          1.000000
          1.000000
          1.000000
          1.000000
          1.000000
