          0.251991
          0.253174
          0.253169
          0.253047
          0.252928
          0.252819
          0.252720
          0.252630
          0.252550
          0.252478
          0.252413
          0.252356
          0.252304
          0.252257
          0.252216
          0.252178
          0.252144
          0.252114
          0.252087
          0.252062
          0.252040
          0.252021
          0.252003
          0.251987
          0.251972
          0.251960
          0.251948
          0.251937
          0.251928
          0.251920
          0.251912
          0.251905
          0.251899
          0.251894
          0.251889
          0.251885
          0.251881
          0.251878
          0.251874
          0.251872
          0.251869
          0.251867
          0.251865
          0.251863
          0.251861
          0.251860
          0.251859
          0.251857
          0.251856
          0.251855
          0.251855
          0.251853
          0.251853
          0.251852
          0.251852
          0.251852
          0.251851
          0.251851
          0.251850
          0.251850
          0.251850
          0.251850
          0.251850
          0.251849
          0.251849
          0.251849
          0.251849
          0.251849
          0.251849
          0.251849
          0.251849
          0.251849
          0.251849
          0.251849
          0.251849
          0.251849
          0.251849
          0.251849
          0.251849
          0.251849
          0.251849
          0.251849
          0.251849
          0.251849
          0.251849
          0.251849
          0.251849
          0.251849
          0.251849
          0.251849
          0.251849
          0.251849
          0.251849
          0.251849
          0.251849
          0.251849
          0.251849
          0.251849
          0.251849
          0.251849
          0.251849
          0.251849
          0.251849
          0.251849
          0.251849
          0.251849
          0.251849
          0.251849
          0.251849
          0.251849
          0.251849
          0.251849
          0.251849
          0.251849
          0.251849
          0.251849
          0.251849
          0.251849
          0.251849
          0.251849
          0.251849
          0.251849
          0.251849
          0.251850
          0.251850
          0.251850
          0.251850
          0.251850
          0.251850
          0.251850
          0.251850
          0.251850
          0.251850
          0.251850
          0.251850
          0.251850
          0.251850
          0.251850
          0.251850
          0.251850
          0.251850
          0.251850
          0.251850
          0.251850
          0.251850
          0.251850
          0.251850
          0.251850
          0.251850
          0.251850
          0.251850
          0.251850
          0.251850
          0.251850
          0.251850
          0.251850
          0.251850
          0.251850
          0.251850
          0.251850
          0.251850
          0.251850
          0.251850
          0.251850
          0.251850
          0.251850
          0.251850
          0.251850
          0.251850
          0.251850
          0.251850
          0.251850
          0.251850
          0.251850
          0.251850
          0.251850
          0.251850
          0.251850
          0.251850
          0.251850
          0.251850
          0.251850
          0.251850
          0.251850
          0.251850
          0.251850
          0.251850
          0.251850
          0.251850
          0.251850
          0.251850
          0.251850
          0.251850
          0.251850
          0.251850
          0.251850
          0.251850
          0.251850
          0.251850
          0.251850
          0.251850
          0.251850
          0.251850
          0.251850
          0.251850
          0.251850
          0.251850
          0.251850
          0.251850
          0.251850
          0.251850
          0.251850
          0.251850
          0.251850
          0.251850
          0.251850
          0.251850
          0.251850
          0.251850
          0.251850
          0.251850
          0.251850
          0.251850
          0.251850
          0.251850
          0.251850
          0.251850
          0.251850
          0.251850
          0.251850
          0.251850
          0.251850
          0.251850
          0.251850
          0.251850
          0.251850
          0.251850
          0.251850
          0.251850
          0.251850
          0.251850
          0.251850
          0.251850
          0.251850
          0.251850
          0.251850
          0.251850
          0.251850
          0.251850
          0.251850
          0.251850
          0.251850
