          0.039607
          0.040799
          0.040891
          0.040861
          0.040824
          0.040787
          0.040750
          0.040715
          0.040682
          0.040652
          0.040625
          0.040600
          0.040578
          0.040559
          0.040541
          0.040526
          0.040512
          0.040500
          0.040489
          0.040479
          0.040470
          0.040462
          0.040455
          0.040449
          0.040444
          0.040439
          0.040435
          0.040431
          0.040428
          0.040425
          0.040423
          0.040421
          0.040419
          0.040418
          0.040416
          0.040415
          0.040414
          0.040414
          0.040413
          0.040413
          0.040413
          0.040412
          0.040412
          0.040412
          0.040412
          0.040412
          0.040412
          0.040412
          0.040412
          0.040412
          0.040412
          0.040411
          0.040411
          0.040412
          0.040412
          0.040412
          0.040412
          0.040413
          0.040413
          0.040413
          0.040413
          0.040413
          0.040414
          0.040414
          0.040414
          0.040414
          0.040415
          0.040415
          0.040415
          0.040415
          0.040415
          0.040416
          0.040416
          0.040416
          0.040416
          0.040417
          0.040417
          0.040417
          0.040417
          0.040417
          0.040418
          0.040418
          0.040418
          0.040418
          0.040418
          0.040418
          0.040419
          0.040419
          0.040419
          0.040419
          0.040419
          0.040419
          0.040419
          0.040419
          0.040420
          0.040420
          0.040420
          0.040420
          0.040420
          0.040420
          0.040420
          0.040420
          0.040420
          0.040420
          0.040420
          0.040420
          0.040421
          0.040421
          0.040421
          0.040421
          0.040421
          0.040421
          0.040421
          0.040421
          0.040421
          0.040421
          0.040421
          0.040421
          0.040421
          0.040421
          0.040421
          0.040421
          0.040421
          0.040421
          0.040421
          0.040421
          0.040421
          0.040421
          0.040421
          0.040421
          0.040421
          0.040421
          0.040422
          0.040422
          0.040422
          0.040422
          0.040422
          0.040422
          0.040422
          0.040422
          0.040422
          0.040422
          0.040422
          0.040422
          0.040422
          0.040422
          0.040422
          0.040422
          0.040422
          0.040422
          0.040422
          0.040422
          0.040422
          0.040422
          0.040422
          0.040422
          0.040422
          0.040422
          0.040422
          0.040422
          0.040422
          0.040422
          0.040422
          0.040422
          0.040422
          0.040422
          0.040422
          0.040422
          0.040422
          0.040422
          0.040422
          0.040422
          0.040422
          0.040422
          0.040422
          0.040422
          0.040422
          0.040422
          0.040422
          0.040422
          0.040422
          0.040422
          0.040422
          0.040422
          0.040422
          0.040422
          0.040422
          0.040422
          0.040422
          0.040422
          0.040422
          0.040422
          0.040422
          0.040422
          0.040422
          0.040422
          0.040422
          0.040422
          0.040422
          0.040422
          0.040422
          0.040422
          0.040422
          0.040422
          0.040422
          0.040422
          0.040422
          0.040422
          0.040422
          0.040422
          0.040422
          0.040422
          0.040422
          0.040422
          0.040422
          0.040422
          0.040422
          0.040422
          0.040422
          0.040422
          0.040422
          0.040422
          0.040422
          0.040422
          0.040422
          0.040422
          0.040422
          0.040422
          0.040422
          0.040422
          0.040422
          0.040422
          0.040422
          0.040422
          0.040422
          0.040422
          0.040422
          0.040422
          0.040422
          0.040422
          0.040422
          0.040422
          0.040422
          0.040422
          0.040422
          0.040422
          0.040422
          0.040422
          0.040422
          0.040422
          0.040422
          0.040422
