          0.212384
          0.212375
          0.212278
          0.212185
          0.212104
          0.212032
          0.211970
          0.211915
          0.211868
          0.211826
          0.211788
          0.211755
          0.211725
          0.211699
          0.211674
          0.211652
          0.211633
          0.211615
          0.211598
          0.211584
          0.211570
          0.211558
          0.211547
          0.211537
          0.211528
          0.211520
          0.211513
          0.211506
          0.211500
          0.211494
          0.211489
          0.211485
          0.211480
          0.211476
          0.211473
          0.211470
          0.211466
          0.211464
          0.211461
          0.211459
          0.211457
          0.211454
          0.211453
          0.211451
          0.211449
          0.211448
          0.211447
          0.211446
          0.211444
          0.211443
          0.211443
          0.211442
          0.211442
          0.211441
          0.211440
          0.211439
          0.211439
          0.211438
          0.211438
          0.211437
          0.211437
          0.211436
          0.211436
          0.211436
          0.211435
          0.211435
          0.211435
          0.211434
          0.211434
          0.211434
          0.211433
          0.211433
          0.211433
          0.211433
          0.211432
          0.211432
          0.211432
          0.211432
          0.211432
          0.211431
          0.211431
          0.211431
          0.211431
          0.211431
          0.211431
          0.211430
          0.211430
          0.211430
          0.211430
          0.211430
          0.211430
          0.211430
          0.211430
          0.211430
          0.211430
          0.211429
          0.211429
          0.211429
          0.211429
          0.211429
          0.211429
          0.211429
          0.211429
          0.211429
          0.211429
          0.211429
          0.211429
          0.211429
          0.211429
          0.211429
          0.211429
          0.211429
          0.211429
          0.211428
          0.211428
          0.211428
          0.211428
          0.211428
          0.211428
          0.211428
          0.211428
          0.211428
          0.211428
          0.211428
          0.211428
          0.211428
          0.211428
          0.211428
          0.211428
          0.211428
          0.211428
          0.211428
          0.211428
          0.211428
          0.211428
          0.211428
          0.211428
          0.211428
          0.211428
          0.211428
          0.211428
          0.211428
          0.211428
          0.211428
          0.211428
          0.211428
          0.211428
          0.211428
          0.211428
          0.211428
          0.211428
          0.211428
          0.211428
          0.211428
          0.211428
          0.211428
          0.211428
          0.211428
          0.211428
          0.211428
          0.211428
          0.211428
          0.211428
          0.211428
          0.211428
          0.211428
          0.211428
          0.211428
          0.211428
          0.211428
          0.211428
          0.211428
          0.211428
          0.211428
          0.211428
          0.211428
          0.211428
          0.211428
          0.211428
          0.211428
          0.211428
          0.211428
          0.211428
          0.211428
          0.211428
          0.211428
          0.211428
          0.211428
          0.211428
          0.211428
          0.211428
          0.211428
          0.211428
          0.211428
          0.211428
          0.211428
          0.211428
          0.211428
          0.211428
          0.211428
          0.211428
          0.211428
          0.211428
          0.211428
          0.211428
          0.211428
          0.211428
          0.211428
          0.211428
          0.211428
          0.211428
          0.211428
          0.211428
          0.211428
          0.211428
          0.211428
          0.211428
          0.211428
          0.211428
          0.211428
          0.211428
          0.211428
          0.211428
          0.211428
          0.211428
          0.211428
          0.211428
          0.211428
          0.211428
          0.211428
          0.211428
          0.211428
          0.211428
          0.211428
          0.211428
          0.211428
          0.211428
          0.211428
          0.211428
          0.211428
          0.211428
          0.211428
          0.211428
          0.211428
          0.211428
          0.211428
          0.211428
          0.211428
          0.211428
          0.211428
          0.211428
          0.211428
