          1.761192
          1.762113
          1.762145
          1.762110
          1.762060
          1.761998
          1.761932
          1.761866
          1.761799
          1.761740
          1.761687
          1.761639
          1.761597
          1.761560
          1.761528
          1.761501
          1.761478
          1.761458
          1.761440
          1.761425
          1.761413
          1.761402
          1.761393
          1.761386
          1.761380
          1.761375
          1.761371
          1.761368
          1.761365
          1.761364
          1.761363
          1.761362
          1.761362
          1.761363
          1.761363
          1.761365
          1.761367
          1.761369
          1.761371
          1.761374
          1.761376
          1.761379
          1.761382
          1.761385
          1.761388
          1.761391
          1.761394
          1.761397
          1.761400
          1.761405
          1.761393
          1.761399
          1.761402
          1.761405
          1.761407
          1.761409
          1.761411
          1.761413
          1.761415
          1.761416
          1.761418
          1.761419
          1.761421
          1.761422
          1.761423
          1.761425
          1.761426
          1.761427
          1.761428
          1.761429
          1.761430
          1.761431
          1.761432
          1.761433
          1.761433
          1.761434
          1.761435
          1.761436
          1.761436
          1.761437
          1.761437
          1.761438
          1.761439
          1.761439
          1.761439
          1.761440
          1.761440
          1.761441
          1.761441
          1.761441
          1.761441
          1.761442
          1.761442
          1.761442
          1.761442
          1.761442
          1.761443
          1.761443
          1.761443
          1.761443
          1.761443
          1.761443
          1.761443
          1.761443
          1.761443
          1.761443
          1.761443
          1.761443
          1.761443
          1.761443
          1.761443
          1.761443
          1.761443
          1.761443
          1.761443
          1.761443
          1.761443
          1.761443
          1.761443
          1.761443
          1.761443
          1.761443
          1.761443
          1.761443
          1.761443
          1.761443
          1.761443
          1.761442
          1.761442
          1.761442
          1.761442
          1.761442
          1.761442
          1.761442
          1.761442
          1.761442
          1.761442
          1.761441
          1.761441
          1.761441
          1.761441
          1.761441
          1.761441
          1.761441
          1.761441
          1.761441
          1.761441
          1.761440
          1.761440
          1.761440
          1.761440
          1.761440
          1.761440
          1.761440
          1.761440
          1.761440
          1.761440
          1.761440
          1.761439
          1.761439
          1.761439
          1.761439
          1.761439
          1.761439
          1.761439
          1.761439
          1.761439
          1.761439
          1.761438
          1.761438
          1.761438
          1.761438
          1.761438
          1.761438
          1.761438
          1.761438
          1.761438
          1.761438
          1.761438
          1.761437
          1.761437
          1.761437
          1.761437
          1.761437
          1.761437
          1.761437
          1.761437
          1.761437
          1.761437
          1.761437
          1.761437
          1.761437
          1.761437
          1.761437
          1.761437
          1.761437
          1.761437
          1.761436
          1.761436
          1.761436
          1.761436
          1.761436
          1.761436
          1.761436
          1.761436
          1.761436
          1.761436
          1.761436
          1.761436
          1.761435
          1.761435
          1.761435
          1.761435
          1.761435
          1.761435
          1.761435
          1.761435
          1.761435
          1.761435
          1.761435
          1.761435
          1.761435
          1.761435
          1.761435
          1.761435
          1.761435
          1.761435
          1.761435
          1.761435
          1.761435
          1.761435
          1.761435
          1.761435
          1.761435
          1.761435
          1.761435
          1.761435
          1.761435
          1.761434
          1.761434
          1.761434
          1.761434
          1.761434
          1.761434
          1.761434
          1.761433
          1.761433
          1.761433
          1.761433
          1.761433
          1.761433
          1.761433
