          1.509593
          1.510383
          1.510410
          1.510380
          1.510337
          1.510284
          1.510227
          1.510171
          1.510114
          1.510063
          1.510018
          1.509977
          1.509941
          1.509909
          1.509881
          1.509858
          1.509838
          1.509821
          1.509806
          1.509793
          1.509782
          1.509773
          1.509766
          1.509759
          1.509754
          1.509750
          1.509746
          1.509744
          1.509742
          1.509741
          1.509740
          1.509739
          1.509739
          1.509739
          1.509740
          1.509741
          1.509743
          1.509745
          1.509747
          1.509749
          1.509751
          1.509754
          1.509756
          1.509759
          1.509761
          1.509764
          1.509766
          1.509769
          1.509772
          1.509776
          1.509765
          1.509770
          1.509774
          1.509776
          1.509778
          1.509779
          1.509781
          1.509783
          1.509784
          1.509785
          1.509787
          1.509788
          1.509789
          1.509790
          1.509791
          1.509793
          1.509794
          1.509795
          1.509795
          1.509796
          1.509797
          1.509798
          1.509799
          1.509800
          1.509800
          1.509801
          1.509801
          1.509802
          1.509803
          1.509803
          1.509804
          1.509804
          1.509804
          1.509805
          1.509805
          1.509806
          1.509806
          1.509806
          1.509807
          1.509807
          1.509807
          1.509807
          1.509807
          1.509808
          1.509808
          1.509808
          1.509808
          1.509808
          1.509808
          1.509808
          1.509808
          1.509808
          1.509809
          1.509809
          1.509809
          1.509809
          1.509809
          1.509809
          1.509809
          1.509809
          1.509809
          1.509809
          1.509809
          1.509809
          1.509809
          1.509809
          1.509809
          1.509808
          1.509808
          1.509808
          1.509808
          1.509808
          1.509808
          1.509808
          1.509808
          1.509808
          1.509808
          1.509808
          1.509808
          1.509808
          1.509808
          1.509808
          1.509807
          1.509807
          1.509807
          1.509807
          1.509807
          1.509807
          1.509807
          1.509807
          1.509807
          1.509807
          1.509807
          1.509806
          1.509806
          1.509806
          1.509806
          1.509806
          1.509806
          1.509806
          1.509806
          1.509806
          1.509806
          1.509806
          1.509806
          1.509806
          1.509805
          1.509805
          1.509805
          1.509805
          1.509805
          1.509805
          1.509805
          1.509805
          1.509805
          1.509805
          1.509805
          1.509805
          1.509804
          1.509804
          1.509804
          1.509804
          1.509804
          1.509804
          1.509804
          1.509804
          1.509804
          1.509804
          1.509804
          1.509804
          1.509804
          1.509803
          1.509803
          1.509803
          1.509803
          1.509803
          1.509803
          1.509803
          1.509803
          1.509803
          1.509803
          1.509803
          1.509803
          1.509803
          1.509803
          1.509803
          1.509803
          1.509803
          1.509803
          1.509803
          1.509803
          1.509802
          1.509802
          1.509802
          1.509802
          1.509802
          1.509802
          1.509802
          1.509802
          1.509802
          1.509802
          1.509802
          1.509802
          1.509802
          1.509802
          1.509802
          1.509802
          1.509802
          1.509802
          1.509802
          1.509802
          1.509802
          1.509802
          1.509802
          1.509802
          1.509802
          1.509802
          1.509802
          1.509802
          1.509802
          1.509802
          1.509802
          1.509801
          1.509801
          1.509801
          1.509801
          1.509801
          1.509801
          1.509801
          1.509801
          1.509801
          1.509801
          1.509800
          1.509800
          1.509800
          1.509800
          1.509800
          1.509800
          1.509800
          1.509800
          1.509800
          1.509799
