  8.651931091715684E-003  8.673998740480525E-003  8.673204267439505E-003
  8.671146797901329E-003  8.668947514226871E-003  8.666584969522634E-003
  8.664212969591070E-003  8.661920232858698E-003  8.659654221692953E-003
  8.657613116005323E-003  8.655741397952447E-003  8.654028215970833E-003
  8.652467543684513E-003  8.651049082001318E-003  8.649768221367878E-003
  8.648622891963713E-003  8.647581078199780E-003  8.646631036637164E-003
  8.645764907228050E-003  8.644975617798346E-003  8.644256321736035E-003
  8.643600795898531E-003  8.643004356565303E-003  8.642459129166266E-003
  8.641958914020564E-003  8.641501258305657E-003  8.641082368160413E-003
  8.640699449792991E-003  8.640348694498732E-003  8.640026787855222E-003
  8.639732079729720E-003  8.639461749428678E-003  8.639214365694063E-003
  8.638988453100998E-003  8.638782508716790E-003  8.638603309272429E-003
  8.638444080649104E-003  8.638299128815795E-003  8.638167648423954E-003
  8.638049159734974E-003  8.637942694247336E-003  8.637847355517921E-003
  8.637762189266160E-003  8.637686001848922E-003  8.637618015402092E-003
  8.637557415606697E-003  8.637504586382409E-003  8.637460945814012E-003
  8.637428391939974E-003  8.637421648781174E-003  8.637153457080196E-003
  8.637160554292667E-003  8.637134099784092E-003  8.637098675267735E-003
  8.637061194757847E-003  8.637025133033769E-003  8.636991520065340E-003
  8.636960690376259E-003  8.636932255253499E-003  8.636906896055927E-003
  8.636884077088845E-003  8.636863861789110E-003  8.636846224950062E-003
  8.636830729793689E-003  8.636817329786040E-003  8.636805841715813E-003
  8.636796073163444E-003  8.636787995829216E-003  8.636781315908485E-003
  8.636775848135840E-003  8.636771803535765E-003  8.636768792176274E-003
  8.636766657121441E-003  8.636765481443834E-003  8.636765199868033E-003
  8.636765759846546E-003  8.636766775028597E-003  8.636768538590658E-003
  8.636770782919594E-003  8.636773566348753E-003  8.636776740950716E-003
  8.636780276059590E-003  8.636784238529115E-003  8.636788581695235E-003
  8.636792905602096E-003  8.636797633649676E-003  8.636802694992977E-003
  8.636807761218111E-003  8.636813027695100E-003  8.636818440461928E-003
  8.636823959479326E-003  8.636829602315477E-003  8.636835124863162E-003
  8.636840963605431E-003  8.636846715977585E-003  8.636852579104133E-003
  8.636858485941246E-003  8.636864389093342E-003  8.636870254161917E-003
  8.636876132536976E-003  8.636881899159865E-003  8.636887882836954E-003
  8.636893718200709E-003  8.636899670626899E-003  8.636905565197712E-003
  8.636911387541630E-003  8.636917087856414E-003  8.636922988611484E-003
  8.636928729049434E-003  8.636934530898935E-003  8.636940195940464E-003
  8.636945834159767E-003  8.636951559498786E-003  8.636957156531233E-003
  8.636962592831933E-003  8.636968265271985E-003  8.636973674131321E-003
  8.636978944460997E-003  8.636984304262314E-003  8.636989672727621E-003
  8.636994793634358E-003  8.636999883815204E-003  8.637004891266399E-003
  8.637009907760012E-003  8.637014880609712E-003  8.637019582848578E-003
  8.637024523148832E-003  8.637029185114352E-003  8.637033768128030E-003
  8.637038283499808E-003  8.637042738429466E-003  8.637047159169778E-003
  8.637051511929171E-003  8.637055883079635E-003  8.637060088255143E-003
  8.637064248837678E-003  8.637068492036328E-003  8.637072551546830E-003
  8.637076708820853E-003  8.637080795203622E-003  8.637084673527582E-003
  8.637088730002339E-003  8.637092787452602E-003  8.637096726611190E-003
  8.637100717982737E-003  8.637104691367598E-003  8.637108632375589E-003
  8.637112526221029E-003  8.637116292249751E-003  8.637120245841328E-003
  8.637124038694429E-003  8.637127664158806E-003  8.637131475096886E-003
  8.637135093945361E-003  8.637138591398476E-003  8.637142227548033E-003
  8.637145599387193E-003  8.637148986347161E-003  8.637152166285666E-003
  8.637155381329384E-003  8.637158577307041E-003  8.637161542119933E-003
  8.637164488334431E-003  8.637167354778643E-003  8.637170095169006E-003
  8.637172703941081E-003  8.637175320445651E-003  8.637177865790692E-003
  8.637180517015458E-003  8.637182975610769E-003  8.637185315032749E-003
  8.637187724835859E-003  8.637190153440864E-003  8.637192542475868E-003
  8.637195028559782E-003  8.637197657171650E-003  8.637200210169459E-003
  8.637202705704186E-003  8.637205197616996E-003  8.637207970688253E-003
  8.637210603541582E-003  8.637213283083936E-003  8.637216070755601E-003
  8.637218865581551E-003  8.637221717910761E-003  8.637224445351647E-003
  8.637227132559520E-003  8.637230059725588E-003  8.637232632178731E-003
  8.637235103666280E-003  8.637237773233284E-003  8.637240115284191E-003
  8.637242347166219E-003  8.637244433174242E-003  8.637246511924570E-003
  8.637248318314221E-003  8.637249868402678E-003  8.637251469786379E-003
  8.637252905734213E-003  8.637254003328600E-003  8.637255114517526E-003
  8.637256117223555E-003  8.637256917676936E-003  8.637257775808390E-003
  8.637258556196485E-003  8.637259283615103E-003  8.637260117501029E-003
  8.637260983512444E-003  8.637261905151494E-003  8.637262982134417E-003
  8.637264105930442E-003  8.637265397768530E-003  8.637266874987304E-003
  8.637268600408492E-003  8.637270427764018E-003  8.637272327650335E-003
  8.637274515500825E-003  8.637276829974474E-003  8.637279215657320E-003
  8.637281729736733E-003  8.637284228038330E-003  8.637286748209754E-003
  8.637289326301145E-003  8.637291642640911E-003  8.637293953638915E-003
  8.637295963718712E-003  8.637297752041783E-003  8.637299289211557E-003
  8.637300512217273E-003  8.637301326412477E-003  8.637301814014791E-003
  8.637301907524784E-003  8.637301613787559E-003  8.637300830733986E-003
  8.637299747398580E-003  8.637298350796005E-003  8.637296541090172E-003
  8.637294307360958E-003  8.637292005476322E-003  8.637289540386695E-003
  8.637286794347594E-003  8.637284023004248E-003  8.637281299418200E-003
  8.637278343203679E-003  8.637275638458052E-003  8.637272784568531E-003
  8.637269993831581E-003  8.637267066382492E-003  8.637263749477857E-003
  8.637259981114028E-003  8.637255520641672E-003  8.637249453313111E-003
   1.00017282081764        1.00017603145578        1.00016146445008     
   1.00014617965046        1.00013136032444        1.00011727120903     
   1.00010415043817        1.00009209694594        1.00008112709679     
   1.00007128272200        1.00006244956241        1.00005454623325     
   1.00004749328423        1.00004121098617        1.00003562349389     
   1.00003065369886        1.00002622134437        1.00002227185337     
   1.00001875745738        1.00001563457757        1.00001286344314     
   1.00001040806850        1.00000823592580        1.00000631694352     
   1.00000462588000        1.00000314122084        1.00000184250507     
   1.00000071133028       0.999999730695759       0.999998885749216     
  0.999998163452589       0.999997551408604       0.999997038719763     
  0.999996615007203       0.999996270447956       0.999995995815292     
  0.999995774644324       0.999995596196241       0.999995454559858     
  0.999995344002185       0.999995258803960       0.999995193661373     
  0.999995143669661       0.999995104421544       0.999995072201007     
  0.999995043734799       0.999995016217083       0.999994986441457     
  0.999994950086295       0.999994901372800       0.999994821803190     
  0.999994974959508       0.999995076371142       0.999995162228541     
  0.999995244407505       0.999995327727771       0.999995413668081     
  0.999995502601607       0.999995594432283       0.999995689143636     
  0.999995786119187       0.999995884977383       0.999995985192185     
  0.999996086173300       0.999996187528578       0.999996288830581     
  0.999996389704548       0.999996489834552       0.999996588870655     
  0.999996686598596       0.999996782876034       0.999996877376445     
  0.999996969989328       0.999997060662821       0.999997149252601     
  0.999997235617825       0.999997319632733       0.999997401391774     
  0.999997480763170       0.999997557766286       0.999997632361240     
  0.999997704583461       0.999997774464137       0.999997841970311     
  0.999997907087403       0.999997970045350       0.999998030773895     
  0.999998089242923       0.999998145622514       0.999998199938046     
  0.999998252239755       0.999998302591937       0.999998351037927     
  0.999998397771321       0.999998442692735       0.999998485953985     
  0.999998527572555       0.999998567600806       0.999998606114739     
  0.999998643206001       0.999998678931151       0.999998713412335     
  0.999998746556718       0.999998778507111       0.999998809218461     
  0.999998838765680       0.999998867226081       0.999998894699299     
  0.999998921068593       0.999998946457513       0.999998970841943     
  0.999998994316780       0.999999016905080       0.999999038549147     
  0.999999059338087       0.999999079377702       0.999999098503810     
  0.999999116890547       0.999999134623238       0.999999151631884     
  0.999999167901886       0.999999183589635       0.999999198704051     
  0.999999213284524       0.999999227316949       0.999999240823906     
  0.999999253968561       0.999999266580552       0.999999278835261     
  0.999999290773443       0.999999302425842       0.999999313814323     
  0.999999324948797       0.999999335855565       0.999999346508387     
  0.999999357002062       0.999999367341260       0.999999377449598     
  0.999999387434649       0.999999397203294       0.999999406785093     
  0.999999416288953       0.999999425566825       0.999999434587861     
  0.999999443404328       0.999999451948124       0.999999460204161     
  0.999999468160242       0.999999475816902       0.999999483223389     
  0.999999490222950       0.999999496894851       0.999999503315632     
  0.999999509332484       0.999999515047609       0.999999520510830     
  0.999999525605253       0.999999530490539       0.999999535136912     
  0.999999539660686       0.999999544013384       0.999999548193474     
  0.999999552345717       0.999999556466125       0.999999560601737     
  0.999999564820192       0.999999569204455       0.999999573731561     
  0.999999578438091       0.999999583247455       0.999999588277475     
  0.999999593591500       0.999999599121849       0.999999604834377     
  0.999999610737799       0.999999616741509       0.999999622726974     
  0.999999628717090       0.999999634714935       0.999999640682879     
  0.999999646398381       0.999999651915386       0.999999657164766     
  0.999999662030187       0.999999666466957       0.999999670395299     
  0.999999673856822       0.999999676840358       0.999999679149339     
  0.999999680997762       0.999999682415405       0.999999683251026     
  0.999999683698283       0.999999683823262       0.999999683710164     
  0.999999683360517       0.999999682959400       0.999999682678265     
  0.999999682490337       0.999999682520662       0.999999683009664     
  0.999999683957629       0.999999685455600       0.999999687650529     
  0.999999690514254       0.999999694109843       0.999999698473581     
  0.999999703531483       0.999999709259281       0.999999715601980     
  0.999999722434111       0.999999729693865       0.999999737230403     
  0.999999744867690       0.999999752387829       0.999999759670094     
  0.999999766597599       0.999999772904294       0.999999778437563     
  0.999999783072718       0.999999786649036       0.999999789107188     
  0.999999790359327       0.999999790306033       0.999999789065733     
  0.999999786593680       0.999999783053806       0.999999778567928     
  0.999999773286153       0.999999767414843       0.999999761236257     
  0.999999754988325       0.999999748959630       0.999999743448922     
  0.999999738827235       0.999999735343044       0.999999733253850     
  0.999999732887024       0.999999734564709       0.999999738368365     
  0.999999744433644       0.999999752958065       0.999999763949513     
  0.999999777351185       0.999999793262420       0.999999811440508     
  0.999999831881884       0.999999854415521       0.999999878969737     
  0.999999905616644       0.999999934428557       0.999999965609277     
   1.50959282894442        1.51038255388620        1.51040997327583     
   1.51038026281008        1.51033742383349        1.51028409603397     
   1.51022718765870        1.51017071137743        1.51011375306290     
   1.51006321521505        1.51001760357447        1.50997674975894     
   1.50994055723594        1.50990873343008        1.50988126099824     
   1.50985822148841        1.50983824084506        1.50982092791073     
   1.50980601426415        1.50979325529821        1.50978241522315     
   1.50977327976129        1.50976568440369        1.50975936971665     
   1.50975412961554        1.50974987945463        1.50974649595561     
   1.50974388773022        1.50974193599701        1.50974054060173     
   1.50973965509525        1.50973919909612        1.50973913712887     
   1.50973943469328        1.50974005752479        1.50974137050119     
   1.50974307618136        1.50974492726400        1.50974691805691     
   1.50974904899601        1.50975130303196        1.50975366420818     
   1.50975611196103        1.50975861818127        1.50976116514154     
   1.50976373527195        1.50976634935631        1.50976905831221     
   1.50977192795094        1.50977557313570        1.50976545247832     
   1.50977049663462        1.50977350480866        1.50977577369523     
   1.50977768683382        1.50977942014237        1.50978103485162     
   1.50978255934603        1.50978399712319        1.50978537767527     
   1.50978669579696        1.50978796097078        1.50978917867756     
   1.50979034434851        1.50979146200660        1.50979253230116     
   1.50979355572080        1.50979453596947        1.50979547023518     
   1.50979635806709        1.50979720905812        1.50979801669165     
   1.50979878098448        1.50979950772506        1.50980019891120     
   1.50980085537720        1.50980147037409        1.50980205493713     
   1.50980260469643        1.50980312355946        1.50980361009888     
   1.50980406615664        1.50980449577114        1.50980489938359     
   1.50980526869700        1.50980561722261        1.50980594423207     
   1.50980624302101        1.50980652065300        1.50980677715541     
   1.50980701304142        1.50980723009379        1.50980742330789     
   1.50980760513952        1.50980776657287        1.50980791367741     
   1.50980804588117        1.50980816300144        1.50980826514322     
   1.50980835419997        1.50980842858998        1.50980849720961     
   1.50980855118705        1.50980859887145        1.50980863562833     
   1.50980866197850        1.50980867775263        1.50980869200629     
   1.50980869531086        1.50980869392545        1.50980868378692     
   1.50980866801607        1.50980865026556        1.50980862472957     
   1.50980859118919        1.50980856093004        1.50980852030799     
   1.50980847338184        1.50980842672063        1.50980837817721     
   1.50980832105396        1.50980826161973        1.50980819894248     
   1.50980813504747        1.50980806853235        1.50980799427876     
   1.50980792566340        1.50980784877113        1.50980776926530     
   1.50980768773300        1.50980760475499        1.50980752068038     
   1.50980743512785        1.50980735008675        1.50980726079937     
   1.50980717129729        1.50980708472165        1.50980699344877     
   1.50980690608656        1.50980681731664        1.50980672443362     
   1.50980663779898        1.50980655267521        1.50980646562033     
   1.50980638176882        1.50980629877278        1.50980621679738     
   1.50980613527518        1.50980605248510        1.50980597661757     
   1.50980589804518        1.50980581725029        1.50980574332346     
   1.50980566589815        1.50980558739429        1.50980551434749     
   1.50980543538227        1.50980535836858        1.50980527754546     
   1.50980519974353        1.50980512269200        1.50980504038260     
   1.50980495913423        1.50980487653062        1.50980479213228     
   1.50980470492052        1.50980461961598        1.50980453351242     
   1.50980445094599        1.50980436419020        1.50980427563293     
   1.50980419064621        1.50980410778916        1.50980402510687     
   1.50980394681299        1.50980387383109        1.50980380052914     
   1.50980372796299        1.50980365790414        1.50980359754788     
   1.50980353584246        1.50980347772960        1.50980342532200     
   1.50980337558244        1.50980333003080        1.50980328385663     
   1.50980323917362        1.50980320347382        1.50980315980651     
   1.50980311635689        1.50980307985667        1.50980303670845     
   1.50980299164227        1.50980294426825        1.50980289767953     
   1.50980284433847        1.50980278504243        1.50980272759477     
   1.50980266561035        1.50980259449273        1.50980252412498     
   1.50980245041435        1.50980237127359        1.50980229371000     
   1.50980221382808        1.50980213291037        1.50980205532852     
   1.50980197882924        1.50980190496568        1.50980183647546     
   1.50980177086266        1.50980171179505        1.50980166054617     
   1.50980161859577        1.50980158188918        1.50980155076225     
   1.50980153135583        1.50980151883571        1.50980151245287     
   1.50980151368001        1.50980151838565        1.50980152805163     
   1.50980154292295        1.50980155434080        1.50980156895228     
   1.50980157825346        1.50980158394594        1.50980158492311     
   1.50980157874385        1.50980156222158        1.50980153706097     
   1.50980150123546        1.50980145397924        1.50980139233687     
   1.50980132114813        1.50980123992790        1.50980114557475     
   1.50980103851427        1.50980092819449        1.50980081223879     
   1.50980068820977        1.50980056382410        1.50980044151801     
   1.50980031534031        1.50980019897722        1.50980008290673     
   1.50979997398872        1.50979986856327        1.50979976091063     
   1.50979965170259        1.50979953584587        1.50979938592567     
  0.683567822513527       0.683620632437945       0.683492564972986     
  0.683361862425995       0.683223140522187       0.683072649513034     
  0.682916561653809       0.682761048355080       0.682607109631971     
  0.682463832073036       0.682331772058390       0.682211265973984     
  0.682102273620450       0.682004324262474       0.681918892223604     
  0.681848394824370       0.681785545934183       0.681729432235860     
  0.681679334578476       0.681634639346754       0.681594800011133     
  0.681559325557917       0.681527798737506       0.681499761164871     
  0.681474805646518       0.681452643420317       0.681432995818447     
  0.681415624487739       0.681400288755024       0.681386771068444     
  0.681374907091258       0.681364525527453       0.681355494391830     
  0.681347695964449       0.681341021953988       0.681336422101987     
  0.681333139633318       0.681330451769761       0.681328267534001     
  0.681326526698208       0.681325172959291       0.681324157379939     
  0.681323433340318       0.681322949840189       0.681322666603951     
  0.681322543883235       0.681322567129881       0.681322746846025     
  0.681323105637984       0.681323944785518       0.681315496131130     
  0.681316547991481       0.681317681804724       0.681318748012015     
  0.681319708946371       0.681320581761082       0.681321384986092     
  0.681322134151890       0.681322835968148       0.681323505701090     
  0.681324145941526       0.681324762448822       0.681325359439874     
  0.681325936222167       0.681326494570160       0.681327035031862     
  0.681327557669133       0.681328063892918       0.681328552509662     
  0.681329022833660       0.681329478345592       0.681329916828620     
  0.681330337545238       0.681330742362515       0.681331132105992     
  0.681331507314780       0.681331865029767       0.681332208764315     
  0.681332537196120       0.681332851577216       0.681333151354514     
  0.681333436939563       0.681333709868023       0.681333970581912     
  0.681334215639381       0.681334449608788       0.681334673086920     
  0.681334883425735       0.681335082806732       0.681335271532744     
  0.681335449851959       0.681335618489415       0.681335775494786     
  0.681335925569617       0.681336065827011       0.681336198289187     
  0.681336322979054       0.681336439827699       0.681336548802029     
  0.681336650743582       0.681336744973067       0.681336835133043     
  0.681336918324406       0.681336997274266       0.681337070714196     
  0.681337138534183       0.681337200499933       0.681337260209933     
  0.681337314673356       0.681337365890157       0.681337412340946     
  0.681337455078794       0.681337495675588       0.681337532221465     
  0.681337564176893       0.681337595839537       0.681337622687729     
  0.681337645463593       0.681337666768703       0.681337686372059     
  0.681337701614689       0.681337714419555       0.681337724698377     
  0.681337733479715       0.681337740458838       0.681337743391937     
  0.681337747303812       0.681337747637698       0.681337745863554     
  0.681337742412899       0.681337737639283       0.681337731933062     
  0.681337725197331       0.681337718326528       0.681337709599480     
  0.681337700172710       0.681337691623452       0.681337681386094     
  0.681337672209794       0.681337662649135       0.681337651179672     
  0.681337641642620       0.681337632879034       0.681337623401348     
  0.681337614783402       0.681337606398740       0.681337598062155     
  0.681337589498383       0.681337579805053       0.681337572109557     
  0.681337563164507       0.681337552420150       0.681337543377722     
  0.681337532588077       0.681337520297244       0.681337509159676     
  0.681337495288162       0.681337481044934       0.681337464487382     
  0.681337447972457       0.681337431284167       0.681337412143062     
  0.681337392507699       0.681337372023795       0.681337350380667     
  0.681337327409372       0.681337304846659       0.681337282185564     
  0.681337261303961       0.681337239434503       0.681337217008626     
  0.681337196196037       0.681337176949186       0.681337158667236     
  0.681337142804076       0.681337130031278       0.681337118145200     
  0.681337106930674       0.681337096845570       0.681337090895481     
  0.681337085132519       0.681337080699663       0.681337078315890     
  0.681337076883392       0.681337076598797       0.681337075389706     
  0.681337073559271       0.681337074023410       0.681337070699888     
  0.681337065312012       0.681337061009130       0.681337052856016     
  0.681337042098274       0.681337028618153       0.681337013867890     
  0.681336995339919       0.681336972926284       0.681336949950707     
  0.681336924847768       0.681336895747039       0.681336866314043     
  0.681336836029448       0.681336804212408       0.681336773733817     
  0.681336743904891       0.681336715203422       0.681336689600354     
  0.681336666813005       0.681336647272068       0.681336632208093     
  0.681336620733104       0.681336614010894       0.681336612447262     
  0.681336616626301       0.681336624815217       0.681336636275974     
  0.681336652869810       0.681336672811245       0.681336694935460     
  0.681336719187930       0.681336743565846       0.681336767795704     
  0.681336791713827       0.681336811549696       0.681336829033193     
  0.681336840994703       0.681336847544479       0.681336848294807     
  0.681336842459772       0.681336828947168       0.681336808596122     
  0.681336781178552       0.681336747039255       0.681336705649344     
  0.681336659538601       0.681336609682126       0.681336555902137     
  0.681336498927235       0.681336443462410       0.681336390209628     
  0.681336338979698       0.681336293287997       0.681336255272221     
  0.681336223214300       0.681336202600975       0.681336190762624     
  0.681336190092928       0.681336199420648       0.681336216310170     
  0.681336240306768       0.681336269333679       0.681336293066618     
 -3.613760052218121E-003 -6.045726296907537E-004 -6.137686215472853E-004
 -5.831810491954341E-004 -5.441312598520265E-004 -4.981433036111003E-004
 -4.500562283033713E-004 -4.026771865831751E-004 -3.552336469600389E-004
 -3.127262972897739E-004 -2.740128321185898E-004 -2.389417951177338E-004
 -2.074260172340392E-004 -1.792425082026141E-004 -1.543561237253967E-004
 -1.328017849345426E-004 -1.136209642896005E-004 -9.652773392327958E-005
 -8.132652653694583E-005 -6.783932621666302E-005 -5.589421137699868E-005
 -4.533472367508786E-005 -3.604085221697752E-005 -2.782156120640985E-005
 -2.052493542311430E-005 -1.408794500153651E-005 -8.418293269643323E-006
 -3.447011283613938E-006  9.159379855157293E-007  4.747471360519367E-006
  8.085218424756949E-006  1.099244438389398E-005  1.349956303102623E-005
  1.563672031806158E-005  1.743410172264968E-005  1.864895133518606E-005
  1.949022372869875E-005  2.013179358149663E-005  2.058263347910203E-005
  2.084642219495830E-005  2.093924353014895E-005  2.087598575504038E-005
  2.067427616915652E-005  2.035707609808758E-005  1.993902338570155E-005
  1.943460930124257E-005  1.882986398569416E-005  1.808787819927345E-005
  1.716027060569135E-005  1.561545063417020E-005  2.332281953305944E-005
  2.081693705384436E-005  1.963660058676646E-005  1.890461931562507E-005
  1.836385724755229E-005  1.789552271183551E-005  1.745981052457684E-005
  1.703952627162999E-005  1.663555198828925E-005  1.622838891938028E-005
  1.582470282150217E-005  1.541964773919920E-005  1.501111128550643E-005
  1.460482130316697E-005  1.419955623764732E-005  1.379669631233404E-005
  1.339772893965484E-005  1.300142917653547E-005  1.261163621542010E-005
  1.223025415788984E-005  1.185136096224456E-005  1.148132999228969E-005
  1.112156137785845E-005  1.076889055008865E-005  1.042305827357782E-005
  1.008438721963042E-005  9.759229279084011E-006  9.440223009313418E-006
  9.131703503987085E-006  8.831562053635280E-006  8.541785051817470E-006
  8.261859885331592E-006  7.989494874290912E-006  7.725024875684533E-006
  7.475591907850890E-006  7.231584182645467E-006  6.994083260884844E-006
  6.768897311316904E-006  6.551234985474611E-006  6.341609978468401E-006
  6.140170162485308E-006  5.946027301159733E-006  5.763520673885491E-006
  5.583469437383151E-006  5.413299847318746E-006  5.248701204723552E-006
  5.090514637266141E-006  4.939248385393278E-006  4.795172101465610E-006
  4.657084750626328E-006  4.526670640936568E-006  4.397275439393142E-006
  4.275987504809819E-006  4.156765859824835E-006  4.043280770318632E-006
  3.935407177766895E-006  3.833594138387133E-006  3.731084108099920E-006
  3.635226036571202E-006  3.541368937782366E-006  3.452928992293840E-006
  3.367623400314157E-006  3.282831839899467E-006  3.203050471456532E-006
  3.128623255842153E-006  3.051081399881874E-006  2.980864463327652E-006
  2.915039725679278E-006  2.848704252709825E-006  2.783536947216070E-006
  2.724725046060868E-006  2.667584878044217E-006  2.612943689605657E-006
  2.559196539972389E-006  2.507438010088952E-006  2.461784988281049E-006
  2.411971801816854E-006  2.368650622071168E-006  2.327564290231074E-006
  2.288335922079425E-006  2.250613247415938E-006  2.214084136966923E-006
  2.179156560709346E-006  2.144266492876480E-006  2.113107831060647E-006
  2.082760197372460E-006  2.050790624879064E-006  2.022964008752379E-006
  1.992906509790667E-006  1.964559129272506E-006  1.940190996217141E-006
  1.911894179228236E-006  1.883310884586319E-006  1.857042458295151E-006
  1.829273356130144E-006  1.801721408385532E-006  1.774364653332799E-006
  1.747607193599030E-006  1.722848424959591E-006  1.693767459066871E-006
  1.667669024654747E-006  1.644297386740975E-006  1.616615873400839E-006
  1.592496460768346E-006  1.570168588224081E-006  1.544531618351396E-006
  1.524165291869612E-006  1.503095737569058E-006  1.485750456086580E-006
  1.466948786131904E-006  1.448259983925160E-006  1.434206272411264E-006
  1.420053349701789E-006  1.407497903573277E-006  1.397017527925101E-006
  1.389233043643369E-006  1.380717333070150E-006  1.373441939378121E-006
  1.364020863436739E-006  1.358428997044720E-006  1.354936161879621E-006
  1.349509966614636E-006  1.343268634981026E-006  1.337663941759492E-006
  1.329599431008291E-006  1.318336721775694E-006  1.308245703857777E-006
  1.298645271481254E-006  1.288264230909887E-006  1.271531402216467E-006
  1.256959128966941E-006  1.240759334671330E-006  1.221400230223158E-006
  1.201137297755671E-006  1.178821608069861E-006  1.158127206387994E-006
  1.137382199351795E-006  1.110811965702387E-006  1.091160271865172E-006
  1.072375479730073E-006  1.049021617239194E-006  1.031542425930937E-006
  1.016066187014119E-006  1.002946602766185E-006  9.896537197918580E-007
  9.818312444425733E-007  9.789012021517984E-007  9.747812556928614E-007
  9.742270455383410E-007  9.807511356558871E-007  9.868729667908575E-007
  9.955838249423913E-007  1.008581798818909E-006  1.020545709360450E-006
  1.034451754593072E-006  1.049486879004073E-006  1.062387089863409E-006
  1.074897704030161E-006  1.086073975084678E-006  1.093910203091254E-006
  1.100471030270609E-006  1.103104407338631E-006  1.101058002304527E-006
  1.093225927002841E-006  1.082739195888405E-006  1.069591675265562E-006
  1.049182656088653E-006  1.025131794372183E-006  9.981445432262782E-007
  9.670631561821193E-007  9.349635341171178E-007  9.007456934348306E-007
  8.640188619565431E-007  8.313093797246556E-007  7.973935313495406E-007
  7.685694994238936E-007  7.433506510443915E-007  7.224168650398208E-007
  7.073918036419407E-007  7.004961975603755E-007  7.002471340037886E-007
  7.080851934236480E-007  7.243715280575118E-007  7.513031799762824E-007
  7.851390048318603E-007  8.262590300398049E-007  8.770265808532852E-007
  9.373567072513753E-007  1.000147934778869E-006  1.067429348172170E-006
  1.141415288025038E-006  1.216613168514706E-006  1.291531560436038E-006
  1.371332136541803E-006  1.446019869523696E-006  1.523480979042640E-006
  1.599082738717041E-006  1.676367484607702E-006  1.760371123295159E-006
  1.851515591517491E-006  1.954507040955545E-006  2.090427974995474E-006
