          1.328262
          1.328391
          1.328356
          1.328322
          1.328294
          1.328269
          1.328247
          1.328227
          1.328209
          1.328193
          1.328179
          1.328167
          1.328156
          1.328146
          1.328138
          1.328130
          1.328124
          1.328118
          1.328113
          1.328108
          1.328104
          1.328100
          1.328097
          1.328094
          1.328092
          1.328090
          1.328088
          1.328086
          1.328085
          1.328083
          1.328082
          1.328081
          1.328081
          1.328080
          1.328079
          1.328079
          1.328079
          1.328079
          1.328078
          1.328078
          1.328078
          1.328078
          1.328079
          1.328079
          1.328079
          1.328079
          1.328079
          1.328080
          1.328080
          1.328080
          1.328082
          1.328081
          1.328081
          1.328081
          1.328080
          1.328080
          1.328080
          1.328080
          1.328080
          1.328080
          1.328080
          1.328080
          1.328080
          1.328080
          1.328080
          1.328079
          1.328079
          1.328079
          1.328079
          1.328079
          1.328079
          1.328079
          1.328079
          1.328079
          1.328079
          1.328079
          1.328079
          1.328079
          1.328079
          1.328079
          1.328078
          1.328078
          1.328078
          1.328078
          1.328078
          1.328078
          1.328078
          1.328078
          1.328078
          1.328077
          1.328077
          1.328077
          1.328077
          1.328077
          1.328077
          1.328077
          1.328077
          1.328076
          1.328076
          1.328076
          1.328076
          1.328076
          1.328076
          1.328076
          1.328076
          1.328075
          1.328075
          1.328075
          1.328075
          1.328075
          1.328075
          1.328075
          1.328075
          1.328074
          1.328074
          1.328074
          1.328074
          1.328074
          1.328074
          1.328074
          1.328074
          1.328073
          1.328073
          1.328073
          1.328073
          1.328073
          1.328073
          1.328073
          1.328073
          1.328072
          1.328072
          1.328072
          1.328072
          1.328072
          1.328072
          1.328072
          1.328072
          1.328072
          1.328071
          1.328071
          1.328071
          1.328071
          1.328071
          1.328071
          1.328071
          1.328071
          1.328071
          1.328070
          1.328070
          1.328070
          1.328070
          1.328070
          1.328070
          1.328070
          1.328070
          1.328070
          1.328070
          1.328070
          1.328069
          1.328069
          1.328069
          1.328069
          1.328069
          1.328069
          1.328069
          1.328069
          1.328069
          1.328069
          1.328069
          1.328069
          1.328068
          1.328068
          1.328068
          1.328068
          1.328068
          1.328068
          1.328068
          1.328068
          1.328068
          1.328068
          1.328068
          1.328068
          1.328068
          1.328068
          1.328067
          1.328067
          1.328067
          1.328067
          1.328067
          1.328067
          1.328067
          1.328067
          1.328067
          1.328067
          1.328067
          1.328067
          1.328067
          1.328067
          1.328067
          1.328067
          1.328067
          1.328067
          1.328066
          1.328066
          1.328066
          1.328066
          1.328066
          1.328066
          1.328066
          1.328066
          1.328066
          1.328066
          1.328066
          1.328066
          1.328066
          1.328066
          1.328066
          1.328066
          1.328066
          1.328066
          1.328066
          1.328066
          1.328066
          1.328066
          1.328066
          1.328066
          1.328066
          1.328066
          1.328066
          1.328066
          1.328066
          1.328065
          1.328065
          1.328065
          1.328065
          1.328065
          1.328065
          1.328065
          1.328065
          1.328065
          1.328065
          1.328065
          1.328065
          1.328065
          1.328065
          1.328065
          1.328065
          1.328065
          1.328065
          1.328065
          1.328065
          1.328065
