         13.371165
         13.366771
         13.367355
         13.367822
         13.368189
         13.368484
         13.368730
         13.368940
         13.369123
         13.369286
         13.369432
         13.369565
         13.369687
         13.369798
         13.369900
         13.369994
         13.370081
         13.370161
         13.370234
         13.370302
         13.370364
         13.370421
         13.370474
         13.370523
         13.370568
         13.370609
         13.370647
         13.370683
         13.370715
         13.370745
         13.370774
         13.370800
         13.370824
         13.370846
         13.370867
         13.370887
         13.370905
         13.370922
         13.370938
         13.370953
         13.370967
         13.370980
         13.370993
         13.371004
         13.371015
         13.371025
         13.371035
         13.371044
         13.371053
         13.371061
         13.371068
         13.371076
         13.371082
         13.371089
         13.371095
         13.371101
         13.371106
         13.371111
         13.371116
         13.371121
         13.371125
         13.371129
         13.371133
         13.371137
         13.371140
         13.371143
         13.371146
         13.371149
         13.371152
         13.371155
         13.371157
         13.371160
         13.371162
         13.371164
         13.371166
         13.371168
         13.371170
         13.371172
         13.371174
         13.371176
         13.371177
         13.371179
         13.371181
         13.371182
         13.371184
         13.371185
         13.371186
         13.371188
         13.371189
         13.371190
         13.371192
         13.371193
         13.371194
         13.371195
         13.371196
         13.371198
         13.371199
         13.371200
         13.371201
         13.371201
         13.371202
         13.371203
         13.371204
         13.371205
         13.371205
         13.371206
         13.371207
         13.371207
         13.371208
         13.371208
         13.371208
         13.371209
         13.371209
         13.371210
         13.371210
         13.371210
         13.371211
         13.371211
         13.371211
         13.371211
         13.371212
         13.371212
         13.371212
         13.371212
         13.371213
         13.371213
         13.371213
         13.371214
         13.371214
         13.371215
         13.371215
         13.371215
         13.371216
         13.371216
         13.371217
         13.371217
         13.371217
         13.371218
         13.371218
         13.371219
         13.371219
         13.371219
         13.371219
         13.371220
         13.371220
         13.371220
         13.371220
         13.371220
         13.371220
         13.371220
         13.371220
         13.371220
         13.371220
         13.371220
         13.371220
         13.371220
         13.371219
         13.371219
         13.371219
         13.371219
         13.371218
         13.371218
         13.371218
         13.371218
         13.371218
         13.371218
         13.371218
         13.371218
         13.371218
         13.371218
         13.371218
         13.371218
         13.371218
         13.371218
         13.371218
         13.371219
         13.371219
         13.371219
         13.371219
         13.371220
         13.371220
         13.371220
         13.371221
         13.371221
         13.371221
         13.371221
         13.371221
         13.371221
         13.371221
         13.371221
         13.371221
         13.371221
         13.371221
         13.371221
         13.371220
         13.371220
         13.371220
         13.371219
         13.371219
         13.371218
         13.371218
         13.371217
         13.371217
         13.371216
         13.371216
         13.371216
         13.371215
         13.371215
         13.371215
         13.371215
         13.371214
         13.371214
         13.371214
         13.371215
         13.371215
         13.371215
         13.371215
         13.371216
         13.371216
         13.371216
         13.371217
         13.371217
         13.371218
         13.371219
         13.371219
         13.371220
         13.371220
         13.371220
         13.371221
         13.371221
         13.371221
         13.371222
         13.371222
         13.371222
         13.371222
         13.371221
         13.371221
         13.371221
         13.371221
         13.371220
         13.371220
         13.371220
         13.371219
         13.371219
         13.371218
         13.371218
         13.371218
         13.371218
         13.371218
         13.371218
         13.371218
         13.371218
         13.371219
