          0.614317
          0.614565
          0.614599
          0.614625
          0.614652
          0.614679
          0.614705
          0.614732
          0.614757
          0.614782
          0.614807
          0.614830
          0.614852
          0.614873
          0.614892
          0.614911
          0.614929
          0.614945
          0.614961
          0.614975
          0.614989
          0.615002
          0.615013
          0.615024
          0.615035
          0.615044
          0.615053
          0.615061
          0.615069
          0.615077
          0.615083
          0.615090
          0.615096
          0.615101
          0.615106
          0.615111
          0.615116
          0.615120
          0.615124
          0.615128
          0.615131
          0.615135
          0.615138
          0.615141
          0.615144
          0.615146
          0.615149
          0.615151
          0.615153
          0.615155
          0.615157
          0.615159
          0.615161
          0.615162
          0.615164
          0.615165
          0.615167
          0.615168
          0.615169
          0.615170
          0.615171
          0.615172
          0.615173
          0.615174
          0.615175
          0.615176
          0.615177
          0.615178
          0.615178
          0.615179
          0.615180
          0.615180
          0.615181
          0.615181
          0.615182
          0.615182
          0.615183
          0.615183
          0.615184
          0.615184
          0.615184
          0.615185
          0.615185
          0.615185
          0.615186
          0.615186
          0.615186
          0.615187
          0.615187
          0.615187
          0.615187
          0.615188
          0.615188
          0.615188
          0.615188
          0.615188
          0.615188
          0.615189
          0.615189
          0.615189
          0.615189
          0.615189
          0.615189
          0.615189
          0.615189
          0.615190
          0.615190
          0.615190
          0.615190
          0.615190
          0.615190
          0.615190
          0.615190
          0.615190
          0.615190
          0.615190
          0.615190
          0.615190
          0.615190
          0.615190
          0.615191
          0.615191
          0.615191
          0.615191
          0.615191
          0.615191
          0.615191
          0.615191
          0.615191
          0.615191
          0.615191
          0.615191
          0.615191
          0.615191
          0.615191
          0.615191
          0.615191
          0.615191
          0.615191
          0.615191
          0.615191
          0.615191
          0.615191
          0.615191
          0.615191
          0.615191
          0.615191
          0.615191
          0.615191
          0.615191
          0.615191
          0.615191
          0.615191
          0.615191
          0.615191
          0.615191
          0.615191
          0.615191
          0.615191
          0.615191
          0.615191
          0.615191
          0.615191
          0.615191
          0.615191
          0.615191
          0.615191
          0.615191
          0.615191
          0.615191
          0.615191
          0.615191
          0.615191
          0.615191
          0.615191
          0.615191
          0.615191
          0.615191
          0.615191
          0.615191
          0.615191
          0.615191
          0.615191
          0.615191
          0.615191
          0.615191
          0.615191
          0.615191
          0.615191
          0.615191
          0.615191
          0.615191
          0.615191
          0.615191
          0.615191
          0.615191
          0.615191
          0.615191
          0.615191
          0.615191
          0.615191
          0.615191
          0.615191
          0.615191
          0.615191
          0.615191
          0.615191
          0.615191
          0.615191
          0.615191
          0.615191
          0.615191
          0.615191
          0.615191
          0.615191
          0.615191
          0.615191
          0.615191
          0.615191
          0.615191
          0.615191
          0.615191
          0.615191
          0.615191
          0.615191
          0.615191
          0.615191
          0.615191
          0.615191
          0.615191
          0.615191
          0.615191
          0.615191
          0.615191
          0.615191
          0.615191
          0.615191
          0.615191
          0.615191
          0.615191
          0.615191
          0.615191
          0.615191
          0.615191
          0.615191
          0.615191
          0.615191
          0.615191
          0.615191
          0.615191
          0.615191
          0.615190
