          1.328061
          1.329394
          1.329802
          1.330012
          1.330093
          1.330089
          1.330028
          1.329934
          1.329821
          1.329699
          1.329575
          1.329454
          1.329338
          1.329229
          1.329128
          1.329035
          1.328949
          1.328871
          1.328799
          1.328735
          1.328676
          1.328622
          1.328573
          1.328529
          1.328489
          1.328452
          1.328419
          1.328389
          1.328362
          1.328337
          1.328314
          1.328293
          1.328274
          1.328257
          1.328241
          1.328227
          1.328214
          1.328202
          1.328191
          1.328181
          1.328172
          1.328163
          1.328156
          1.328148
          1.328142
          1.328136
          1.328131
          1.328126
          1.328121
          1.328117
          1.328113
          1.328109
          1.328106
          1.328103
          1.328100
          1.328097
          1.328095
          1.328093
          1.328091
          1.328089
          1.328087
          1.328085
          1.328084
          1.328082
          1.328081
          1.328080
          1.328079
          1.328078
          1.328077
          1.328076
          1.328075
          1.328074
          1.328073
          1.328072
          1.328072
          1.328071
          1.328071
          1.328070
          1.328069
          1.328069
          1.328068
          1.328068
          1.328068
          1.328067
          1.328067
          1.328066
          1.328066
          1.328066
          1.328066
          1.328065
          1.328065
          1.328065
          1.328065
          1.328064
          1.328064
          1.328064
          1.328064
          1.328064
          1.328063
          1.328063
          1.328063
          1.328063
          1.328063
          1.328063
          1.328063
          1.328063
          1.328063
          1.328062
          1.328062
          1.328062
          1.328062
          1.328062
          1.328062
          1.328062
          1.328062
          1.328062
          1.328062
          1.328062
          1.328062
          1.328062
          1.328062
          1.328062
          1.328062
          1.328062
          1.328062
          1.328061
          1.328061
          1.328061
          1.328061
          1.328061
          1.328061
          1.328061
          1.328061
          1.328061
          1.328061
          1.328061
          1.328061
          1.328061
          1.328061
          1.328061
          1.328061
          1.328061
          1.328061
          1.328061
          1.328061
          1.328061
          1.328061
          1.328061
          1.328061
          1.328061
          1.328061
          1.328061
          1.328061
          1.328061
          1.328061
          1.328061
          1.328061
          1.328061
          1.328061
          1.328061
          1.328061
          1.328061
          1.328061
          1.328061
          1.328061
          1.328061
          1.328061
          1.328061
          1.328061
          1.328061
          1.328061
          1.328061
          1.328061
          1.328061
          1.328061
          1.328061
          1.328061
          1.328061
          1.328061
          1.328061
          1.328061
          1.328061
          1.328061
          1.328061
          1.328061
          1.328061
          1.328061
          1.328061
          1.328061
          1.328061
          1.328061
          1.328061
          1.328061
          1.328061
          1.328061
          1.328061
          1.328061
          1.328061
          1.328061
          1.328061
          1.328061
          1.328061
          1.328061
          1.328061
          1.328061
          1.328061
          1.328061
          1.328061
          1.328061
          1.328061
          1.328061
          1.328061
          1.328061
          1.328061
          1.328061
          1.328061
          1.328061
          1.328061
          1.328061
          1.328060
          1.328060
          1.328060
          1.328060
          1.328060
          1.328060
          1.328060
          1.328060
          1.328060
          1.328060
          1.328060
          1.328060
          1.328061
          1.328061
          1.328061
          1.328061
          1.328061
          1.328061
          1.328061
          1.328061
          1.328061
          1.328061
          1.328061
          1.328061
          1.328061
          1.328061
          1.328061
          1.328061
          1.328061
          1.328061
          1.328061
          1.328061
          1.328061
          1.328061
