         -0.003758
         -0.000595
         -0.000667
         -0.000678
         -0.000660
         -0.000623
         -0.000576
         -0.000525
         -0.000473
         -0.000422
         -0.000375
         -0.000331
         -0.000290
         -0.000254
         -0.000220
         -0.000191
         -0.000165
         -0.000143
         -0.000122
         -0.000104
         -0.000089
         -0.000075
         -0.000063
         -0.000052
         -0.000043
         -0.000035
         -0.000028
         -0.000021
         -0.000016
         -0.000011
         -0.000007
         -0.000004
         -0.000001
          0.000002
          0.000004
          0.000006
          0.000007
          0.000009
          0.000010
          0.000011
          0.000011
          0.000012
          0.000012
          0.000012
          0.000013
          0.000013
          0.000013
          0.000013
          0.000013
          0.000012
          0.000012
          0.000012
          0.000012
          0.000012
          0.000011
          0.000011
          0.000011
          0.000010
          0.000010
          0.000010
          0.000010
          0.000009
          0.000009
          0.000009
          0.000008
          0.000008
          0.000008
          0.000008
          0.000007
          0.000007
          0.000007
          0.000007
          0.000006
          0.000006
          0.000006
          0.000006
          0.000005
          0.000005
          0.000005
          0.000005
          0.000005
          0.000005
          0.000004
          0.000004
          0.000004
          0.000004
          0.000004
          0.000004
          0.000003
          0.000003
          0.000003
          0.000003
          0.000003
          0.000003
          0.000003
          0.000003
          0.000002
          0.000002
          0.000002
          0.000002
          0.000002
          0.000002
          0.000002
          0.000002
          0.000002
          0.000002
          0.000002
          0.000002
          0.000002
          0.000002
          0.000002
          0.000002
          0.000002
          0.000002
          0.000002
          0.000002
          0.000002
          0.000002
          0.000002
          0.000002
          0.000002
          0.000001
          0.000001
          0.000001
          0.000001
          0.000001
          0.000001
          0.000001
          0.000001
          0.000001
          0.000001
          0.000001
          0.000001
          0.000001
          0.000001
          0.000001
          0.000001
          0.000001
          0.000001
          0.000001
          0.000001
          0.000001
          0.000001
          0.000001
          0.000001
          0.000001
          0.000001
          0.000001
          0.000001
          0.000001
          0.000001
          0.000001
          0.000001
          0.000001
          0.000001
          0.000001
          0.000001
          0.000001
          0.000001
          0.000001
          0.000001
          0.000001
          0.000001
          0.000001
          0.000001
          0.000001
          0.000001
          0.000001
          0.000001
          0.000001
          0.000001
          0.000001
          0.000001
          0.000001
          0.000001
          0.000001
          0.000001
          0.000001
          0.000001
          0.000000
          0.000000
          0.000000
          0.000000
          0.000000
          0.000000
          0.000000
          0.000000
          0.000000
          0.000000
          0.000000
          0.000000
          0.000000
          0.000001
          0.000001
          0.000001
          0.000001
          0.000001
          0.000001
          0.000001
          0.000001
          0.000001
          0.000001
          0.000001
          0.000001
          0.000001
          0.000001
          0.000001
          0.000001
          0.000001
          0.000001
          0.000001
          0.000001
          0.000001
          0.000001
          0.000001
          0.000001
          0.000001
          0.000001
          0.000001
          0.000000
          0.000000
          0.000000
          0.000000
          0.000000
          0.000000
          0.000000
          0.000000
          0.000000
          0.000000
          0.000000
          0.000000
          0.000000
          0.000000
          0.000000
          0.000000
          0.000000
          0.000000
          0.000001
          0.000001
          0.000001
          0.000001
          0.000001
          0.000001
          0.000001
          0.000001
          0.000001
          0.000001
          0.000002
          0.000002
          0.000002
          0.000002
          0.000002
