          0.282661
          0.282685
          0.282713
          0.282742
          0.282770
          0.282797
          0.282822
          0.282846
          0.282868
          0.282889
          0.282907
          0.282924
          0.282939
          0.282952
          0.282964
          0.282975
          0.282984
          0.282992
          0.282999
          0.283005
          0.283010
          0.283015
          0.283019
          0.283022
          0.283025
          0.283027
          0.283029
          0.283030
          0.283032
          0.283033
          0.283033
          0.283034
          0.283034
          0.283034
          0.283034
          0.283034
          0.283034
          0.283034
          0.283034
          0.283033
          0.283033
          0.283033
          0.283032
          0.283032
          0.283031
          0.283031
          0.283030
          0.283030
          0.283029
          0.283029
          0.283028
          0.283028
          0.283027
          0.283027
          0.283026
          0.283026
          0.283025
          0.283025
          0.283024
          0.283024
          0.283023
          0.283023
          0.283023
          0.283022
          0.283022
          0.283022
          0.283021
          0.283021
          0.283021
          0.283020
          0.283020
          0.283020
          0.283020
          0.283019
          0.283019
          0.283019
          0.283019
          0.283018
          0.283018
          0.283018
          0.283018
          0.283018
          0.283017
          0.283017
          0.283017
          0.283017
          0.283017
          0.283017
          0.283017
          0.283017
          0.283017
          0.283016
          0.283016
          0.283016
          0.283016
          0.283016
          0.283016
          0.283016
          0.283016
          0.283016
          0.283016
          0.283016
          0.283016
          0.283016
          0.283015
          0.283015
          0.283015
          0.283015
          0.283015
          0.283015
          0.283015
          0.283015
          0.283015
          0.283015
          0.283015
          0.283015
          0.283015
          0.283015
          0.283015
          0.283015
          0.283015
          0.283015
          0.283015
          0.283015
          0.283015
          0.283015
          0.283015
          0.283015
          0.283015
          0.283015
          0.283015
          0.283015
          0.283015
          0.283015
          0.283015
          0.283015
          0.283015
          0.283015
          0.283015
          0.283015
          0.283015
          0.283015
          0.283015
          0.283015
          0.283015
          0.283015
          0.283015
          0.283015
          0.283015
          0.283014
          0.283014
          0.283014
          0.283014
          0.283014
          0.283014
          0.283014
          0.283014
          0.283014
          0.283014
          0.283014
          0.283014
          0.283014
          0.283014
          0.283014
          0.283014
          0.283014
          0.283014
          0.283014
          0.283014
          0.283014
          0.283014
          0.283014
          0.283014
          0.283014
          0.283014
          0.283014
          0.283014
          0.283014
          0.283014
          0.283014
          0.283014
          0.283014
          0.283014
          0.283014
          0.283014
          0.283014
          0.283014
          0.283014
          0.283014
          0.283014
          0.283014
          0.283014
          0.283014
          0.283014
          0.283014
          0.283014
          0.283014
          0.283014
          0.283014
          0.283014
          0.283014
          0.283014
          0.283014
          0.283014
          0.283014
          0.283014
          0.283014
          0.283014
          0.283014
          0.283014
          0.283014
          0.283014
          0.283014
          0.283014
          0.283014
          0.283014
          0.283014
          0.283014
          0.283014
          0.283014
          0.283014
          0.283014
          0.283014
          0.283014
          0.283014
          0.283014
          0.283014
          0.283014
          0.283014
          0.283014
          0.283014
          0.283014
          0.283014
          0.283014
          0.283014
          0.283014
          0.283014
          0.283014
          0.283014
          0.283014
          0.283014
          0.283014
          0.283014
          0.283014
          0.283014
          0.283014
          0.283014
          0.283014
          0.283014
          0.283014
          0.283014
          0.283014
