         12.043104
         12.042752
         12.042432
         12.042149
         12.041900
         12.041685
         12.041502
         12.041349
         12.041223
         12.041123
         12.041045
         12.040988
         12.040949
         12.040926
         12.040916
         12.040919
         12.040932
         12.040954
         12.040984
         12.041020
         12.041061
         12.041106
         12.041155
         12.041206
         12.041260
         12.041315
         12.041371
         12.041428
         12.041485
         12.041541
         12.041598
         12.041653
         12.041708
         12.041762
         12.041815
         12.041867
         12.041918
         12.041967
         12.042015
         12.042061
         12.042106
         12.042150
         12.042192
         12.042233
         12.042272
         12.042310
         12.042347
         12.042382
         12.042415
         12.042448
         12.042479
         12.042509
         12.042538
         12.042565
         12.042591
         12.042617
         12.042641
         12.042664
         12.042686
         12.042707
         12.042728
         12.042747
         12.042766
         12.042783
         12.042800
         12.042816
         12.042832
         12.042847
         12.042861
         12.042874
         12.042887
         12.042899
         12.042911
         12.042922
         12.042932
         12.042942
         12.042952
         12.042961
         12.042970
         12.042978
         12.042986
         12.042994
         12.043001
         12.043008
         12.043015
         12.043021
         12.043027
         12.043033
         12.043039
         12.043044
         12.043049
         12.043054
         12.043059
         12.043063
         12.043067
         12.043071
         12.043075
         12.043079
         12.043083
         12.043086
         12.043089
         12.043092
         12.043095
         12.043098
         12.043101
         12.043104
         12.043106
         12.043108
         12.043111
         12.043113
         12.043115
         12.043117
         12.043119
         12.043120
         12.043122
         12.043124
         12.043125
         12.043127
         12.043128
         12.043129
         12.043131
         12.043132
         12.043133
         12.043134
         12.043135
         12.043136
         12.043137
         12.043138
         12.043139
         12.043140
         12.043141
         12.043142
         12.043142
         12.043143
         12.043144
         12.043145
         12.043145
         12.043146
         12.043147
         12.043147
         12.043148
         12.043149
         12.043149
         12.043150
         12.043150
         12.043151
         12.043151
         12.043152
         12.043152
         12.043153
         12.043153
         12.043154
         12.043154
         12.043154
         12.043154
         12.043155
         12.043155
         12.043155
         12.043155
         12.043155
         12.043156
         12.043156
         12.043156
         12.043156
         12.043156
         12.043156
         12.043156
         12.043156
         12.043156
         12.043156
         12.043156
         12.043156
         12.043156
         12.043156
         12.043156
         12.043156
         12.043157
         12.043157
         12.043157
         12.043157
         12.043157
         12.043157
         12.043157
         12.043158
         12.043158
         12.043158
         12.043158
         12.043158
         12.043158
         12.043159
         12.043159
         12.043159
         12.043159
         12.043159
         12.043159
         12.043159
         12.043159
         12.043159
         12.043159
         12.043159
         12.043159
         12.043158
         12.043158
         12.043158
         12.043158
         12.043158
         12.043157
         12.043157
         12.043157
         12.043157
         12.043157
         12.043156
         12.043156
         12.043156
         12.043156
         12.043156
         12.043156
         12.043156
         12.043156
         12.043156
         12.043156
         12.043156
         12.043156
         12.043156
         12.043156
         12.043156
         12.043157
         12.043157
         12.043157
         12.043157
         12.043158
         12.043158
         12.043158
         12.043158
         12.043158
         12.043158
         12.043159
         12.043159
         12.043159
         12.043159
         12.043159
         12.043159
         12.043159
         12.043159
         12.043159
         12.043158
         12.043158
         12.043158
         12.043158
         12.043158
         12.043158
         12.043158
         12.043158
