          0.680678
          0.680729
          0.680645
          0.680595
          0.680577
          0.680582
          0.680601
          0.680631
          0.680667
          0.680706
          0.680747
          0.680787
          0.680826
          0.680864
          0.680898
          0.680931
          0.680962
          0.680991
          0.681017
          0.681041
          0.681064
          0.681084
          0.681103
          0.681121
          0.681137
          0.681152
          0.681165
          0.681178
          0.681189
          0.681200
          0.681209
          0.681218
          0.681226
          0.681234
          0.681241
          0.681247
          0.681253
          0.681259
          0.681264
          0.681269
          0.681273
          0.681277
          0.681281
          0.681285
          0.681288
          0.681291
          0.681294
          0.681296
          0.681299
          0.681301
          0.681303
          0.681305
          0.681307
          0.681309
          0.681310
          0.681312
          0.681313
          0.681314
          0.681316
          0.681317
          0.681318
          0.681319
          0.681320
          0.681321
          0.681321
          0.681322
          0.681323
          0.681324
          0.681324
          0.681325
          0.681326
          0.681326
          0.681327
          0.681327
          0.681328
          0.681328
          0.681328
          0.681329
          0.681329
          0.681330
          0.681330
          0.681330
          0.681331
          0.681331
          0.681331
          0.681331
          0.681332
          0.681332
          0.681332
          0.681332
          0.681333
          0.681333
          0.681333
          0.681333
          0.681333
          0.681334
          0.681334
          0.681334
          0.681334
          0.681334
          0.681334
          0.681334
          0.681334
          0.681334
          0.681334
          0.681335
          0.681335
          0.681335
          0.681335
          0.681335
          0.681335
          0.681335
          0.681335
          0.681335
          0.681335
          0.681335
          0.681335
          0.681335
          0.681335
          0.681335
          0.681335
          0.681335
          0.681335
          0.681335
          0.681335
          0.681335
          0.681335
          0.681336
          0.681336
          0.681336
          0.681336
          0.681336
          0.681336
          0.681336
          0.681336
          0.681336
          0.681336
          0.681336
          0.681336
          0.681336
          0.681336
          0.681336
          0.681336
          0.681336
          0.681336
          0.681336
          0.681336
          0.681336
          0.681336
          0.681336
          0.681336
          0.681336
          0.681336
          0.681336
          0.681336
          0.681336
          0.681336
          0.681336
          0.681336
          0.681336
          0.681336
          0.681336
          0.681336
          0.681336
          0.681336
          0.681336
          0.681336
          0.681336
          0.681336
          0.681336
          0.681336
          0.681336
          0.681336
          0.681336
          0.681336
          0.681336
          0.681336
          0.681336
          0.681336
          0.681336
          0.681336
          0.681336
          0.681336
          0.681336
          0.681336
          0.681336
          0.681336
          0.681336
          0.681336
          0.681336
          0.681336
          0.681336
          0.681336
          0.681336
          0.681336
          0.681336
          0.681336
          0.681336
          0.681336
          0.681336
          0.681336
          0.681336
          0.681336
          0.681336
          0.681336
          0.681336
          0.681336
          0.681336
          0.681336
          0.681336
          0.681336
          0.681336
          0.681336
          0.681336
          0.681336
          0.681336
          0.681336
          0.681336
          0.681336
          0.681336
          0.681336
          0.681337
          0.681337
          0.681337
          0.681337
          0.681337
          0.681337
          0.681337
          0.681337
          0.681337
          0.681337
          0.681337
          0.681336
          0.681336
          0.681336
          0.681336
          0.681336
          0.681336
          0.681336
          0.681336
          0.681336
          0.681336
          0.681336
          0.681335
          0.681335
          0.681335
          0.681335
          0.681335
          0.681335
          0.681335
          0.681335
          0.681335
