          0.999554
          0.999595
          0.999640
          0.999684
          0.999727
          0.999767
          0.999805
          0.999840
          0.999872
          0.999901
          0.999927
          0.999950
          0.999970
          0.999988
          1.000003
          1.000017
          1.000028
          1.000037
          1.000045
          1.000052
          1.000058
          1.000062
          1.000065
          1.000068
          1.000070
          1.000071
          1.000072
          1.000072
          1.000072
          1.000072
          1.000071
          1.000070
          1.000069
          1.000067
          1.000066
          1.000064
          1.000063
          1.000061
          1.000059
          1.000057
          1.000055
          1.000054
          1.000052
          1.000050
          1.000048
          1.000046
          1.000045
          1.000043
          1.000041
          1.000040
          1.000038
          1.000036
          1.000035
          1.000034
          1.000032
          1.000031
          1.000029
          1.000028
          1.000027
          1.000026
          1.000025
          1.000024
          1.000022
          1.000021
          1.000021
          1.000020
          1.000019
          1.000018
          1.000017
          1.000016
          1.000016
          1.000015
          1.000014
          1.000013
          1.000013
          1.000012
          1.000012
          1.000011
          1.000011
          1.000010
          1.000010
          1.000009
          1.000009
          1.000008
          1.000008
          1.000008
          1.000007
          1.000007
          1.000007
          1.000006
          1.000006
          1.000006
          1.000006
          1.000005
          1.000005
          1.000005
          1.000005
          1.000005
          1.000004
          1.000004
          1.000004
          1.000004
          1.000004
          1.000003
          1.000003
          1.000003
          1.000003
          1.000003
          1.000003
          1.000003
          1.000002
          1.000002
          1.000002
          1.000002
          1.000002
          1.000002
          1.000002
          1.000002
          1.000002
          1.000002
          1.000002
          1.000001
          1.000001
          1.000001
          1.000001
          1.000001
          1.000001
          1.000001
          1.000001
          1.000001
          1.000001
          1.000001
          1.000001
          1.000001
          1.000001
          1.000001
          1.000001
          1.000001
          1.000001
          1.000001
          1.000001
          1.000001
          1.000001
          1.000001
          1.000001
          1.000001
          1.000001
          1.000001
          1.000001
          1.000000
          1.000000
          1.000000
          1.000000
          1.000000
          1.000000
          1.000000
          1.000000
          1.000000
          1.000000
          1.000000
          1.000000
          1.000000
          1.000000
          1.000000
          1.000000
          1.000000
          1.000000
          1.000000
          1.000000
          1.000000
          1.000000
          1.000000
          1.000000
          1.000000
          1.000000
          1.000000
          1.000000
          1.000000
          1.000000
          1.000000
          1.000000
          1.000000
          1.000000
          1.000000
          1.000000
          1.000000
          1.000000
          1.000000
          1.000000
          1.000000
          1.000000
          1.000000
          1.000000
          1.000000
          1.000000
          1.000000
          1.000000
          1.000000
          1.000000
          1.000000
          1.000000
          1.000000
          1.000000
          1.000000
          1.000000
          1.000000
          1.000000
          1.000000
          1.000000
          1.000000
          1.000000
          1.000000
          1.000000
          1.000000
          1.000000
          1.000000
          1.000000
          1.000000
          1.000000
          1.000000
          1.000000
          1.000000
          1.000000
          1.000000
          1.000000
          1.000000
          1.000000
          1.000000
          1.000000
          1.000000
          1.000000
          1.000000
          1.000000
          1.000000
          1.000000
          1.000000
          1.000000
          1.000000
          1.000000
          1.000000
          1.000000
          1.000000
          1.000000
          1.000000
          1.000000
          1.000000
          1.000000
          1.000000
          1.000000
          1.000000
          1.000000
          1.000000
