          0.251666
          0.252740
          0.252827
          0.252847
          0.252833
          0.252797
          0.252746
          0.252688
          0.252625
          0.252563
          0.252502
          0.252443
          0.252388
          0.252337
          0.252290
          0.252247
          0.252208
          0.252172
          0.252140
          0.252111
          0.252084
          0.252061
          0.252039
          0.252020
          0.252003
          0.251987
          0.251973
          0.251961
          0.251950
          0.251939
          0.251930
          0.251922
          0.251915
          0.251908
          0.251902
          0.251897
          0.251892
          0.251888
          0.251884
          0.251880
          0.251877
          0.251874
          0.251872
          0.251870
          0.251868
          0.251866
          0.251864
          0.251863
          0.251861
          0.251860
          0.251859
          0.251858
          0.251857
          0.251856
          0.251856
          0.251855
          0.251854
          0.251854
          0.251854
          0.251853
          0.251853
          0.251852
          0.251852
          0.251852
          0.251852
          0.251851
          0.251851
          0.251851
          0.251851
          0.251851
          0.251851
          0.251851
          0.251851
          0.251851
          0.251850
          0.251850
          0.251850
          0.251850
          0.251850
          0.251850
          0.251850
          0.251850
          0.251850
          0.251850
          0.251850
          0.251850
          0.251850
          0.251850
          0.251850
          0.251850
          0.251850
          0.251850
          0.251850
          0.251850
          0.251850
          0.251850
          0.251850
          0.251850
          0.251850
          0.251850
          0.251850
          0.251850
          0.251850
          0.251850
          0.251850
          0.251850
          0.251850
          0.251850
          0.251850
          0.251850
          0.251850
          0.251850
          0.251850
          0.251850
          0.251850
          0.251850
          0.251850
          0.251850
          0.251850
          0.251850
          0.251850
          0.251850
          0.251850
          0.251850
          0.251850
          0.251850
          0.251850
          0.251850
          0.251850
          0.251850
          0.251850
          0.251850
          0.251850
          0.251850
          0.251850
          0.251850
          0.251850
          0.251850
          0.251850
          0.251850
          0.251850
          0.251850
          0.251850
          0.251850
          0.251850
          0.251850
          0.251850
          0.251850
          0.251850
          0.251850
          0.251850
          0.251850
          0.251850
          0.251850
          0.251850
          0.251850
          0.251850
          0.251850
          0.251850
          0.251850
          0.251850
          0.251850
          0.251850
          0.251850
          0.251850
          0.251850
          0.251850
          0.251850
          0.251850
          0.251850
          0.251850
          0.251850
          0.251850
          0.251850
          0.251850
          0.251850
          0.251850
          0.251850
          0.251850
          0.251850
          0.251850
          0.251850
          0.251850
          0.251850
          0.251850
          0.251850
          0.251850
          0.251850
          0.251850
          0.251850
          0.251850
          0.251850
          0.251850
          0.251850
          0.251850
          0.251850
          0.251850
          0.251850
          0.251850
          0.251850
          0.251850
          0.251850
          0.251850
          0.251850
          0.251850
          0.251850
          0.251850
          0.251850
          0.251850
          0.251850
          0.251850
          0.251850
          0.251850
          0.251850
          0.251850
          0.251850
          0.251850
          0.251850
          0.251850
          0.251850
          0.251850
          0.251850
          0.251850
          0.251850
          0.251850
          0.251850
          0.251850
          0.251850
          0.251850
          0.251850
          0.251850
          0.251850
          0.251850
          0.251850
          0.251850
          0.251850
          0.251850
          0.251850
          0.251850
          0.251850
          0.251850
          0.251850
          0.251850
          0.251850
          0.251850
          0.251850
          0.251850
          0.251850
          0.251850
          0.251850
          0.251850
          0.251850
