          1.761539
          1.761656
          1.761746
          1.761806
          1.761838
          1.761849
          1.761842
          1.761823
          1.761795
          1.761762
          1.761726
          1.761689
          1.761653
          1.761618
          1.761585
          1.761555
          1.761528
          1.761503
          1.761482
          1.761462
          1.761445
          1.761431
          1.761418
          1.761407
          1.761398
          1.761390
          1.761384
          1.761379
          1.761374
          1.761371
          1.761369
          1.761367
          1.761365
          1.761365
          1.761364
          1.761364
          1.761365
          1.761365
          1.761366
          1.761367
          1.761369
          1.761370
          1.761371
          1.761373
          1.761374
          1.761376
          1.761378
          1.761379
          1.761381
          1.761383
          1.761385
          1.761386
          1.761388
          1.761389
          1.761391
          1.761393
          1.761394
          1.761396
          1.761397
          1.761398
          1.761400
          1.761401
          1.761402
          1.761403
          1.761405
          1.761406
          1.761407
          1.761408
          1.761409
          1.761410
          1.761411
          1.761412
          1.761412
          1.761413
          1.761414
          1.761415
          1.761415
          1.761416
          1.761417
          1.761417
          1.761418
          1.761419
          1.761419
          1.761420
          1.761420
          1.761421
          1.761421
          1.761422
          1.761422
          1.761423
          1.761423
          1.761423
          1.761424
          1.761424
          1.761425
          1.761425
          1.761425
          1.761425
          1.761426
          1.761426
          1.761426
          1.761427
          1.761427
          1.761427
          1.761427
          1.761427
          1.761427
          1.761428
          1.761428
          1.761428
          1.761428
          1.761428
          1.761428
          1.761428
          1.761429
          1.761429
          1.761429
          1.761429
          1.761429
          1.761429
          1.761429
          1.761429
          1.761429
          1.761429
          1.761430
          1.761430
          1.761430
          1.761430
          1.761430
          1.761430
          1.761430
          1.761430
          1.761430
          1.761430
          1.761430
          1.761431
          1.761431
          1.761431
          1.761431
          1.761431
          1.761431
          1.761431
          1.761431
          1.761431
          1.761431
          1.761431
          1.761431
          1.761431
          1.761431
          1.761431
          1.761431
          1.761431
          1.761431
          1.761431
          1.761431
          1.761431
          1.761431
          1.761431
          1.761431
          1.761431
          1.761431
          1.761431
          1.761431
          1.761431
          1.761431
          1.761431
          1.761431
          1.761431
          1.761431
          1.761431
          1.761431
          1.761431
          1.761431
          1.761431
          1.761431
          1.761432
          1.761432
          1.761432
          1.761432
          1.761432
          1.761432
          1.761432
          1.761432
          1.761432
          1.761432
          1.761432
          1.761432
          1.761432
          1.761432
          1.761432
          1.761432
          1.761432
          1.761432
          1.761432
          1.761432
          1.761432
          1.761432
          1.761432
          1.761432
          1.761431
          1.761431
          1.761431
          1.761431
          1.761431
          1.761431
          1.761431
          1.761431
          1.761431
          1.761431
          1.761431
          1.761431
          1.761431
          1.761431
          1.761431
          1.761431
          1.761432
          1.761432
          1.761432
          1.761432
          1.761432
          1.761432
          1.761432
          1.761432
          1.761432
          1.761432
          1.761432
          1.761432
          1.761432
          1.761432
          1.761432
          1.761432
          1.761432
          1.761432
          1.761432
          1.761432
          1.761432
          1.761432
          1.761432
          1.761432
          1.761432
          1.761432
          1.761431
          1.761431
          1.761431
          1.761431
          1.761431
          1.761431
          1.761431
          1.761431
          1.761431
          1.761431
          1.761431
