  8.653861453886077E-003  8.661568140960431E-003  8.661301191447592E-003
  8.660522689673617E-003  8.659588081727175E-003  8.658462308224738E-003
  8.657204605200917E-003  8.655887433296684E-003  8.654554049494357E-003
  8.653238383536491E-003  8.651967868601588E-003  8.650755116260820E-003
  8.649610713336494E-003  8.648542258177419E-003  8.647521354690378E-003
  8.646607224029407E-003  8.645771158672648E-003  8.645008092917740E-003
  8.644314399935864E-003  8.643684949253050E-003  8.643114723878610E-003
  8.642598353814352E-003  8.642130663258325E-003  8.641707360588344E-003
  8.641324535712780E-003  8.640978184089742E-003  8.640664869508098E-003
  8.640381551214932E-003  8.640125218273592E-003  8.639893144782316E-003
  8.639682881881078E-003  8.639492360837648E-003  8.639319681672329E-003
  8.639163018949344E-003  8.639020764019326E-003  8.638891592644230E-003
  8.638774144507182E-003  8.638667290473233E-003  8.638570020486212E-003
  8.638481409670972E-003  8.638400620266617E-003  8.638326874160317E-003
  8.638259499084195E-003  8.638197908303702E-003  8.638141531975329E-003
  8.638089968464347E-003  8.638042633975201E-003  8.637999228579038E-003
  8.637959277057010E-003  8.637922581179951E-003  8.637888835434621E-003
  8.637857632352535E-003  8.637828938236189E-003  8.637802322666742E-003
  8.637777745172572E-003  8.637754920630639E-003  8.637733812792462E-003
  8.637714167441182E-003  8.637695919752060E-003  8.637678890096085E-003
  8.637663066378382E-003  8.637648285437271E-003  8.637634467194006E-003
  8.637621560686317E-003  8.637609516608639E-003  8.637598168645877E-003
  8.637587616382069E-003  8.637577712096766E-003  8.637568412048444E-003
  8.637559735882282E-003  8.637551622775888E-003  8.637544037622616E-003
  8.637536914154543E-003  8.637530350015736E-003  8.637524185170510E-003
  8.637518434311011E-003  8.637513078912825E-003  8.637508160269071E-003
  8.637503550216540E-003  8.637499269539455E-003  8.637495329191548E-003
  8.637491643635940E-003  8.637488253963498E-003  8.637485103672404E-003
  8.637482175127185E-003  8.637479410790815E-003  8.637476832585577E-003
  8.637474408318415E-003  8.637472148219812E-003  8.637469900448247E-003
  8.637467783979230E-003  8.637465654804529E-003  8.637463630529991E-003
  8.637461615881021E-003  8.637459644439054E-003  8.637457613841175E-003
  8.637455623266170E-003  8.637453566871029E-003  8.637451525217766E-003
  8.637449350312191E-003  8.637447159874721E-003  8.637444967250033E-003
  8.637442744522807E-003  8.637440459497414E-003  8.637438148335112E-003
  8.637435859059442E-003  8.637433563690769E-003  8.637431286140146E-003
  8.637428985785118E-003  8.637426807977789E-003  8.637424663597485E-003
  8.637422586903200E-003  8.637420567279988E-003  8.637418726868172E-003
  8.637416979674113E-003  8.637415357454416E-003  8.637413872248263E-003
  8.637412563989441E-003  8.637411369953822E-003  8.637410369575306E-003
  8.637409546502278E-003  8.637408875482123E-003  8.637408368311287E-003
  8.637408005044008E-003  8.637407771824033E-003  8.637407652799117E-003
  8.637407708811169E-003  8.637407792011083E-003  8.637407973611228E-003
  8.637408218377256E-003  8.637408469535769E-003  8.637408746111897E-003
  8.637409038267294E-003  8.637409294790011E-003  8.637409482394977E-003
  8.637409603563713E-003  8.637409559981241E-003  8.637409499000416E-003
  8.637409247495840E-003  8.637408939759530E-003  8.637408457698796E-003
  8.637407757245702E-003  8.637406992429347E-003  8.637406110567600E-003
  8.637404964983978E-003  8.637403744727896E-003  8.637402427053823E-003
  8.637400972906325E-003  8.637399400673731E-003  8.637397818720773E-003
  8.637396159486388E-003  8.637394533576060E-003  8.637392856046073E-003
  8.637391258056213E-003  8.637389740117836E-003  8.637388309468025E-003
  8.637386940137321E-003  8.637385783495089E-003  8.637384751949711E-003
  8.637383902194090E-003  8.637383274860595E-003  8.637382858495758E-003
  8.637382647984531E-003  8.637382647134107E-003  8.637382913737487E-003
  8.637383305877110E-003  8.637384009050087E-003  8.637384824587131E-003
  8.637385855515873E-003  8.637387050925030E-003  8.637388307470168E-003
  8.637389671925224E-003  8.637391109473867E-003  8.637392578902220E-003
  8.637394009594795E-003  8.637395492205156E-003  8.637396841787227E-003
  8.637398084279251E-003  8.637399161200229E-003  8.637400071551588E-003
  8.637400797088097E-003  8.637401283575716E-003  8.637401556740842E-003
  8.637401547723817E-003  8.637401310570458E-003  8.637400792763884E-003
  8.637400016753276E-003  8.637398955029491E-003  8.637397689300177E-003
  8.637396220283070E-003  8.637394546881373E-003  8.637392731618492E-003
  8.637390750961911E-003  8.637388747407427E-003  8.637386653615761E-003
  8.637384555722298E-003  8.637382483240400E-003  8.637380516497947E-003
  8.637378622419783E-003  8.637376963370561E-003  8.637375473371374E-003
  8.637374210430813E-003  8.637373263637383E-003  8.637372592008476E-003
  8.637372243142323E-003  8.637372194816959E-003  8.637372523419713E-003
  8.637373174802144E-003  8.637374149193229E-003  8.637375431102767E-003
  8.637377030509813E-003  8.637378874571161E-003  8.637380939914738E-003
  8.637383182512674E-003  8.637385553122068E-003  8.637388042784614E-003
  8.637390536958802E-003  8.637393057265944E-003  8.637395453978125E-003
  8.637397760518011E-003  8.637399883523087E-003  8.637401748594902E-003
  8.637403288264808E-003  8.637404525860742E-003  8.637405420702435E-003
  8.637405873393471E-003  8.637405937026240E-003  8.637405505363649E-003
  8.637404742311830E-003  8.637403475246384E-003  8.637401757303882E-003
  8.637399632223243E-003  8.637397159380295E-003  8.637394320372607E-003
  8.637391173333279E-003  8.637387791044771E-003  8.637384207007812E-003
  8.637380480013706E-003  8.637376686706309E-003  8.637372871286669E-003
  8.637369085188924E-003  8.637365483958968E-003  8.637361956524588E-003
  8.637358699135681E-003  8.637355654127082E-003  8.637352967023290E-003
  8.637350558232181E-003  8.637348409352319E-003  8.637346561302659E-003
  8.637345002253417E-003  8.637343639784276E-003  8.637342547137888E-003
   1.00013320194657        1.00013121848468        1.00012513139039     
   1.00011772125728        1.00010948293984        1.00010077572388     
   1.00009192585190        1.00008319048702        1.00007475508611     
   1.00006674833215        1.00005925210191        1.00005231062390     
   1.00004594170276        1.00004014289032        1.00003489699889     
   1.00003018694248        1.00002597019232        1.00002220947911     
   1.00001886705175        1.00001590536300        1.00001328834748     
   1.00001098192494        1.00000895446529        1.00000717693476     
   1.00000562271299        1.00000426750529        1.00000308936526     
   1.00000206847289        1.00000118695147        1.00000042879269     
  0.999999779694235       0.999999226897108       0.999998758990108     
  0.999998365787740       0.999998038243388       0.999997768320991     
  0.999997548849735       0.999997373487112       0.999997236600369     
  0.999997133188278       0.999997058818424       0.999997009567674     
  0.999996981974949       0.999996972981727       0.999996979881456     
  0.999997000294444       0.999997032097072       0.999997073465477     
  0.999997122769814       0.999997178617942       0.999997239755445     
  0.999997305091053       0.999997373721304       0.999997444802183     
  0.999997517670375       0.999997591711442       0.999997666432752     
  0.999997741378750       0.999997816197166       0.999997890574281     
  0.999997964267832       0.999998037049999       0.999998108753593     
  0.999998179242920       0.999998248401595       0.999998316130132     
  0.999998382381788       0.999998447075004       0.999998510172204     
  0.999998571645004       0.999998631452596       0.999998689566944     
  0.999998745964357       0.999998800635088       0.999998853530260     
  0.999998904645435       0.999998953964255       0.999999001468813     
  0.999999047121498       0.999999090920454       0.999999132851839     
  0.999999172893652       0.999999211047242       0.999999247297987     
  0.999999281647587       0.999999314102288       0.999999344686747     
  0.999999373418509       0.999999400326521       0.999999425438659     
  0.999999448834250       0.999999470556490       0.999999490697250     
  0.999999509312897       0.999999526493269       0.999999542320645     
  0.999999556913097       0.999999570359319       0.999999582784219     
  0.999999594288455       0.999999605021216       0.999999615092772     
  0.999999624607488       0.999999633676806       0.999999642419844     
  0.999999650939709       0.999999659318975       0.999999667643722     
  0.999999675985957       0.999999684423521       0.999999692978782     
  0.999999701694547       0.999999710593767       0.999999719693328     
  0.999999728961111       0.999999738383849       0.999999747929134     
  0.999999757552050       0.999999767186559       0.999999776779512     
  0.999999786245084       0.999999795496970       0.999999804452906     
  0.999999813023818       0.999999821125459       0.999999828677330     
  0.999999835604343       0.999999841813860       0.999999847264494     
  0.999999851895898       0.999999855664767       0.999999858552968     
  0.999999860543414       0.999999861630342       0.999999861833804     
  0.999999861194269       0.999999859760772       0.999999857622910     
  0.999999854831158       0.999999851500194       0.999999847709342     
  0.999999843583581       0.999999839268072       0.999999834862284     
  0.999999830486489       0.999999826311033       0.999999822444881     
  0.999999819003036       0.999999816110466       0.999999813881335     
  0.999999812388172       0.999999811717498       0.999999811911780     
  0.999999813030803       0.999999815080692       0.999999818055527     
  0.999999821935399       0.999999826695931       0.999999832250905     
  0.999999838529822       0.999999845431870       0.999999852831640     
  0.999999860597357       0.999999868590226       0.999999876662688     
  0.999999884642953       0.999999892400880       0.999999899744290     
  0.999999906545153       0.999999912644239       0.999999917903241     
  0.999999922223348       0.999999925498355       0.999999927642945     
  0.999999928596483       0.999999928333623       0.999999926813600     
  0.999999924070973       0.999999920147912       0.999999915121266     
  0.999999909083844       0.999999902148925       0.999999894461607     
  0.999999886171912       0.999999877464142       0.999999868515205     
  0.999999859527537       0.999999850702263       0.999999842253070     
  0.999999834367698       0.999999827232084       0.999999821028856     
  0.999999815914041       0.999999812042162       0.999999809510291     
  0.999999808423896       0.999999808845515       0.999999810810924     
  0.999999814311442       0.999999819329678       0.999999825775679     
  0.999999833560825       0.999999842557731       0.999999852591055     
  0.999999863481379       0.999999875017918       0.999999886982568     
  0.999999899120121       0.999999911183677       0.999999922920078     
  0.999999934077651       0.999999944401389       0.999999953662905     
  0.999999961647796       0.999999968165410       0.999999973053235     
  0.999999976166852       0.999999977416544       0.999999976726238     
  0.999999974090707       0.999999969517620       0.999999963069915     
  0.999999954860155       0.999999945047352       0.999999933806641     
  0.999999921349741       0.999999907942037       0.999999893851105     
  0.999999879395231       0.999999864853546       0.999999850571796     
  0.999999836885319       0.999999824117366       0.999999812570370     
  0.999999802547298       0.999999794322765       0.999999788134053     
  0.999999784190274       0.999999782660825       0.999999783666201     
  0.999999787286218       0.999999793555289       0.999999802427531     
  0.999999813862084       0.999999827723875       0.999999843865348     
  0.999999862062187       0.999999882087874       0.999999903695513     
  0.999999926599037       0.999999950491962       0.999999975074319     
   1.50985553837141        1.51065768457652        1.51080275158661     
   1.51082175806960        1.51078391294450        1.51071177622991     
   1.51062296720000        1.51052934589939        1.51043720728720     
   1.51035026554316        1.51027058961198        1.51019866964533     
   1.51013454756644        1.51007795236101        1.51002654101530     
   1.50998328966405        1.50994587199907        1.50991349758452     
   1.50988558508651        1.50986156834228        1.50984096854668     
   1.50982333828117        1.50980827465602        1.50979545774674     
   1.50978461333851        1.50977547877465        1.50976783957139     
   1.50976151100155        1.50975631959903        1.50975211441884     
   1.50974876191811        1.50974615509626        1.50974419689771     
   1.50974279678115        1.50974187645742        1.50974137358595     
   1.50974122448761        1.50974137818677        1.50974179021274     
   1.50974242041044        1.50974323378865        1.50974419782548     
   1.50974528501421        1.50974647397198        1.50974774297589     
   1.50974907861770        1.50975045635133        1.50975186890602     
   1.50975329865114        1.50975474165187        1.50975618886885     
   1.50975762408896        1.50975905319081        1.50976045823634     
   1.50976184337195        1.50976319868772        1.50976452805167     
   1.50976582246888        1.50976708325811        1.50976830574811     
   1.50976949404980        1.50977064366403        1.50977175388238     
   1.50977282619793        1.50977386238777        1.50977485663474     
   1.50977581869231        1.50977674329728        1.50977763178384     
   1.50977848804800        1.50977931241844        1.50978010619865     
   1.50978086777938        1.50978160604026        1.50978231452945     
   1.50978299682419        1.50978365496575        1.50978429317551     
   1.50978490647411        1.50978549869121        1.50978607176844     
   1.50978662460010        1.50978716025115        1.50978767717563     
   1.50978817724838        1.50978865769503        1.50978912236571     
   1.50978957040652        1.50979000364722        1.50979041461633     
   1.50979081207937        1.50979118849756        1.50979155163242     
   1.50979189672667        1.50979222632423        1.50979253577618     
   1.50979283098172        1.50979310645858        1.50979336789858     
   1.50979360656058        1.50979383040633        1.50979403980779     
   1.50979423390237        1.50979441077857        1.50979457351469     
   1.50979472472511        1.50979486277457        1.50979499003743     
   1.50979510309165        1.50979521197336        1.50979531100071     
   1.50979540333813        1.50979548818476        1.50979557328607     
   1.50979565342371        1.50979573187297        1.50979580901922     
   1.50979588846641        1.50979596616990        1.50979604802131     
   1.50979613378797        1.50979622216413        1.50979631483274     
   1.50979641052953        1.50979650953702        1.50979661166461     
   1.50979672075633        1.50979682809818        1.50979693999219     
   1.50979705399738        1.50979716656206        1.50979727955475     
   1.50979739281036        1.50979750333034        1.50979760884719     
   1.50979771035475        1.50979780180375        1.50979789206242     
   1.50979797028458        1.50979804451405        1.50979810737108     
   1.50979815570941        1.50979819873467        1.50979823325963     
   1.50979824905152        1.50979825837030        1.50979825824576     
   1.50979824638491        1.50979822352688        1.50979819587729     
   1.50979815960779        1.50979811978620        1.50979807170140     
   1.50979802305997        1.50979797415728        1.50979792445037     
   1.50979787335322        1.50979782969942        1.50979778860131     
   1.50979775355764        1.50979772756734        1.50979771036882     
   1.50979770211947        1.50979770382803        1.50979771901998     
   1.50979774028504        1.50979777926759        1.50979782456694     
   1.50979788345224        1.50979795265623        1.50979802774382     
   1.50979811206607        1.50979820321447        1.50979829935315     
   1.50979839644109        1.50979850085307        1.50979860106542     
   1.50979869928393        1.50979879187056        1.50979887742813     
   1.50979895618127        1.50979902388372        1.50979908211026     
   1.50979912529637        1.50979915716560        1.50979917266772     
   1.50979917395163        1.50979915708022        1.50979912726126     
   1.50979908372727        1.50979902499112        1.50979895445350     
   1.50979886974816        1.50979877897969        1.50979867792259     
   1.50979857094276        1.50979845941762        1.50979834847654     
   1.50979823515894        1.50979812964275        1.50979802770947     
   1.50979793385456        1.50979785396932        1.50979778508207     
   1.50979773114204        1.50979769133485        1.50979767206318     
   1.50979767037806        1.50979768703763        1.50979772237390     
   1.50979777752759        1.50979784979018        1.50979793878431     
   1.50979804246980        1.50979815897976        1.50979828831684     
   1.50979842518886        1.50979857083020        1.50979871624129     
   1.50979886440573        1.50979900926428        1.50979914632133     
   1.50979927189831        1.50979938771509        1.50979948937302     
   1.50979957103071        1.50979963518251        1.50979967429676     
   1.50979969701362        1.50979969181716        1.50979966117994     
   1.50979960678829        1.50979953077702        1.50979943091399     
   1.50979930944202        1.50979917008839        1.50979901396418     
   1.50979884339493        1.50979866346001        1.50979847588906     
   1.50979828355779        1.50979809609818        1.50979790795435     
   1.50979773043103        1.50979756120319        1.50979741030276     
   1.50979727470790        1.50979715408779        1.50979705403466     
   1.50979697538441        1.50979691532112        1.50979688260483     
  0.680678004493454       0.680728912816208       0.680645029269745     
  0.680594698552082       0.680577181196918       0.680581688648877     
  0.680601300832823       0.680631105275925       0.680667067386052     
  0.680706300929342       0.680746823040114       0.680787115549968     
  0.680826232964318       0.680863614908320       0.680898189176708     
  0.680931223938726       0.680962034601313       0.680990601376056     
  0.681017015356641       0.681041378382274       0.681063818195506     
  0.681084459382121       0.681103424780613       0.681120848283221     
  0.681136859684291       0.681151571508553       0.681165094595171     
  0.681177532790293       0.681188976494021       0.681199508856678     
  0.681209205647230       0.681218139978231       0.681226377404536     
  0.681233975399654       0.681240986929802       0.681247462999487     
  0.681253446414751       0.681258978273593       0.681264096216944     
  0.681268834158468       0.681273223091587       0.681277290615776     
  0.681281062403696       0.681284562843534       0.681287813066493     
  0.681290834740514       0.681293642445129       0.681296255172303     
  0.681298685608442       0.681300950231267       0.681303061637546     
  0.681305027980280       0.681306864856757       0.681308577050490     
  0.681310177095206       0.681311670795693       0.681313068617120     
  0.681314375006956       0.681315597825645       0.681316741757280     
  0.681317814454363       0.681318819528180       0.681319761664690     
  0.681320645924227       0.681321477019041       0.681322256266711     
  0.681322990897123       0.681323681854250       0.681324332339201     
  0.681324946434019       0.681325526449046       0.681326074875465     
  0.681326592944915       0.681327085803594       0.681327552302351     
  0.681327995155939       0.681328416248412       0.681328818389182     
  0.681329200449263       0.681329564705997       0.681329912726841     
  0.681330244481721       0.681330561850579       0.681330864704165     
  0.681331154073298       0.681331429280546       0.681331692071335     
  0.681331942435893       0.681332181364761       0.681332406056833     
  0.681332620148147       0.681332820828545       0.681333011412885     
  0.681333190230437       0.681333358525720       0.681333514576022     
  0.681333661006684       0.681333795860696       0.681333921608450     
  0.681334035033616       0.681334139524815       0.681334235611433     
  0.681334323212887       0.681334401891692       0.681334473101920     
  0.681334538265286       0.681334597077202       0.681334650712708     
  0.681334698222403       0.681334743782843       0.681334785492164     
  0.681334824742207       0.681334861477004       0.681334898966511     
  0.681334935358667       0.681334971981711       0.681335009148369     
  0.681335048268655       0.681335087816145       0.681335130055867     
  0.681335174819367       0.681335221541593       0.681335270692311     
  0.681335321670811       0.681335374348654       0.681335428405539     
  0.681335485199522       0.681335541046451       0.681335598028051     
  0.681335655012475       0.681335710396655       0.681335764644394     
  0.681335817475275       0.681335867524051       0.681335913753023     
  0.681335956340531       0.681335992774044       0.681336026521337     
  0.681336053304562       0.681336076322183       0.681336092745883     
  0.681336101406454       0.681336106106015       0.681336105788120     
  0.681336096680270       0.681336083766840       0.681336066313867     
  0.681336043687429       0.681336016498508       0.681335987552055     
  0.681335955630505       0.681335923238248       0.681335888768620     
  0.681335855585125       0.681335824079754       0.681335794394504     
  0.681335766392727       0.681335743807336       0.681335724812926     
  0.681335710869264       0.681335703175001       0.681335701599379     
  0.681335706100625       0.681335716885275       0.681335735214232     
  0.681335757826152       0.681335789054869       0.681335824054201     
  0.681335865268082       0.681335911105529       0.681335959234780     
  0.681336010534536       0.681336063717307       0.681336117621673     
  0.681336170221965       0.681336223656025       0.681336273057992     
  0.681336318922242       0.681336359565432       0.681336394357893     
  0.681336423129164       0.681336444195065       0.681336458155512     
  0.681336462978232       0.681336460205632       0.681336448184699     
  0.681336427914008       0.681336398315637       0.681336361780647     
  0.681336318481927       0.681336268384545       0.681336213344778     
  0.681336152964997       0.681336091026118       0.681336026350692     
  0.681335961232007       0.681335896698265       0.681335835224615     
  0.681335776098257       0.681335723695705       0.681335676671407     
  0.681335636902875       0.681335606857835       0.681335585498711     
  0.681335574278012       0.681335572734780       0.681335583078428     
  0.681335603896614       0.681335635079561       0.681335676243307     
  0.681335727359403       0.681335786683346       0.681335853412879     
  0.681335926087338       0.681336003243858       0.681336084241193     
  0.681336166188115       0.681336249012242       0.681336328558766     
  0.681336405406728       0.681336476730139       0.681336540354655     
  0.681336594409168       0.681336639312385       0.681336673399625     
  0.681336694277776       0.681336703072880       0.681336697048163     
  0.681336680053854       0.681336647995568       0.681336602355947     
  0.681336544436970       0.681336475871076       0.681336396597380     
  0.681336308352718       0.681336213491544       0.681336113375741     
  0.681336009875514       0.681335905791462       0.681335802709052     
  0.681335702574361       0.681335609930981       0.681335523120443     
  0.681335447264499       0.681335381818988       0.681335331083983     
  0.681335293996607       0.681335270518681       0.681335262613186     
  0.681335270432529       0.681335292404075       0.681335331269085     
 -3.758037684737338E-003 -5.945900331120865E-004 -6.666934340653420E-004
 -6.778001571402155E-004 -6.598222987462212E-004 -6.229719756286042E-004
 -5.758296908405904E-004 -5.245157106258377E-004 -4.725241951101981E-004
 -4.220890073596914E-004 -3.746034775689505E-004 -3.306195296616872E-004
 -2.904100188667463E-004 -2.540371345569093E-004 -2.204509755414735E-004
 -1.912780573871461E-004 -1.654116210192652E-004 -1.424950016801596E-004
 -1.222543692243993E-004 -1.044058807941130E-004 -8.869801366724665E-005
 -7.488768907720803E-005 -6.275040737107185E-005 -5.210146311990057E-005
 -4.277824407955477E-005 -3.462380131881032E-005 -2.750609408129528E-005
 -2.130941968062913E-005 -1.592469350509849E-005 -1.125553386968815E-005
 -7.216022447551372E-006 -3.735004742465842E-006 -7.478490857363032E-007
  1.805599080610841E-006  3.977942511501585E-006  5.812459636508678E-006
  7.352167555884343E-006  8.632621846955600E-006  9.685179937172873E-006
  1.053819948504235E-005  1.121674706041949E-005  1.174393359667369E-005
  1.213966276209111E-005  1.242030318316467E-005  1.260185481463678E-005
  1.269555309309023E-005  1.271802371457691E-005  1.267672549540165E-005
  1.258412267543659E-005  1.244519675929809E-005  1.226745600074636E-005
  1.206180663078145E-005  1.182760764593879E-005  1.157625336214608E-005
  1.130757233346851E-005  1.102850594264827E-005  1.073875570003216E-005
  1.044451655516016E-005  1.014649322257337E-005  9.848466018356372E-006
  9.549544790533740E-006  9.253209594877655E-006  8.960831035054993E-006
  8.672631346224160E-006  8.388654643371142E-006  8.112755774262222E-006
  7.840707383056918E-006  7.575930462155810E-006  7.318453173300284E-006
  7.066869213015876E-006  6.821681368768415E-006  6.582841798866625E-006
  6.351649017034788E-006  6.124064550053462E-006  5.903943827290632E-006
  5.689916064210128E-006  5.481377988307042E-006  5.276531760400501E-006
  5.078366418324098E-006  4.885305754302418E-006  4.696632792061232E-006
  4.513423072842179E-006  4.334303411285137E-006  4.160360460940986E-006
  3.991023057120941E-006  3.827882939385613E-006  3.669300899443074E-006
  3.515894757353711E-006  3.366946247995735E-006  3.226505375184825E-006
  3.090291615961884E-006  2.962307853423802E-006  2.838699732601883E-006
  2.722052018700643E-006  2.611149430719321E-006  2.508543804678417E-006
  2.411257560161788E-006  2.322180921003894E-006  2.238525592834706E-006
  2.164808077083361E-006  2.096977224851608E-006  2.034811718185101E-006
  1.978841495996758E-006  1.930029380642970E-006  1.886865616363203E-006
  1.847990236449742E-006  1.814213036501411E-006  1.784425186143797E-006
  1.760263393295254E-006  1.736705440335485E-006  1.716603496458357E-006
  1.698422905909089E-006  1.682569218094216E-006  1.665112674086640E-006
  1.648718573944851E-006  1.631842414646719E-006  1.614277641498944E-006
  1.594290951910478E-006  1.573942293580109E-006  1.550319625052039E-006
  1.523641216722757E-006  1.494640513055731E-006  1.462581924137667E-006
  1.428140974001993E-006  1.391311400820391E-006  1.352285171979314E-006
  1.309154673985049E-006  1.266433968826796E-006  1.221114214526361E-006
  1.174437507531046E-006  1.128276719266323E-006  1.081787320180930E-006
  1.035086108242703E-006  9.897611341784081E-007  9.469884751937609E-007
  9.063340707984132E-007  8.708916665251328E-007  8.361229422428832E-007
  8.075227589743207E-007  7.809843462390831E-007  7.602844205774113E-007
  7.469823218783279E-007  7.363041282394345E-007  7.298817302651541E-007
  7.328060247241838E-007  7.388288611900248E-007  7.492749202291794E-007
  7.653134781580683E-007  7.864989654114100E-007  8.095784819448905E-007
  8.364798140448869E-007  8.644443779120134E-007  8.958781550985609E-007
  9.268013112634366E-007  9.570654324652969E-007  9.868579770309681E-007
  1.016513885116519E-006  1.041489629914750E-006  1.064337849580631E-006
  1.083239262431101E-006  1.096715533028112E-006  1.104969802637688E-006
  1.107973836179617E-006  1.105338510877650E-006  1.095296892690964E-006
  1.081747197136190E-006  1.058824991798075E-006  1.032483677385917E-006
  9.991303662684130E-007  9.604721512584133E-007  9.190025718225085E-007
  8.730907748567614E-007  8.239860021389842E-007  7.727463565394659E-007
  7.215084199689096E-007  6.671161842116264E-007  6.154989668735523E-007
  5.656134306833408E-007  5.193432202961066E-007  4.772825782371782E-007
  4.394299156674718E-007  4.078762404066807E-007  3.818079230532573E-007
  3.639362249236830E-007  3.523659992820218E-007  3.494792169027556E-007
  3.542114190442569E-007  3.683233420136661E-007  3.891143372758241E-007
  4.168335659000719E-007  4.520941649809053E-007  4.930612795971914E-007
  5.408030567838763E-007  5.910772751720306E-007  6.459731042914971E-007
  7.031166051701527E-007  7.617114504301825E-007  8.191029236252606E-007
  8.767082046926728E-007  9.292928613734569E-007  9.790021061964416E-007
  1.023594439025571E-006  1.060109029012805E-006  1.090044738008191E-006
  1.111495705481432E-006  1.124939751319796E-006  1.127294642595958E-006
  1.120179701674890E-006  1.103325126604163E-006  1.076756822368138E-006
  1.039979479873108E-006  9.946162653136627E-007  9.410447737764209E-007
  8.804220922346727E-007  8.138942296575272E-007  7.415737235561020E-007
  6.663854057205693E-007  5.877810722559207E-007  5.104371415216637E-007
  4.329792120815792E-007  3.585274050425920E-007  2.894266627131111E-007
  2.276049149757137E-007  1.722275484628744E-007  1.253765440442761E-007
  9.004950053729195E-008  6.489375684172278E-008  5.362181816218116E-008
  5.167172834954188E-008  6.480415855921346E-008  9.162010076853785E-008
  1.310845572014316E-007  1.819191342028002E-007  2.450972612958691E-007
  3.192708968108518E-007  4.024195738566822E-007  4.938312117853279E-007
  5.921206123681425E-007  6.946708107689786E-007  8.005127152531596E-007
  9.081174268136882E-007  1.012557150211467E-006  1.116822292271018E-006
  1.215109120005209E-006  1.308783845642898E-006  1.392876878787693E-006
  1.469245311393534E-006  1.538317240646800E-006  1.597611753278689E-006
  1.646993797930007E-006  1.688320778128068E-006  1.717668823690963E-006
