         13.861634
         13.855127
         13.855316
         13.855476
         13.855629
         13.855783
         13.855937
         13.856091
         13.856243
         13.856390
         13.856532
         13.856668
         13.856798
         13.856922
         13.857039
         13.857149
         13.857254
         13.857354
         13.857447
         13.857536
         13.857620
         13.857700
         13.857776
         13.857849
         13.857918
         13.857984
         13.858047
         13.858108
         13.858167
         13.858224
         13.858279
         13.858332
         13.858384
         13.858435
         13.858485
         13.858534
         13.858581
         13.858628
         13.858673
         13.858718
         13.858761
         13.858804
         13.858845
         13.858885
         13.858924
         13.858962
         13.858998
         13.859033
         13.859067
         13.859100
         13.859132
         13.859163
         13.859193
         13.859222
         13.859251
         13.859279
         13.859307
         13.859334
         13.859361
         13.859388
         13.859414
         13.859440
         13.859466
         13.859491
         13.859516
         13.859541
         13.859566
         13.859591
         13.859615
         13.859639
         13.859663
         13.859686
         13.859709
         13.859732
         13.859755
         13.859777
         13.859800
         13.859822
         13.859844
         13.859865
         13.859886
         13.859907
         13.859928
         13.859949
         13.859969
         13.859990
         13.860009
         13.860029
         13.860049
         13.860068
         13.860087
         13.860106
         13.860125
         13.860143
         13.860161
         13.860179
         13.860197
         13.860214
         13.860232
         13.860249
         13.860266
         13.860283
         13.860299
         13.860315
         13.860332
         13.860348
         13.860363
         13.860379
         13.860394
         13.860410
         13.860425
         13.860440
         13.860454
         13.860469
         13.860484
         13.860498
         13.860512
         13.860526
         13.860540
         13.860553
         13.860567
         13.860580
         13.860594
         13.860607
         13.860620
         13.860633
         13.860645
         13.860658
         13.860670
         13.860682
         13.860694
         13.860706
         13.860718
         13.860729
         13.860741
         13.860752
         13.860763
         13.860774
         13.860785
         13.860795
         13.860806
         13.860816
         13.860826
         13.860836
         13.860846
         13.860856
         13.860865
         13.860875
         13.860884
         13.860893
         13.860903
         13.860912
         13.860921
         13.860930
         13.860939
         13.860947
         13.860956
         13.860965
         13.860974
         13.860982
         13.860991
         13.860999
         13.861007
         13.861016
         13.861024
         13.861032
         13.861040
         13.861048
         13.861055
         13.861063
         13.861070
         13.861077
         13.861084
         13.861091
         13.861098
         13.861104
         13.861111
         13.861117
         13.861123
         13.861128
         13.861134
         13.861139
         13.861145
         13.861150
         13.861155
         13.861160
         13.861165
         13.861170
         13.861175
         13.861179
         13.861184
         13.861189
         13.861194
         13.861199
         13.861204
         13.861209
         13.861214
         13.861220
         13.861225
         13.861230
         13.861235
         13.861241
         13.861246
         13.861251
         13.861256
         13.861261
         13.861266
         13.861270
         13.861274
         13.861278
         13.861282
         13.861285
         13.861288
         13.861291
         13.861293
         13.861295
         13.861297
         13.861298
         13.861299
         13.861299
         13.861300
         13.861300
         13.861299
         13.861299
         13.861298
         13.861298
         13.861297
         13.861297
         13.861296
         13.861296
         13.861296
         13.861296
         13.861296
         13.861297
         13.861298
         13.861299
         13.861301
         13.861303
         13.861305
         13.861307
         13.861309
         13.861311
         13.861313
         13.861314
         13.861316
         13.861316
         13.861317
         13.861316
         13.861315
         13.861313
         13.861310
         13.861305
         13.861300
