          1.376775
          1.377732
          1.377742
          1.377687
          1.377609
          1.377527
          1.377449
          1.377377
          1.377312
          1.377255
          1.377203
          1.377158
          1.377117
          1.377081
          1.377049
          1.377020
          1.376995
          1.376972
          1.376951
          1.376933
          1.376916
          1.376902
          1.376888
          1.376876
          1.376866
          1.376856
          1.376847
          1.376840
          1.376833
          1.376826
          1.376821
          1.376815
          1.376811
          1.376807
          1.376803
          1.376799
          1.376796
          1.376794
          1.376791
          1.376789
          1.376787
          1.376785
          1.376784
          1.376782
          1.376781
          1.376780
          1.376779
          1.376779
          1.376778
          1.376778
          1.376777
          1.376777
          1.376776
          1.376776
          1.376776
          1.376775
          1.376775
          1.376775
          1.376774
          1.376774
          1.376774
          1.376774
          1.376774
          1.376773
          1.376773
          1.376773
          1.376773
          1.376773
          1.376773
          1.376773
          1.376773
          1.376773
          1.376772
          1.376772
          1.376772
          1.376772
          1.376772
          1.376772
          1.376772
          1.376772
          1.376772
          1.376772
          1.376772
          1.376772
          1.376772
          1.376772
          1.376772
          1.376772
          1.376772
          1.376772
          1.376772
          1.376773
          1.376773
          1.376773
          1.376773
          1.376773
          1.376773
          1.376773
          1.376773
          1.376773
          1.376773
          1.376773
          1.376773
          1.376773
          1.376773
          1.376773
          1.376773
          1.376773
          1.376773
          1.376773
          1.376773
          1.376773
          1.376773
          1.376773
          1.376773
          1.376773
          1.376773
          1.376773
          1.376773
          1.376773
          1.376773
          1.376773
          1.376773
          1.376773
          1.376773
          1.376773
          1.376773
          1.376773
          1.376773
          1.376773
          1.376774
          1.376774
          1.376774
          1.376774
          1.376774
          1.376774
          1.376774
          1.376774
          1.376774
          1.376774
          1.376774
          1.376774
          1.376774
          1.376774
          1.376774
          1.376774
          1.376774
          1.376774
          1.376774
          1.376774
          1.376774
          1.376774
          1.376774
          1.376774
          1.376774
          1.376774
          1.376774
          1.376774
          1.376774
          1.376774
          1.376774
          1.376774
          1.376774
          1.376774
          1.376774
          1.376774
          1.376774
          1.376774
          1.376774
          1.376774
          1.376774
          1.376774
          1.376774
          1.376774
          1.376774
          1.376774
          1.376774
          1.376774
          1.376774
          1.376774
          1.376775
          1.376775
          1.376775
          1.376775
          1.376775
          1.376775
          1.376775
          1.376775
          1.376775
          1.376775
          1.376775
          1.376775
          1.376775
          1.376775
          1.376775
          1.376774
          1.376774
          1.376774
          1.376774
          1.376774
          1.376774
          1.376774
          1.376774
          1.376774
          1.376774
          1.376774
          1.376774
          1.376774
          1.376774
          1.376774
          1.376774
          1.376775
          1.376775
          1.376775
          1.376775
          1.376775
          1.376775
          1.376775
          1.376775
          1.376775
          1.376775
          1.376775
          1.376775
          1.376775
          1.376775
          1.376775
          1.376775
          1.376775
          1.376775
          1.376775
          1.376775
          1.376775
          1.376775
          1.376775
          1.376775
          1.376775
          1.376775
          1.376774
          1.376774
          1.376774
          1.376774
          1.376774
          1.376774
          1.376774
          1.376774
          1.376774
          1.376774
          1.376774
          1.376774
          1.376774
          1.376775
          1.376775
          1.376775
