         -0.005768
         -0.000958
         -0.000843
         -0.000746
         -0.000664
         -0.000593
         -0.000532
         -0.000479
         -0.000433
         -0.000392
         -0.000356
         -0.000324
         -0.000295
         -0.000269
         -0.000246
         -0.000224
         -0.000205
         -0.000187
         -0.000171
         -0.000156
         -0.000142
         -0.000130
         -0.000118
         -0.000108
         -0.000099
         -0.000091
         -0.000083
         -0.000076
         -0.000070
         -0.000065
         -0.000060
         -0.000056
         -0.000053
         -0.000050
         -0.000047
         -0.000045
         -0.000043
         -0.000042
         -0.000040
         -0.000039
         -0.000038
         -0.000037
         -0.000036
         -0.000035
         -0.000033
         -0.000032
         -0.000030
         -0.000029
         -0.000027
         -0.000026
         -0.000017
         -0.000017
         -0.000017
         -0.000017
         -0.000017
         -0.000017
         -0.000017
         -0.000017
         -0.000017
         -0.000017
         -0.000017
         -0.000017
         -0.000016
         -0.000016
         -0.000016
         -0.000016
         -0.000016
         -0.000015
         -0.000015
         -0.000015
         -0.000015
         -0.000015
         -0.000015
         -0.000014
         -0.000014
         -0.000014
         -0.000014
         -0.000014
         -0.000014
         -0.000013
         -0.000013
         -0.000013
         -0.000013
         -0.000013
         -0.000013
         -0.000012
         -0.000012
         -0.000012
         -0.000012
         -0.000012
         -0.000012
         -0.000012
         -0.000011
         -0.000011
         -0.000011
         -0.000011
         -0.000011
         -0.000011
         -0.000011
         -0.000010
         -0.000010
         -0.000010
         -0.000010
         -0.000010
         -0.000010
         -0.000010
         -0.000009
         -0.000009
         -0.000009
         -0.000009
         -0.000009
         -0.000009
         -0.000009
         -0.000009
         -0.000009
         -0.000008
         -0.000008
         -0.000008
         -0.000008
         -0.000008
         -0.000008
         -0.000008
         -0.000008
         -0.000008
         -0.000008
         -0.000008
         -0.000007
         -0.000007
         -0.000007
         -0.000007
         -0.000007
         -0.000007
         -0.000007
         -0.000007
         -0.000007
         -0.000007
         -0.000007
         -0.000006
         -0.000006
         -0.000006
         -0.000006
         -0.000006
         -0.000006
         -0.000006
         -0.000006
         -0.000006
         -0.000005
         -0.000005
         -0.000005
         -0.000005
         -0.000005
         -0.000005
         -0.000005
         -0.000005
         -0.000005
         -0.000005
         -0.000005
         -0.000005
         -0.000005
         -0.000005
         -0.000005
         -0.000005
         -0.000005
         -0.000005
         -0.000005
         -0.000005
         -0.000005
         -0.000005
         -0.000005
         -0.000005
         -0.000005
         -0.000005
         -0.000005
         -0.000005
         -0.000004
         -0.000004
         -0.000004
         -0.000004
         -0.000004
         -0.000004
         -0.000004
         -0.000003
         -0.000003
         -0.000003
         -0.000003
         -0.000003
         -0.000003
         -0.000003
         -0.000002
         -0.000002
         -0.000002
         -0.000002
         -0.000002
         -0.000002
         -0.000002
         -0.000002
         -0.000003
         -0.000003
         -0.000003
         -0.000003
         -0.000003
         -0.000003
         -0.000004
         -0.000004
         -0.000004
         -0.000004
         -0.000004
         -0.000004
         -0.000005
         -0.000005
         -0.000005
         -0.000005
         -0.000004
         -0.000004
         -0.000004
         -0.000004
         -0.000004
         -0.000003
         -0.000003
         -0.000003
         -0.000002
         -0.000002
         -0.000001
         -0.000001
         -0.000001
         -0.000000
         -0.000000
          0.000000
          0.000000
          0.000000
          0.000000
          0.000000
         -0.000000
         -0.000000
         -0.000001
         -0.000001
         -0.000002
         -0.000002
         -0.000003
         -0.000004
         -0.000005
         -0.000005
         -0.000006
         -0.000007
         -0.000007
         -0.000008
         -0.000009
         -0.000009
         -0.000009
         -0.000009
         -0.000009
         -0.000009
