          0.002690
          0.002681
          0.002651
          0.002628
          0.002603
          0.002578
          0.002553
          0.002528
          0.002502
          0.002478
          0.002453
          0.002428
          0.002404
          0.002380
          0.002356
          0.002333
          0.002309
          0.002286
          0.002263
          0.002241
          0.002218
          0.002196
          0.002174
          0.002152
          0.002131
          0.002109
          0.002088
          0.002068
          0.002047
          0.002026
          0.002006
          0.001986
          0.001966
          0.001947
          0.001927
          0.001908
          0.001889
          0.001870
          0.001851
          0.001833
          0.001814
          0.001796
          0.001778
          0.001760
          0.001743
          0.001725
          0.001708
          0.001691
          0.001674
          0.001657
          0.001641
          0.001624
          0.001608
          0.001592
          0.001576
          0.001560
          0.001545
          0.001529
          0.001514
          0.001499
          0.001484
          0.001469
          0.001454
          0.001440
          0.001426
          0.001411
          0.001397
          0.001383
          0.001369
          0.001356
          0.001342
          0.001329
          0.001315
          0.001302
          0.001289
          0.001276
          0.001264
          0.001251
          0.001238
          0.001226
          0.001214
          0.001202
          0.001190
          0.001178
          0.001166
          0.001154
          0.001143
          0.001131
          0.001120
          0.001109
          0.001098
          0.001087
          0.001076
          0.001065
          0.001054
          0.001044
          0.001033
          0.001023
          0.001013
          0.001003
          0.000993
          0.000983
          0.000973
          0.000963
          0.000954
          0.000944
          0.000935
          0.000925
          0.000916
          0.000907
          0.000898
          0.000889
          0.000880
          0.000871
          0.000862
          0.000854
          0.000845
          0.000837
          0.000828
          0.000820
          0.000812
          0.000804
          0.000796
          0.000788
          0.000780
          0.000774
          0.000766
          0.000759
          0.000752
          0.000744
          0.000737
          0.000729
          0.000722
          0.000715
          0.000708
          0.000701
          0.000694
          0.000687
          0.000680
          0.000673
          0.000666
          0.000660
          0.000653
          0.000647
          0.000640
          0.000634
          0.000627
          0.000621
          0.000615
          0.000609
          0.000603
          0.000597
          0.000591
          0.000585
          0.000579
          0.000573
          0.000567
          0.000562
          0.000556
          0.000551
          0.000545
          0.000540
          0.000534
          0.000529
          0.000524
          0.000518
          0.000513
          0.000508
          0.000503
          0.000498
          0.000493
          0.000488
          0.000483
          0.000478
          0.000473
          0.000469
          0.000464
          0.000459
          0.000455
          0.000450
          0.000446
          0.000441
          0.000437
          0.000432
          0.000428
          0.000424
          0.000420
          0.000415
          0.000411
          0.000407
          0.000403
          0.000399
          0.000395
          0.000391
          0.000387
          0.000383
          0.000379
          0.000376
          0.000372
          0.000368
          0.000365
          0.000361
          0.000357
          0.000354
          0.000350
          0.000347
          0.000343
          0.000340
          0.000336
          0.000333
          0.000330
          0.000326
          0.000323
          0.000320
          0.000317
          0.000314
          0.000310
          0.000307
          0.000304
          0.000301
          0.000298
          0.000295
          0.000292
          0.000289
          0.000286
          0.000284
          0.000281
          0.000278
          0.000275
          0.000272
          0.000270
          0.000267
          0.000264
          0.000262
          0.000259
          0.000256
          0.000254
          0.000251
          0.000249
          0.000246
          0.000244
          0.000241
          0.000239
          0.000237
          0.000234
          0.000232
          0.000230
          0.000227
          0.000225
          0.000223
          0.000221
          0.000218
          0.000216
          0.000214
          0.000212
          0.000210
          0.000208
          0.000206
          0.000203
          0.000201
          0.000199
          0.000197
          0.000195
          0.000193
          0.000192
          0.000190
          0.000188
          0.000186
          0.000184
          0.000182
          0.000180
          0.000179
          0.000177
          0.000175
          0.000173
          0.000172
          0.000170
          0.000168
          0.000166
          0.000165
          0.000163
          0.000161
          0.000160
          0.000158
          0.000157
          0.000155
          0.000154
          0.000152
          0.000150
          0.000149
          0.000148
          0.000146
          0.000145
          0.000143
          0.000142
          0.000140
          0.000139
          0.000137
          0.000136
          0.000135
          0.000133
          0.000132
          0.000131
          0.000129
          0.000128
          0.000127
          0.000126
          0.000124
          0.000123
          0.000122
          0.000121
          0.000119
          0.000118
          0.000117
          0.000116
          0.000115
          0.000114
          0.000112
          0.000111
          0.000110
          0.000109
          0.000108
          0.000107
          0.000106
          0.000105
          0.000104
          0.000103
          0.000102
          0.000101
          0.000100
          0.000099
          0.000098
          0.000097
          0.000096
          0.000095
          0.000094
          0.000093
          0.000092
          0.000091
          0.000090
          0.000089
          0.000088
          0.000087
          0.000087
          0.000086
          0.000085
          0.000084
          0.000083
          0.000082
          0.000082
          0.000081
          0.000080
          0.000079
          0.000078
          0.000078
          0.000077
          0.000076
          0.000075
          0.000074
          0.000074
          0.000073
          0.000072
          0.000072
          0.000071
          0.000070
          0.000069
          0.000069
          0.000068
          0.000067
          0.000067
          0.000066
          0.000065
          0.000065
          0.000064
          0.000063
          0.000063
          0.000062
          0.000062
          0.000061
          0.000060
          0.000060
          0.000059
          0.000059
          0.000058
          0.000057
          0.000057
          0.000056
          0.000056
          0.000055
          0.000055
          0.000054
          0.000053
          0.000053
          0.000052
          0.000052
          0.000051
          0.000051
          0.000050
          0.000050
          0.000049
          0.000049
          0.000048
          0.000048
          0.000047
          0.000047
          0.000046
          0.000046
          0.000046
          0.000045
          0.000045
          0.000044
          0.000044
          0.000043
          0.000043
          0.000042
          0.000042
          0.000042
          0.000041
          0.000041
          0.000040
          0.000040
          0.000040
          0.000039
          0.000039
          0.000038
          0.000038
          0.000038
          0.000037
          0.000037
          0.000036
          0.000036
          0.000036
          0.000035
          0.000035
          0.000035
          0.000034
          0.000034
          0.000034
          0.000033
          0.000033
          0.000033
          0.000032
          0.000032
          0.000032
          0.000031
          0.000031
          0.000031
          0.000030
          0.000030
          0.000030
          0.000030
          0.000029
          0.000029
          0.000029
          0.000028
          0.000028
          0.000028
          0.000028
          0.000027
          0.000027
          0.000027
          0.000026
          0.000026
          0.000026
          0.000026
          0.000025
          0.000025
          0.000025
          0.000025
          0.000024
          0.000024
          0.000024
          0.000024
          0.000023
          0.000023
          0.000023
          0.000023
          0.000023
          0.000022
          0.000022
          0.000022
          0.000022
          0.000021
          0.000021
          0.000021
          0.000021
          0.000021
          0.000020
          0.000020
          0.000020
          0.000020
          0.000020
          0.000019
          0.000019
          0.000019
          0.000019
          0.000019
          0.000018
          0.000018
          0.000018
          0.000018
          0.000018
          0.000018
          0.000017
          0.000017
          0.000017
          0.000017
          0.000017
          0.000016
          0.000016
          0.000016
          0.000016
          0.000016
          0.000016
          0.000016
          0.000015
          0.000015
          0.000015
          0.000015
          0.000015
          0.000015
          0.000014
          0.000014
          0.000014
          0.000014
          0.000014
          0.000014
          0.000014
          0.000013
          0.000013
          0.000013
          0.000013
          0.000013
          0.000013
          0.000013
          0.000013
          0.000012
          0.000012
          0.000012
          0.000012
          0.000012
          0.000012
          0.000012
          0.000012
          0.000011
          0.000011
          0.000011
          0.000011
          0.000011
          0.000011
          0.000011
          0.000011
          0.000011
          0.000010
          0.000010
          0.000010
          0.000010
          0.000010
          0.000010
          0.000010
          0.000010
          0.000010
          0.000010
          0.000009
          0.000009
          0.000009
          0.000009
          0.000009
          0.000009
          0.000009
          0.000009
          0.000009
          0.000009
          0.000009
          0.000008
          0.000008
          0.000008
          0.000008
          0.000008
          0.000008
          0.000008
          0.000008
          0.000008
          0.000008
          0.000008
          0.000008
          0.000008
          0.000007
          0.000007
          0.000007
          0.000007
          0.000007
          0.000007
          0.000007
          0.000007
          0.000007
          0.000007
          0.000007
          0.000007
          0.000007
          0.000007
          0.000006
          0.000006
          0.000006
          0.000006
          0.000006
          0.000006
          0.000006
          0.000006
          0.000006
          0.000006
          0.000006
          0.000006
          0.000006
          0.000006
          0.000006
          0.000006
          0.000006
          0.000005
          0.000005
          0.000005
          0.000005
          0.000005
          0.000005
          0.000005
          0.000005
          0.000005
          0.000005
          0.000005
          0.000005
          0.000005
          0.000005
          0.000005
          0.000005
          0.000005
          0.000005
          0.000005
          0.000005
          0.000004
          0.000004
          0.000004
          0.000004
          0.000004
          0.000004
          0.000004
          0.000004
          0.000004
          0.000004
          0.000004
          0.000004
          0.000004
          0.000004
          0.000004
          0.000004
          0.000004
          0.000004
          0.000004
          0.000004
          0.000004
          0.000004
          0.000004
          0.000004
          0.000004
          0.000003
          0.000003
          0.000003
          0.000003
          0.000003
          0.000003
          0.000003
          0.000003
          0.000003
          0.000003
          0.000003
          0.000003
          0.000003
          0.000003
          0.000003
          0.000003
          0.000003
          0.000003
          0.000003
          0.000003
          0.000003
          0.000003
          0.000003
          0.000003
          0.000003
          0.000003
          0.000003
          0.000003
          0.000003
          0.000003
          0.000003
          0.000003
          0.000003
          0.000002
          0.000002
          0.000002
          0.000002
          0.000002
          0.000002
          0.000002
          0.000002
          0.000002
          0.000002
          0.000002
          0.000002
          0.000002
          0.000002
          0.000002
          0.000002
          0.000002
          0.000002
          0.000002
          0.000002
          0.000002
          0.000002
          0.000002
          0.000002
          0.000002
          0.000002
          0.000002
          0.000002
          0.000002
          0.000002
          0.000002
          0.000002
          0.000002
          0.000002
          0.000002
          0.000002
          0.000002
          0.000002
          0.000002
          0.000002
          0.000002
          0.000002
          0.000002
          0.000002
          0.000002
          0.000002
          0.000002
          0.000002
          0.000002
          0.000002
          0.000002
          0.000001
          0.000001
          0.000001
          0.000001
          0.000001
          0.000001
          0.000001
          0.000001
          0.000001
          0.000001
          0.000001
          0.000001
          0.000001
          0.000001
          0.000001
          0.000001
          0.000001
          0.000001
          0.000001
          0.000001
          0.000001
          0.000001
          0.000001
          0.000001
          0.000001
          0.000001
          0.000001
          0.000001
          0.000001
          0.000001
          0.000001
          0.000001
          0.000001
          0.000001
          0.000001
          0.000001
          0.000001
          0.000001
          0.000001
