          0.139054
          0.138917
          0.138793
          0.138681
          0.138581
          0.138490
          0.138409
          0.138336
          0.138270
          0.138211
          0.138158
          0.138110
          0.138066
          0.138027
          0.137992
          0.137961
          0.137933
          0.137907
          0.137884
          0.137864
          0.137845
          0.137828
          0.137813
          0.137800
          0.137787
          0.137776
          0.137766
          0.137758
          0.137750
          0.137742
          0.137736
          0.137730
          0.137725
          0.137720
          0.137716
          0.137712
          0.137709
          0.137705
          0.137703
          0.137700
          0.137698
          0.137696
          0.137694
          0.137692
          0.137691
          0.137690
          0.137688
          0.137687
          0.137686
          0.137685
          0.137685
          0.137684
          0.137683
          0.137683
          0.137682
          0.137682
          0.137681
          0.137681
          0.137681
          0.137680
          0.137680
          0.137680
          0.137680
          0.137679
          0.137679
          0.137679
          0.137679
          0.137679
          0.137679
          0.137678
          0.137678
          0.137678
          0.137678
          0.137678
          0.137678
          0.137678
          0.137678
          0.137678
          0.137678
          0.137678
          0.137678
          0.137678
          0.137678
          0.137678
          0.137678
          0.137678
          0.137678
          0.137678
          0.137678
          0.137678
          0.137678
          0.137678
          0.137678
          0.137678
          0.137678
          0.137678
          0.137678
          0.137678
          0.137678
          0.137678
          0.137678
          0.137678
          0.137678
          0.137678
          0.137678
          0.137678
          0.137678
          0.137678
          0.137678
          0.137678
          0.137678
          0.137678
          0.137678
          0.137678
          0.137678
          0.137678
          0.137678
          0.137678
          0.137678
          0.137678
          0.137678
          0.137678
          0.137678
          0.137678
          0.137678
          0.137678
          0.137678
          0.137678
          0.137678
          0.137678
          0.137678
          0.137678
          0.137678
          0.137678
          0.137678
          0.137678
          0.137678
          0.137678
          0.137678
          0.137678
          0.137678
          0.137678
          0.137678
          0.137678
          0.137678
          0.137678
          0.137678
          0.137678
          0.137678
          0.137678
          0.137678
          0.137678
          0.137678
          0.137678
          0.137678
          0.137678
          0.137678
          0.137678
          0.137678
          0.137678
          0.137678
          0.137678
          0.137678
          0.137678
          0.137678
          0.137678
          0.137678
          0.137678
          0.137678
          0.137678
          0.137678
          0.137678
          0.137678
          0.137678
          0.137678
          0.137678
          0.137678
          0.137678
          0.137678
          0.137678
          0.137678
          0.137678
          0.137678
          0.137678
          0.137678
          0.137678
          0.137678
          0.137678
          0.137678
          0.137678
          0.137678
          0.137678
          0.137678
          0.137678
          0.137678
          0.137678
          0.137678
          0.137678
          0.137678
          0.137678
          0.137678
          0.137678
          0.137678
          0.137678
          0.137678
          0.137678
          0.137678
          0.137678
          0.137678
          0.137678
          0.137678
          0.137678
          0.137678
          0.137678
          0.137678
          0.137678
          0.137678
          0.137678
          0.137678
          0.137678
          0.137678
          0.137678
          0.137678
          0.137678
          0.137678
          0.137678
          0.137678
          0.137678
          0.137678
          0.137678
          0.137678
          0.137678
          0.137678
          0.137678
          0.137678
          0.137678
          0.137678
          0.137678
          0.137678
          0.137678
          0.137678
          0.137678
          0.137678
          0.137678
          0.137678
          0.137678
          0.137678
          0.137678
          0.137678
          0.137678
          0.137678
          0.137678
