          0.292936
          0.292964
          0.292993
          0.293022
          0.293049
          0.293075
          0.293100
          0.293122
          0.293143
          0.293162
          0.293179
          0.293195
          0.293210
          0.293223
          0.293235
          0.293246
          0.293256
          0.293265
          0.293273
          0.293281
          0.293288
          0.293294
          0.293299
          0.293304
          0.293309
          0.293313
          0.293317
          0.293321
          0.293324
          0.293327
          0.293330
          0.293333
          0.293335
          0.293337
          0.293339
          0.293341
          0.293343
          0.293345
          0.293346
          0.293348
          0.293349
          0.293351
          0.293352
          0.293353
          0.293354
          0.293355
          0.293356
          0.293356
          0.293357
          0.293358
          0.293358
          0.293359
          0.293359
          0.293360
          0.293360
          0.293360
          0.293361
          0.293361
          0.293362
          0.293362
          0.293362
          0.293363
          0.293363
          0.293364
          0.293364
          0.293364
          0.293365
          0.293365
          0.293365
          0.293366
          0.293366
          0.293366
          0.293367
          0.293367
          0.293367
          0.293368
          0.293368
          0.293368
          0.293369
          0.293369
          0.293369
          0.293370
          0.293370
          0.293370
          0.293371
          0.293371
          0.293371
          0.293372
          0.293372
          0.293372
          0.293372
          0.293373
          0.293373
          0.293373
          0.293373
          0.293374
          0.293374
          0.293374
          0.293375
          0.293375
          0.293375
          0.293375
          0.293376
          0.293376
          0.293376
          0.293376
          0.293376
          0.293377
          0.293377
          0.293377
          0.293377
          0.293378
          0.293378
          0.293378
          0.293378
          0.293378
          0.293379
          0.293379
          0.293379
          0.293379
          0.293379
          0.293380
          0.293380
          0.293380
          0.293380
          0.293380
          0.293381
          0.293381
          0.293381
          0.293381
          0.293381
          0.293381
          0.293382
          0.293382
          0.293382
          0.293382
          0.293382
          0.293382
          0.293383
          0.293383
          0.293383
          0.293383
          0.293383
          0.293383
          0.293383
          0.293384
          0.293384
          0.293384
          0.293384
          0.293384
          0.293384
          0.293384
          0.293384
          0.293385
          0.293385
          0.293385
          0.293385
          0.293385
          0.293385
          0.293385
          0.293385
          0.293386
          0.293386
          0.293386
          0.293386
          0.293386
          0.293386
          0.293386
          0.293386
          0.293387
          0.293387
          0.293387
          0.293387
          0.293387
          0.293387
          0.293387
          0.293387
          0.293387
          0.293387
          0.293387
          0.293387
          0.293387
          0.293387
          0.293387
          0.293387
          0.293387
          0.293387
          0.293388
          0.293388
          0.293388
          0.293388
          0.293388
          0.293388
          0.293388
          0.293388
          0.293388
          0.293388
          0.293388
          0.293388
          0.293388
          0.293389
          0.293389
          0.293389
          0.293389
          0.293389
          0.293389
          0.293389
          0.293389
          0.293389
          0.293389
          0.293389
          0.293389
          0.293389
          0.293389
          0.293389
          0.293389
          0.293389
          0.293389
          0.293389
          0.293388
          0.293388
          0.293388
          0.293388
          0.293388
          0.293388
          0.293388
          0.293388
          0.293387
          0.293387
          0.293387
          0.293387
          0.293387
          0.293387
          0.293387
          0.293387
          0.293387
          0.293387
          0.293387
          0.293387
          0.293388
          0.293388
          0.293388
          0.293388
          0.293388
          0.293388
          0.293388
          0.293388
          0.293387
          0.293387
          0.293387
          0.293387
          0.293386
