         12.484859
         12.484400
         12.483981
         12.483601
         12.483258
         12.482951
         12.482676
         12.482433
         12.482218
         12.482029
         12.481863
         12.481718
         12.481593
         12.481486
         12.481394
         12.481316
         12.481251
         12.481198
         12.481155
         12.481121
         12.481095
         12.481077
         12.481065
         12.481060
         12.481059
         12.481063
         12.481072
         12.481084
         12.481099
         12.481117
         12.481138
         12.481162
         12.481187
         12.481214
         12.481243
         12.481273
         12.481304
         12.481337
         12.481370
         12.481405
         12.481440
         12.481475
         12.481511
         12.481547
         12.481584
         12.481621
         12.481657
         12.481694
         12.481731
         12.481767
         12.481803
         12.481839
         12.481874
         12.481909
         12.481944
         12.481979
         12.482013
         12.482046
         12.482079
         12.482112
         12.482144
         12.482177
         12.482208
         12.482239
         12.482270
         12.482301
         12.482331
         12.482361
         12.482391
         12.482420
         12.482449
         12.482477
         12.482506
         12.482533
         12.482561
         12.482588
         12.482615
         12.482642
         12.482668
         12.482694
         12.482720
         12.482746
         12.482771
         12.482796
         12.482820
         12.482845
         12.482869
         12.482893
         12.482916
         12.482939
         12.482963
         12.482985
         12.483008
         12.483030
         12.483052
         12.483074
         12.483095
         12.483117
         12.483138
         12.483158
         12.483179
         12.483199
         12.483219
         12.483239
         12.483259
         12.483278
         12.483297
         12.483316
         12.483335
         12.483354
         12.483372
         12.483390
         12.483408
         12.483426
         12.483443
         12.483460
         12.483478
         12.483494
         12.483511
         12.483528
         12.483544
         12.483560
         12.483576
         12.483592
         12.483608
         12.483623
         12.483638
         12.483653
         12.483668
         12.483683
         12.483698
         12.483712
         12.483726
         12.483741
         12.483754
         12.483768
         12.483782
         12.483795
         12.483809
         12.483822
         12.483835
         12.483847
         12.483860
         12.483872
         12.483885
         12.483897
         12.483909
         12.483920
         12.483932
         12.483944
         12.483955
         12.483966
         12.483977
         12.483988
         12.483999
         12.484010
         12.484020
         12.484031
         12.484041
         12.484052
         12.484062
         12.484072
         12.484082
         12.484091
         12.484101
         12.484111
         12.484120
         12.484130
         12.484139
         12.484148
         12.484157
         12.484166
         12.484175
         12.484184
         12.484192
         12.484201
         12.484209
         12.484217
         12.484225
         12.484233
         12.484241
         12.484249
         12.484256
         12.484263
         12.484271
         12.484278
         12.484285
         12.484291
         12.484298
         12.484305
         12.484311
         12.484317
         12.484324
         12.484330
         12.484336
         12.484342
         12.484348
         12.484354
         12.484360
         12.484366
         12.484372
         12.484378
         12.484383
         12.484389
         12.484395
         12.484400
         12.484406
         12.484411
         12.484417
         12.484422
         12.484427
         12.484433
         12.484438
         12.484442
         12.484447
         12.484452
         12.484456
         12.484460
         12.484464
         12.484468
         12.484471
         12.484474
         12.484478
         12.484480
         12.484483
         12.484485
         12.484488
         12.484490
         12.484492
         12.484493
         12.484495
         12.484497
         12.484498
         12.484500
         12.484501
         12.484503
         12.484504
         12.484506
         12.484507
         12.484509
         12.484510
         12.484512
         12.484514
         12.484515
         12.484517
         12.484518
         12.484520
         12.484521
         12.484522
         12.484523
         12.484524
         12.484525
         12.484525
