          0.442363
          0.442340
          0.442317
          0.442298
          0.442282
          0.442268
          0.442257
          0.442248
          0.442240
          0.442233
          0.442227
          0.442222
          0.442217
          0.442213
          0.442209
          0.442206
          0.442204
          0.442201
          0.442199
          0.442197
          0.442195
          0.442193
          0.442192
          0.442191
          0.442190
          0.442188
          0.442188
          0.442187
          0.442186
          0.442185
          0.442185
          0.442184
          0.442184
          0.442184
          0.442183
          0.442183
          0.442183
          0.442182
          0.442182
          0.442182
          0.442182
          0.442182
          0.442182
          0.442182
          0.442181
          0.442181
          0.442181
          0.442181
          0.442180
          0.442180
          0.442180
          0.442180
          0.442179
          0.442179
          0.442179
          0.442179
          0.442178
          0.442178
          0.442178
          0.442178
          0.442178
          0.442178
          0.442178
          0.442177
          0.442177
          0.442177
          0.442177
          0.442177
          0.442177
          0.442177
          0.442177
          0.442177
          0.442177
          0.442177
          0.442177
          0.442177
          0.442177
          0.442177
          0.442177
          0.442177
          0.442177
          0.442176
          0.442176
          0.442176
          0.442176
          0.442176
          0.442176
          0.442176
          0.442176
          0.442176
          0.442176
          0.442176
          0.442176
          0.442176
          0.442176
          0.442176
          0.442176
          0.442176
          0.442176
          0.442176
          0.442176
          0.442176
          0.442176
          0.442176
          0.442176
          0.442176
          0.442176
          0.442176
          0.442176
          0.442176
          0.442176
          0.442176
          0.442176
          0.442176
          0.442176
          0.442176
          0.442176
          0.442176
          0.442176
          0.442176
          0.442176
          0.442176
          0.442176
          0.442176
          0.442176
          0.442176
          0.442176
          0.442176
          0.442176
          0.442176
          0.442176
          0.442176
          0.442176
          0.442176
          0.442176
          0.442176
          0.442176
          0.442176
          0.442176
          0.442176
          0.442176
          0.442176
          0.442176
          0.442176
          0.442176
          0.442176
          0.442176
          0.442176
          0.442176
          0.442176
          0.442176
          0.442176
          0.442176
          0.442176
          0.442176
          0.442176
          0.442176
          0.442176
          0.442176
          0.442176
          0.442176
          0.442176
          0.442176
          0.442176
          0.442176
          0.442176
          0.442176
          0.442176
          0.442176
          0.442176
          0.442176
          0.442176
          0.442176
          0.442176
          0.442176
          0.442176
          0.442176
          0.442176
          0.442176
          0.442176
          0.442176
          0.442176
          0.442176
          0.442176
          0.442176
          0.442176
          0.442176
          0.442176
          0.442176
          0.442176
          0.442176
          0.442176
          0.442176
          0.442176
          0.442176
          0.442176
          0.442176
          0.442176
          0.442176
          0.442176
          0.442176
          0.442176
          0.442176
          0.442176
          0.442176
          0.442176
          0.442176
          0.442176
          0.442176
          0.442176
          0.442176
          0.442176
          0.442176
          0.442176
          0.442176
          0.442176
          0.442176
          0.442176
          0.442176
          0.442175
          0.442175
          0.442175
          0.442175
          0.442175
          0.442175
          0.442175
          0.442175
          0.442175
          0.442175
          0.442175
          0.442175
          0.442175
          0.442175
          0.442175
          0.442175
          0.442175
          0.442175
          0.442175
          0.442176
          0.442176
          0.442176
          0.442176
          0.442176
          0.442176
          0.442176
          0.442176
          0.442176
          0.442176
          0.442176
          0.442176
          0.442176
          0.442176
