          0.685972
          0.684878
          0.684222
          0.683817
          0.683542
          0.683340
          0.683178
          0.683037
          0.682913
          0.682802
          0.682702
          0.682612
          0.682530
          0.682456
          0.682389
          0.682328
          0.682273
          0.682223
          0.682177
          0.682136
          0.682099
          0.682065
          0.682035
          0.682008
          0.681983
          0.681961
          0.681941
          0.681924
          0.681909
          0.681895
          0.681883
          0.681873
          0.681864
          0.681856
          0.681849
          0.681843
          0.681838
          0.681834
          0.681831
          0.681828
          0.681826
          0.681824
          0.681822
          0.681820
          0.681818
          0.681816
          0.681813
          0.681812
          0.681811
          0.681809
          0.681801
          0.681802
          0.681803
          0.681804
          0.681804
          0.681805
          0.681806
          0.681806
          0.681807
          0.681807
          0.681808
          0.681808
          0.681808
          0.681809
          0.681809
          0.681810
          0.681810
          0.681810
          0.681811
          0.681811
          0.681811
          0.681811
          0.681812
          0.681812
          0.681812
          0.681812
          0.681813
          0.681813
          0.681813
          0.681813
          0.681814
          0.681814
          0.681814
          0.681814
          0.681814
          0.681815
          0.681815
          0.681815
          0.681815
          0.681815
          0.681815
          0.681816
          0.681816
          0.681816
          0.681816
          0.681816
          0.681816
          0.681817
          0.681817
          0.681817
          0.681817
          0.681817
          0.681817
          0.681817
          0.681818
          0.681818
          0.681818
          0.681818
          0.681818
          0.681818
          0.681818
          0.681819
          0.681819
          0.681819
          0.681819
          0.681819
          0.681819
          0.681819
          0.681819
          0.681820
          0.681820
          0.681820
          0.681820
          0.681820
          0.681820
          0.681820
          0.681821
          0.681821
          0.681821
          0.681821
          0.681821
          0.681821
          0.681821
          0.681821
          0.681821
          0.681821
          0.681821
          0.681822
          0.681822
          0.681822
          0.681822
          0.681822
          0.681822
          0.681822
          0.681822
          0.681822
          0.681822
          0.681822
          0.681822
          0.681822
          0.681822
          0.681822
          0.681823
          0.681823
          0.681823
          0.681823
          0.681823
          0.681823
          0.681823
          0.681823
          0.681824
          0.681824
          0.681824
          0.681824
          0.681824
          0.681824
          0.681824
          0.681824
          0.681824
          0.681825
          0.681825
          0.681825
          0.681825
          0.681825
          0.681825
          0.681825
          0.681825
          0.681825
          0.681824
          0.681824
          0.681824
          0.681824
          0.681824
          0.681824
          0.681824
          0.681824
          0.681824
          0.681824
          0.681824
          0.681824
          0.681824
          0.681825
          0.681825
          0.681825
          0.681825
          0.681825
          0.681825
          0.681826
          0.681826
          0.681826
          0.681826
          0.681826
          0.681827
          0.681827
          0.681827
          0.681827
          0.681827
          0.681827
          0.681827
          0.681827
          0.681827
          0.681827
          0.681827
          0.681827
          0.681827
          0.681826
          0.681826
          0.681826
          0.681826
          0.681825
          0.681825
          0.681825
          0.681824
          0.681824
          0.681824
          0.681824
          0.681824
          0.681824
          0.681824
          0.681824
          0.681824
          0.681824
          0.681825
          0.681825
          0.681825
          0.681826
          0.681826
          0.681827
          0.681827
          0.681828
          0.681828
          0.681829
          0.681829
          0.681830
          0.681830
          0.681830
          0.681830
          0.681830
          0.681830
          0.681830
          0.681830
          0.681829
