          1.000153
          1.000147
          1.000138
          1.000129
          1.000120
          1.000111
          1.000102
          1.000094
          1.000087
          1.000079
          1.000073
          1.000067
          1.000061
          1.000056
          1.000052
          1.000048
          1.000044
          1.000040
          1.000037
          1.000034
          1.000032
          1.000029
          1.000027
          1.000026
          1.000024
          1.000022
          1.000021
          1.000020
          1.000019
          1.000018
          1.000017
          1.000016
          1.000015
          1.000014
          1.000014
          1.000013
          1.000012
          1.000012
          1.000011
          1.000011
          1.000010
          1.000010
          1.000010
          1.000009
          1.000009
          1.000008
          1.000008
          1.000008
          1.000008
          1.000007
          1.000007
          1.000007
          1.000007
          1.000007
          1.000007
          1.000006
          1.000006
          1.000006
          1.000006
          1.000006
          1.000006
          1.000006
          1.000006
          1.000006
          1.000006
          1.000006
          1.000006
          1.000005
          1.000005
          1.000005
          1.000005
          1.000005
          1.000005
          1.000005
          1.000005
          1.000005
          1.000005
          1.000005
          1.000005
          1.000005
          1.000005
          1.000005
          1.000005
          1.000004
          1.000004
          1.000004
          1.000004
          1.000004
          1.000004
          1.000004
          1.000004
          1.000004
          1.000004
          1.000004
          1.000004
          1.000004
          1.000004
          1.000004
          1.000004
          1.000004
          1.000004
          1.000004
          1.000003
          1.000003
          1.000003
          1.000003
          1.000003
          1.000003
          1.000003
          1.000003
          1.000003
          1.000003
          1.000003
          1.000003
          1.000003
          1.000003
          1.000003
          1.000003
          1.000003
          1.000003
          1.000003
          1.000003
          1.000003
          1.000003
          1.000003
          1.000003
          1.000003
          1.000003
          1.000003
          1.000002
          1.000002
          1.000002
          1.000002
          1.000002
          1.000002
          1.000002
          1.000002
          1.000002
          1.000002
          1.000002
          1.000002
          1.000002
          1.000002
          1.000002
          1.000002
          1.000002
          1.000002
          1.000002
          1.000002
          1.000002
          1.000002
          1.000002
          1.000002
          1.000002
          1.000002
          1.000002
          1.000002
          1.000002
          1.000002
          1.000002
          1.000002
          1.000002
          1.000002
          1.000002
          1.000002
          1.000002
          1.000002
          1.000002
          1.000001
          1.000001
          1.000001
          1.000001
          1.000001
          1.000001
          1.000001
          1.000001
          1.000001
          1.000001
          1.000001
          1.000001
          1.000001
          1.000001
          1.000001
          1.000001
          1.000001
          1.000001
          1.000001
          1.000001
          1.000001
          1.000001
          1.000001
          1.000001
          1.000001
          1.000001
          1.000001
          1.000001
          1.000001
          1.000001
          1.000001
          1.000001
          1.000001
          1.000001
          1.000001
          1.000001
          1.000001
          1.000001
          1.000001
          1.000001
          1.000001
          1.000001
          1.000001
          1.000001
          1.000001
          1.000001
          1.000001
          1.000001
          1.000001
          1.000001
          1.000001
          1.000000
          1.000000
          1.000001
          1.000001
          1.000001
          1.000001
          1.000001
          1.000001
          1.000001
          1.000001
          1.000001
          1.000001
          1.000001
          1.000001
          1.000001
          1.000001
          1.000001
          1.000001
          1.000001
          1.000001
          1.000001
          1.000001
          1.000001
          1.000001
          1.000001
          1.000001
          1.000001
          1.000001
          1.000001
          1.000001
          1.000000
          1.000000
          1.000000
