          0.261296
          0.262441
          0.262380
          0.262286
          0.262184
          0.262082
          0.261987
          0.261899
          0.261819
          0.261747
          0.261682
          0.261623
          0.261570
          0.261523
          0.261480
          0.261441
          0.261406
          0.261375
          0.261347
          0.261322
          0.261299
          0.261278
          0.261260
          0.261243
          0.261228
          0.261215
          0.261203
          0.261192
          0.261182
          0.261173
          0.261165
          0.261158
          0.261152
          0.261146
          0.261141
          0.261136
          0.261132
          0.261128
          0.261125
          0.261121
          0.261119
          0.261116
          0.261114
          0.261111
          0.261109
          0.261108
          0.261106
          0.261105
          0.261103
          0.261102
          0.261101
          0.261100
          0.261099
          0.261099
          0.261098
          0.261097
          0.261097
          0.261096
          0.261096
          0.261095
          0.261095
          0.261095
          0.261094
          0.261094
          0.261094
          0.261094
          0.261094
          0.261093
          0.261093
          0.261093
          0.261093
          0.261093
          0.261093
          0.261092
          0.261092
          0.261092
          0.261092
          0.261092
          0.261092
          0.261092
          0.261092
          0.261092
          0.261092
          0.261092
          0.261091
          0.261091
          0.261091
          0.261091
          0.261091
          0.261091
          0.261091
          0.261091
          0.261091
          0.261091
          0.261091
          0.261091
          0.261091
          0.261091
          0.261091
          0.261091
          0.261091
          0.261091
          0.261091
          0.261091
          0.261091
          0.261091
          0.261090
          0.261090
          0.261090
          0.261090
          0.261090
          0.261090
          0.261090
          0.261090
          0.261090
          0.261090
          0.261090
          0.261090
          0.261090
          0.261090
          0.261090
          0.261090
          0.261090
          0.261090
          0.261090
          0.261090
          0.261090
          0.261090
          0.261090
          0.261090
          0.261090
          0.261090
          0.261090
          0.261090
          0.261090
          0.261090
          0.261090
          0.261090
          0.261090
          0.261090
          0.261090
          0.261090
          0.261090
          0.261090
          0.261090
          0.261090
          0.261090
          0.261089
          0.261089
          0.261089
          0.261089
          0.261089
          0.261089
          0.261089
          0.261089
          0.261089
          0.261089
          0.261089
          0.261089
          0.261089
          0.261089
          0.261089
          0.261089
          0.261089
          0.261089
          0.261089
          0.261089
          0.261089
          0.261089
          0.261089
          0.261089
          0.261089
          0.261089
          0.261089
          0.261089
          0.261089
          0.261089
          0.261089
          0.261089
          0.261089
          0.261089
          0.261089
          0.261089
          0.261089
          0.261089
          0.261089
          0.261089
          0.261089
          0.261089
          0.261089
          0.261089
          0.261089
          0.261089
          0.261089
          0.261089
          0.261089
          0.261089
          0.261089
          0.261089
          0.261089
          0.261089
          0.261089
          0.261089
          0.261089
          0.261089
          0.261089
          0.261089
          0.261089
          0.261089
          0.261089
          0.261089
          0.261089
          0.261089
          0.261089
          0.261089
          0.261089
          0.261088
          0.261088
          0.261088
          0.261088
          0.261088
          0.261088
          0.261088
          0.261088
          0.261088
          0.261088
          0.261089
          0.261089
          0.261089
          0.261089
          0.261089
          0.261089
          0.261089
          0.261089
          0.261089
          0.261089
          0.261089
          0.261089
          0.261089
          0.261089
          0.261089
          0.261089
          0.261089
          0.261089
          0.261089
          0.261089
          0.261089
          0.261089
          0.261089
          0.261088
          0.261088
          0.261088
