          0.220140
          0.220150
          0.220095
          0.220017
          0.219935
          0.219857
          0.219785
          0.219720
          0.219662
          0.219611
          0.219566
          0.219525
          0.219489
          0.219457
          0.219428
          0.219402
          0.219380
          0.219359
          0.219341
          0.219324
          0.219309
          0.219296
          0.219284
          0.219273
          0.219264
          0.219255
          0.219247
          0.219240
          0.219234
          0.219228
          0.219223
          0.219218
          0.219214
          0.219210
          0.219207
          0.219204
          0.219201
          0.219199
          0.219197
          0.219195
          0.219193
          0.219192
          0.219190
          0.219189
          0.219188
          0.219187
          0.219187
          0.219186
          0.219185
          0.219185
          0.219185
          0.219184
          0.219184
          0.219183
          0.219183
          0.219183
          0.219183
          0.219182
          0.219182
          0.219182
          0.219181
          0.219181
          0.219181
          0.219181
          0.219181
          0.219181
          0.219181
          0.219180
          0.219180
          0.219180
          0.219180
          0.219180
          0.219180
          0.219180
          0.219180
          0.219180
          0.219180
          0.219180
          0.219180
          0.219180
          0.219180
          0.219180
          0.219180
          0.219180
          0.219180
          0.219180
          0.219180
          0.219180
          0.219180
          0.219180
          0.219180
          0.219180
          0.219180
          0.219180
          0.219180
          0.219180
          0.219180
          0.219180
          0.219180
          0.219180
          0.219181
          0.219181
          0.219181
          0.219181
          0.219181
          0.219181
          0.219181
          0.219181
          0.219181
          0.219181
          0.219181
          0.219181
          0.219181
          0.219181
          0.219181
          0.219181
          0.219181
          0.219181
          0.219181
          0.219181
          0.219181
          0.219181
          0.219181
          0.219181
          0.219181
          0.219181
          0.219181
          0.219181
          0.219181
          0.219181
          0.219181
          0.219181
          0.219181
          0.219181
          0.219181
          0.219181
          0.219181
          0.219181
          0.219181
          0.219182
          0.219182
          0.219182
          0.219182
          0.219182
          0.219182
          0.219182
          0.219182
          0.219182
          0.219182
          0.219182
          0.219182
          0.219182
          0.219182
          0.219182
          0.219182
          0.219182
          0.219182
          0.219182
          0.219182
          0.219182
          0.219182
          0.219182
          0.219182
          0.219182
          0.219182
          0.219182
          0.219182
          0.219182
          0.219182
          0.219182
          0.219182
          0.219182
          0.219182
          0.219182
          0.219182
          0.219182
          0.219182
          0.219182
          0.219182
          0.219182
          0.219182
          0.219182
          0.219182
          0.219182
          0.219182
          0.219182
          0.219182
          0.219182
          0.219182
          0.219182
          0.219182
          0.219182
          0.219182
          0.219182
          0.219182
          0.219182
          0.219182
          0.219182
          0.219182
          0.219182
          0.219182
          0.219182
          0.219182
          0.219182
          0.219182
          0.219182
          0.219182
          0.219182
          0.219182
          0.219182
          0.219182
          0.219182
          0.219182
          0.219183
          0.219183
          0.219183
          0.219183
          0.219183
          0.219183
          0.219183
          0.219183
          0.219183
          0.219183
          0.219183
          0.219183
          0.219183
          0.219183
          0.219183
          0.219183
          0.219183
          0.219183
          0.219183
          0.219183
          0.219182
          0.219182
          0.219182
          0.219182
          0.219182
          0.219182
          0.219182
          0.219182
          0.219182
          0.219182
          0.219182
          0.219182
          0.219182
          0.219182
          0.219182
          0.219182
          0.219182
          0.219183
          0.219183
