          1.761626
          1.761737
          1.761791
          1.761806
          1.761798
          1.761776
          1.761745
          1.761710
          1.761674
          1.761638
          1.761603
          1.761571
          1.761541
          1.761513
          1.761487
          1.761463
          1.761442
          1.761422
          1.761404
          1.761388
          1.761374
          1.761361
          1.761350
          1.761339
          1.761330
          1.761322
          1.761315
          1.761309
          1.761304
          1.761300
          1.761296
          1.761293
          1.761291
          1.761289
          1.761288
          1.761287
          1.761287
          1.761287
          1.761287
          1.761288
          1.761288
          1.761289
          1.761289
          1.761290
          1.761290
          1.761291
          1.761291
          1.761291
          1.761291
          1.761291
          1.761291
          1.761291
          1.761292
          1.761293
          1.761295
          1.761296
          1.761298
          1.761299
          1.761301
          1.761303
          1.761304
          1.761306
          1.761307
          1.761309
          1.761310
          1.761312
          1.761313
          1.761315
          1.761316
          1.761318
          1.761319
          1.761320
          1.761322
          1.761323
          1.761324
          1.761326
          1.761327
          1.761328
          1.761329
          1.761331
          1.761332
          1.761333
          1.761334
          1.761335
          1.761336
          1.761338
          1.761339
          1.761340
          1.761341
          1.761342
          1.761343
          1.761344
          1.761345
          1.761346
          1.761347
          1.761348
          1.761349
          1.761350
          1.761351
          1.761352
          1.761353
          1.761354
          1.761355
          1.761356
          1.761356
          1.761357
          1.761358
          1.761359
          1.761360
          1.761361
          1.761362
          1.761362
          1.761363
          1.761364
          1.761365
          1.761366
          1.761366
          1.761367
          1.761368
          1.761369
          1.761370
          1.761370
          1.761371
          1.761372
          1.761373
          1.761373
          1.761374
          1.761375
          1.761375
          1.761376
          1.761377
          1.761377
          1.761378
          1.761379
          1.761379
          1.761380
          1.761381
          1.761381
          1.761382
          1.761382
          1.761383
          1.761383
          1.761384
          1.761384
          1.761385
          1.761385
          1.761386
          1.761386
          1.761387
          1.761388
          1.761388
          1.761389
          1.761389
          1.761390
          1.761390
          1.761391
          1.761391
          1.761392
          1.761392
          1.761393
          1.761393
          1.761394
          1.761394
          1.761395
          1.761395
          1.761396
          1.761396
          1.761397
          1.761397
          1.761398
          1.761398
          1.761399
          1.761399
          1.761399
          1.761400
          1.761400
          1.761400
          1.761401
          1.761401
          1.761401
          1.761401
          1.761402
          1.761402
          1.761402
          1.761402
          1.761402
          1.761403
          1.761403
          1.761403
          1.761403
          1.761404
          1.761404
          1.761404
          1.761405
          1.761405
          1.761406
          1.761406
          1.761406
          1.761407
          1.761407
          1.761408
          1.761408
          1.761409
          1.761409
          1.761410
          1.761410
          1.761411
          1.761411
          1.761411
          1.761412
          1.761412
          1.761412
          1.761412
          1.761412
          1.761412
          1.761412
          1.761412
          1.761412
          1.761412
          1.761412
          1.761411
          1.761411
          1.761411
          1.761411
          1.761411
          1.761410
          1.761410
          1.761410
          1.761410
          1.761410
          1.761410
          1.761411
          1.761411
          1.761411
          1.761412
          1.761412
          1.761413
          1.761413
          1.761414
          1.761415
          1.761416
          1.761416
          1.761417
          1.761418
          1.761419
          1.761419
          1.761420
          1.761420
          1.761420
          1.761421
          1.761421
          1.761421
