          1.511572
          1.511278
          1.511009
          1.510798
          1.510631
          1.510496
          1.510385
          1.510294
          1.510218
          1.510154
          1.510099
          1.510051
          1.510009
          1.509971
          1.509938
          1.509908
          1.509881
          1.509857
          1.509835
          1.509815
          1.509797
          1.509781
          1.509767
          1.509753
          1.509742
          1.509732
          1.509723
          1.509715
          1.509709
          1.509703
          1.509699
          1.509695
          1.509692
          1.509690
          1.509689
          1.509688
          1.509688
          1.509688
          1.509689
          1.509689
          1.509690
          1.509691
          1.509691
          1.509692
          1.509692
          1.509692
          1.509691
          1.509691
          1.509690
          1.509690
          1.509672
          1.509676
          1.509679
          1.509682
          1.509684
          1.509686
          1.509688
          1.509690
          1.509691
          1.509692
          1.509694
          1.509695
          1.509696
          1.509698
          1.509699
          1.509700
          1.509701
          1.509702
          1.509704
          1.509705
          1.509706
          1.509707
          1.509708
          1.509709
          1.509710
          1.509711
          1.509712
          1.509713
          1.509714
          1.509715
          1.509716
          1.509717
          1.509718
          1.509719
          1.509720
          1.509721
          1.509722
          1.509723
          1.509724
          1.509725
          1.509726
          1.509726
          1.509727
          1.509728
          1.509729
          1.509730
          1.509731
          1.509731
          1.509732
          1.509733
          1.509734
          1.509734
          1.509735
          1.509736
          1.509737
          1.509737
          1.509738
          1.509739
          1.509739
          1.509740
          1.509741
          1.509741
          1.509742
          1.509743
          1.509743
          1.509744
          1.509745
          1.509745
          1.509746
          1.509747
          1.509747
          1.509748
          1.509749
          1.509749
          1.509750
          1.509751
          1.509751
          1.509752
          1.509752
          1.509753
          1.509753
          1.509754
          1.509755
          1.509755
          1.509756
          1.509756
          1.509757
          1.509757
          1.509757
          1.509758
          1.509758
          1.509759
          1.509759
          1.509760
          1.509760
          1.509760
          1.509761
          1.509761
          1.509761
          1.509762
          1.509762
          1.509763
          1.509763
          1.509764
          1.509764
          1.509764
          1.509765
          1.509765
          1.509766
          1.509766
          1.509767
          1.509767
          1.509768
          1.509768
          1.509769
          1.509769
          1.509770
          1.509770
          1.509771
          1.509771
          1.509772
          1.509772
          1.509772
          1.509772
          1.509773
          1.509773
          1.509773
          1.509773
          1.509773
          1.509773
          1.509773
          1.509774
          1.509774
          1.509774
          1.509774
          1.509774
          1.509774
          1.509774
          1.509774
          1.509774
          1.509774
          1.509775
          1.509775
          1.509775
          1.509776
          1.509776
          1.509777
          1.509777
          1.509778
          1.509778
          1.509779
          1.509780
          1.509780
          1.509781
          1.509782
          1.509782
          1.509783
          1.509783
          1.509783
          1.509784
          1.509784
          1.509784
          1.509784
          1.509784
          1.509784
          1.509784
          1.509783
          1.509783
          1.509782
          1.509782
          1.509781
          1.509781
          1.509780
          1.509780
          1.509779
          1.509778
          1.509778
          1.509778
          1.509778
          1.509777
          1.509778
          1.509778
          1.509778
          1.509779
          1.509779
          1.509780
          1.509781
          1.509782
          1.509784
          1.509785
          1.509786
          1.509788
          1.509789
          1.509790
          1.509791
          1.509792
          1.509793
          1.509794
          1.509794
          1.509795
          1.509794
          1.509794
