          0.008668
          0.008668
          0.008667
          0.008666
          0.008665
          0.008663
          0.008662
          0.008660
          0.008659
          0.008657
          0.008656
          0.008655
          0.008654
          0.008653
          0.008652
          0.008651
          0.008651
          0.008650
          0.008649
          0.008649
          0.008648
          0.008648
          0.008647
          0.008647
          0.008646
          0.008646
          0.008646
          0.008645
          0.008645
          0.008645
          0.008645
          0.008644
          0.008644
          0.008644
          0.008644
          0.008644
          0.008644
          0.008643
          0.008643
          0.008643
          0.008643
          0.008643
          0.008643
          0.008643
          0.008643
          0.008643
          0.008642
          0.008642
          0.008642
          0.008642
          0.008642
          0.008642
          0.008642
          0.008642
          0.008642
          0.008642
          0.008642
          0.008642
          0.008641
          0.008641
          0.008641
          0.008641
          0.008641
          0.008641
          0.008641
          0.008641
          0.008641
          0.008641
          0.008641
          0.008641
          0.008641
          0.008641
          0.008641
          0.008641
          0.008641
          0.008641
          0.008641
          0.008641
          0.008641
          0.008641
          0.008640
          0.008640
          0.008640
          0.008640
          0.008640
          0.008640
          0.008640
          0.008640
          0.008640
          0.008640
          0.008640
          0.008640
          0.008640
          0.008640
          0.008640
          0.008640
          0.008640
          0.008640
          0.008640
          0.008640
          0.008640
          0.008640
          0.008640
          0.008640
          0.008640
          0.008640
          0.008640
          0.008640
          0.008640
          0.008640
          0.008640
          0.008640
          0.008640
          0.008639
          0.008639
          0.008639
          0.008639
          0.008639
          0.008639
          0.008639
          0.008639
          0.008639
          0.008639
          0.008639
          0.008639
          0.008639
          0.008639
          0.008639
          0.008639
          0.008639
          0.008639
          0.008639
          0.008639
          0.008639
          0.008639
          0.008639
          0.008639
          0.008639
          0.008639
          0.008639
          0.008639
          0.008639
          0.008639
          0.008639
          0.008639
          0.008639
          0.008639
          0.008639
          0.008639
          0.008639
          0.008639
          0.008639
          0.008639
          0.008639
          0.008639
          0.008639
          0.008639
          0.008639
          0.008639
          0.008639
          0.008639
          0.008639
          0.008639
          0.008639
          0.008639
          0.008639
          0.008639
          0.008638
          0.008638
          0.008638
          0.008638
          0.008638
          0.008638
          0.008638
          0.008638
          0.008638
          0.008638
          0.008638
          0.008638
          0.008638
          0.008638
          0.008638
          0.008638
          0.008638
          0.008638
          0.008638
          0.008638
          0.008638
          0.008638
          0.008638
          0.008638
          0.008638
          0.008638
          0.008638
          0.008638
          0.008638
          0.008638
          0.008638
          0.008638
          0.008638
          0.008638
          0.008638
          0.008638
          0.008638
          0.008638
          0.008638
          0.008638
          0.008638
          0.008638
          0.008638
          0.008638
          0.008638
          0.008638
          0.008638
          0.008638
          0.008638
          0.008638
          0.008638
          0.008638
          0.008638
          0.008638
          0.008638
          0.008638
          0.008638
          0.008638
          0.008638
          0.008638
          0.008638
          0.008638
          0.008638
          0.008638
          0.008638
          0.008638
          0.008638
          0.008638
          0.008638
          0.008638
          0.008638
          0.008638
          0.008638
          0.008638
          0.008638
          0.008638
          0.008638
          0.008638
          0.008638
          0.008638
          0.008638
          0.008638
          0.008638
          0.008638
          0.008638
          1.000153
          1.000147
          1.000138
          1.000129
          1.000120
          1.000111
          1.000102
          1.000094
          1.000087
          1.000079
          1.000073
          1.000067
          1.000061
          1.000056
          1.000052
          1.000048
          1.000044
          1.000040
          1.000037
          1.000034
          1.000032
          1.000029
          1.000027
          1.000026
          1.000024
          1.000022
          1.000021
          1.000020
          1.000019
          1.000018
          1.000017
          1.000016
          1.000015
          1.000014
          1.000014
          1.000013
          1.000012
          1.000012
          1.000011
          1.000011
          1.000010
          1.000010
          1.000010
          1.000009
          1.000009
          1.000008
          1.000008
          1.000008
          1.000008
          1.000007
          1.000007
          1.000007
          1.000007
          1.000007
          1.000007
          1.000006
          1.000006
          1.000006
          1.000006
          1.000006
          1.000006
          1.000006
          1.000006
          1.000006
          1.000006
          1.000006
          1.000006
          1.000005
          1.000005
          1.000005
          1.000005
          1.000005
          1.000005
          1.000005
          1.000005
          1.000005
          1.000005
          1.000005
          1.000005
          1.000005
          1.000005
          1.000005
          1.000005
          1.000004
          1.000004
          1.000004
          1.000004
          1.000004
          1.000004
          1.000004
          1.000004
          1.000004
          1.000004
          1.000004
          1.000004
          1.000004
          1.000004
          1.000004
          1.000004
          1.000004
          1.000004
          1.000004
          1.000003
          1.000003
          1.000003
          1.000003
          1.000003
          1.000003
          1.000003
          1.000003
          1.000003
          1.000003
          1.000003
          1.000003
          1.000003
          1.000003
          1.000003
          1.000003
          1.000003
          1.000003
          1.000003
          1.000003
          1.000003
          1.000003
          1.000003
          1.000003
          1.000003
          1.000003
          1.000003
          1.000002
          1.000002
          1.000002
          1.000002
          1.000002
          1.000002
          1.000002
          1.000002
          1.000002
          1.000002
          1.000002
          1.000002
          1.000002
          1.000002
          1.000002
          1.000002
          1.000002
          1.000002
          1.000002
          1.000002
          1.000002
          1.000002
          1.000002
          1.000002
          1.000002
          1.000002
          1.000002
          1.000002
          1.000002
          1.000002
          1.000002
          1.000002
          1.000002
          1.000002
          1.000002
          1.000002
          1.000002
          1.000002
          1.000002
          1.000001
          1.000001
          1.000001
          1.000001
          1.000001
          1.000001
          1.000001
          1.000001
          1.000001
          1.000001
          1.000001
          1.000001
          1.000001
          1.000001
          1.000001
          1.000001
          1.000001
          1.000001
          1.000001
          1.000001
          1.000001
          1.000001
          1.000001
          1.000001
          1.000001
          1.000001
          1.000001
          1.000001
          1.000001
          1.000001
          1.000001
          1.000001
          1.000001
          1.000001
          1.000001
          1.000001
          1.000001
          1.000001
          1.000001
          1.000001
          1.000001
          1.000001
          1.000001
          1.000001
          1.000001
          1.000001
          1.000001
          1.000001
          1.000001
          1.000001
          1.000001
          1.000000
          1.000000
          1.000001
          1.000001
          1.000001
          1.000001
          1.000001
          1.000001
          1.000001
          1.000001
          1.000001
          1.000001
          1.000001
          1.000001
          1.000001
          1.000001
          1.000001
          1.000001
          1.000001
          1.000001
          1.000001
          1.000001
          1.000001
          1.000001
          1.000001
          1.000001
          1.000001
          1.000001
          1.000001
          1.000001
          1.000000
          1.000000
          1.000000
          1.511572
          1.511278
          1.511009
          1.510798
          1.510631
          1.510496
          1.510385
          1.510294
          1.510218
          1.510154
          1.510099
          1.510051
          1.510009
          1.509971
          1.509938
          1.509908
          1.509881
          1.509857
          1.509835
          1.509815
          1.509797
          1.509781
          1.509767
          1.509753
          1.509742
          1.509732
          1.509723
          1.509715
          1.509709
          1.509703
          1.509699
          1.509695
          1.509692
          1.509690
          1.509689
          1.509688
          1.509688
          1.509688
          1.509689
          1.509689
          1.509690
          1.509691
          1.509691
          1.509692
          1.509692
          1.509692
          1.509691
          1.509691
          1.509690
          1.509690
          1.509672
          1.509676
          1.509679
          1.509682
          1.509684
          1.509686
          1.509688
          1.509690
          1.509691
          1.509692
          1.509694
          1.509695
          1.509696
          1.509698
          1.509699
          1.509700
          1.509701
          1.509702
          1.509704
          1.509705
          1.509706
          1.509707
          1.509708
          1.509709
          1.509710
          1.509711
          1.509712
          1.509713
          1.509714
          1.509715
          1.509716
          1.509717
          1.509718
          1.509719
          1.509720
          1.509721
          1.509722
          1.509723
          1.509724
          1.509725
          1.509726
          1.509726
          1.509727
          1.509728
          1.509729
          1.509730
          1.509731
          1.509731
          1.509732
          1.509733
          1.509734
          1.509734
          1.509735
          1.509736
          1.509737
          1.509737
          1.509738
          1.509739
          1.509739
          1.509740
          1.509741
          1.509741
          1.509742
          1.509743
          1.509743
          1.509744
          1.509745
          1.509745
          1.509746
          1.509747
          1.509747
          1.509748
          1.509749
          1.509749
          1.509750
          1.509751
          1.509751
          1.509752
          1.509752
          1.509753
          1.509753
          1.509754
          1.509755
          1.509755
          1.509756
          1.509756
          1.509757
          1.509757
          1.509757
          1.509758
          1.509758
          1.509759
          1.509759
          1.509760
          1.509760
          1.509760
          1.509761
          1.509761
          1.509761
          1.509762
          1.509762
          1.509763
          1.509763
          1.509764
          1.509764
          1.509764
          1.509765
          1.509765
          1.509766
          1.509766
          1.509767
          1.509767
          1.509768
          1.509768
          1.509769
          1.509769
          1.509770
          1.509770
          1.509771
          1.509771
          1.509772
          1.509772
          1.509772
          1.509772
          1.509773
          1.509773
          1.509773
          1.509773
          1.509773
          1.509773
          1.509773
          1.509774
          1.509774
          1.509774
          1.509774
          1.509774
          1.509774
          1.509774
          1.509774
          1.509774
          1.509774
          1.509775
          1.509775
          1.509775
          1.509776
          1.509776
          1.509777
          1.509777
          1.509778
          1.509778
          1.509779
          1.509780
          1.509780
          1.509781
          1.509782
          1.509782
          1.509783
          1.509783
          1.509783
          1.509784
          1.509784
          1.509784
          1.509784
          1.509784
          1.509784
          1.509784
          1.509783
          1.509783
          1.509782
          1.509782
          1.509781
          1.509781
          1.509780
          1.509780
          1.509779
          1.509778
          1.509778
          1.509778
          1.509778
          1.509777
          1.509778
          1.509778
          1.509778
          1.509779
          1.509779
          1.509780
          1.509781
          1.509782
          1.509784
          1.509785
          1.509786
          1.509788
          1.509789
          1.509790
          1.509791
          1.509792
          1.509793
          1.509794
          1.509794
          1.509795
          1.509794
          1.509794
          0.685972
          0.684878
          0.684222
          0.683817
          0.683542
          0.683340
          0.683178
          0.683037
          0.682913
          0.682802
          0.682702
          0.682612
          0.682530
          0.682456
          0.682389
          0.682328
          0.682273
          0.682223
          0.682177
          0.682136
          0.682099
          0.682065
          0.682035
          0.682008
          0.681983
          0.681961
          0.681941
          0.681924
          0.681909
          0.681895
          0.681883
          0.681873
          0.681864
          0.681856
          0.681849
          0.681843
          0.681838
          0.681834
          0.681831
          0.681828
          0.681826
          0.681824
          0.681822
          0.681820
          0.681818
          0.681816
          0.681813
          0.681812
          0.681811
          0.681809
          0.681801
          0.681802
          0.681803
          0.681804
          0.681804
          0.681805
          0.681806
          0.681806
          0.681807
          0.681807
          0.681808
          0.681808
          0.681808
          0.681809
          0.681809
          0.681810
          0.681810
          0.681810
          0.681811
          0.681811
          0.681811
          0.681811
          0.681812
          0.681812
          0.681812
          0.681812
          0.681813
          0.681813
          0.681813
          0.681813
          0.681814
          0.681814
          0.681814
          0.681814
          0.681814
          0.681815
          0.681815
          0.681815
          0.681815
          0.681815
          0.681815
          0.681816
          0.681816
          0.681816
          0.681816
          0.681816
          0.681816
          0.681817
          0.681817
          0.681817
          0.681817
          0.681817
          0.681817
          0.681817
          0.681818
          0.681818
          0.681818
          0.681818
          0.681818
          0.681818
          0.681818
          0.681819
          0.681819
          0.681819
          0.681819
          0.681819
          0.681819
          0.681819
          0.681819
          0.681820
          0.681820
          0.681820
          0.681820
          0.681820
          0.681820
          0.681820
          0.681821
          0.681821
          0.681821
          0.681821
          0.681821
          0.681821
          0.681821
          0.681821
          0.681821
          0.681821
          0.681821
          0.681822
          0.681822
          0.681822
          0.681822
          0.681822
          0.681822
          0.681822
          0.681822
          0.681822
          0.681822
          0.681822
          0.681822
          0.681822
          0.681822
          0.681822
          0.681823
          0.681823
          0.681823
          0.681823
          0.681823
          0.681823
          0.681823
          0.681823
          0.681824
          0.681824
          0.681824
          0.681824
          0.681824
          0.681824
          0.681824
          0.681824
          0.681824
          0.681825
          0.681825
          0.681825
          0.681825
          0.681825
          0.681825
          0.681825
          0.681825
          0.681825
          0.681824
          0.681824
          0.681824
          0.681824
          0.681824
          0.681824
          0.681824
          0.681824
          0.681824
          0.681824
          0.681824
          0.681824
          0.681824
          0.681825
          0.681825
          0.681825
          0.681825
          0.681825
          0.681825
          0.681826
          0.681826
          0.681826
          0.681826
          0.681826
          0.681827
          0.681827
          0.681827
          0.681827
          0.681827
          0.681827
          0.681827
          0.681827
          0.681827
          0.681827
          0.681827
          0.681827
          0.681827
          0.681826
          0.681826
          0.681826
          0.681826
          0.681825
          0.681825
          0.681825
          0.681824
          0.681824
          0.681824
          0.681824
          0.681824
          0.681824
          0.681824
          0.681824
          0.681824
          0.681824
          0.681825
          0.681825
          0.681825
          0.681826
          0.681826
          0.681827
          0.681827
          0.681828
          0.681828
          0.681829
          0.681829
          0.681830
          0.681830
          0.681830
          0.681830
          0.681830
          0.681830
          0.681830
          0.681830
          0.681829
         -0.005768
         -0.000958
         -0.000843
         -0.000746
         -0.000664
         -0.000593
         -0.000532
         -0.000479
         -0.000433
         -0.000392
         -0.000356
         -0.000324
         -0.000295
         -0.000269
         -0.000246
         -0.000224
         -0.000205
         -0.000187
         -0.000171
         -0.000156
         -0.000142
         -0.000130
         -0.000118
         -0.000108
         -0.000099
         -0.000091
         -0.000083
         -0.000076
         -0.000070
         -0.000065
         -0.000060
         -0.000056
         -0.000053
         -0.000050
         -0.000047
         -0.000045
         -0.000043
         -0.000042
         -0.000040
         -0.000039
         -0.000038
         -0.000037
         -0.000036
         -0.000035
         -0.000033
         -0.000032
         -0.000030
         -0.000029
         -0.000027
         -0.000026
         -0.000017
         -0.000017
         -0.000017
         -0.000017
         -0.000017
         -0.000017
         -0.000017
         -0.000017
         -0.000017
         -0.000017
         -0.000017
         -0.000017
         -0.000016
         -0.000016
         -0.000016
         -0.000016
         -0.000016
         -0.000015
         -0.000015
         -0.000015
         -0.000015
         -0.000015
         -0.000015
         -0.000014
         -0.000014
         -0.000014
         -0.000014
         -0.000014
         -0.000014
         -0.000013
         -0.000013
         -0.000013
         -0.000013
         -0.000013
         -0.000013
         -0.000012
         -0.000012
         -0.000012
         -0.000012
         -0.000012
         -0.000012
         -0.000012
         -0.000011
         -0.000011
         -0.000011
         -0.000011
         -0.000011
         -0.000011
         -0.000011
         -0.000010
         -0.000010
         -0.000010
         -0.000010
         -0.000010
         -0.000010
         -0.000010
         -0.000009
         -0.000009
         -0.000009
         -0.000009
         -0.000009
         -0.000009
         -0.000009
         -0.000009
         -0.000008
         -0.000008
         -0.000008
         -0.000008
         -0.000008
         -0.000008
         -0.000008
         -0.000008
         -0.000008
         -0.000008
         -0.000008
         -0.000008
         -0.000007
         -0.000007
         -0.000007
         -0.000007
         -0.000007
         -0.000007
         -0.000007
         -0.000007
         -0.000007
         -0.000007
         -0.000007
         -0.000006
         -0.000006
         -0.000006
         -0.000006
         -0.000006
         -0.000006
         -0.000006
         -0.000006
         -0.000006
         -0.000005
         -0.000005
         -0.000005
         -0.000005
         -0.000005
         -0.000005
         -0.000005
         -0.000005
         -0.000005
         -0.000005
         -0.000005
         -0.000005
         -0.000005
         -0.000005
         -0.000005
         -0.000005
         -0.000005
         -0.000005
         -0.000005
         -0.000005
         -0.000005
         -0.000005
         -0.000005
         -0.000005
         -0.000005
         -0.000005
         -0.000005
         -0.000005
         -0.000004
         -0.000004
         -0.000004
         -0.000004
         -0.000004
         -0.000004
         -0.000004
         -0.000003
         -0.000003
         -0.000003
         -0.000003
         -0.000003
         -0.000003
         -0.000003
         -0.000002
         -0.000002
         -0.000002
         -0.000002
         -0.000002
         -0.000002
         -0.000002
         -0.000002
         -0.000003
         -0.000003
         -0.000003
         -0.000003
         -0.000003
         -0.000003
         -0.000004
         -0.000004
         -0.000004
         -0.000004
         -0.000004
         -0.000004
         -0.000005
         -0.000005
         -0.000005
         -0.000005
         -0.000004
         -0.000004
         -0.000004
         -0.000004
         -0.000004
         -0.000003
         -0.000003
         -0.000003
         -0.000002
         -0.000002
         -0.000001
         -0.000001
         -0.000001
         -0.000000
         -0.000000
          0.000000
          0.000000
          0.000000
          0.000000
          0.000000
         -0.000000
         -0.000000
         -0.000001
         -0.000001
         -0.000002
         -0.000002
         -0.000003
         -0.000004
         -0.000005
         -0.000005
         -0.000006
         -0.000007
         -0.000007
         -0.000008
         -0.000009
         -0.000009
         -0.000009
         -0.000009
         -0.000009
         -0.000009
