  8.667834908312820E-003  8.668285899278830E-003  8.667496076798389E-003
  8.666283316851117E-003  8.664843245280489E-003  8.663301056884917E-003
  8.661747232209700E-003  8.660236667529493E-003  8.658801552822332E-003
  8.657456310923666E-003  8.656206525761476E-003  8.655049800408626E-003
  8.653985456559340E-003  8.653006772755382E-003  8.652106884864732E-003
  8.651280426048938E-003  8.650520921954610E-003  8.649823254906800E-003
  8.649183139042966E-003  8.648595369639175E-003  8.648055660804602E-003
  8.647559045377695E-003  8.647102848898913E-003  8.646683768134662E-003
  8.646299634771912E-003  8.645947573465406E-003  8.645624751872024E-003
  8.645329004683800E-003  8.645058212168703E-003  8.644810616906765E-003
  8.644584150454684E-003  8.644377133532419E-003  8.644187888788504E-003
  8.644014676503893E-003  8.643855558924407E-003  8.643709152290215E-003
  8.643573465567777E-003  8.643447140571947E-003  8.643328266282582E-003
  8.643215520533347E-003  8.643107306024808E-003  8.643002219025921E-003
  8.642899111995332E-003  8.642797046724946E-003  8.642695184612425E-003
  8.642593076954174E-003  8.642490105953724E-003  8.642386424298975E-003
  8.642281725099900E-003  8.642175432214964E-003  8.642068233697781E-003
  8.641972576386665E-003  8.641887812216550E-003  8.641810922633560E-003
  8.641739875334528E-003  8.641673338203844E-003  8.641610278335359E-003
  8.641550058268253E-003  8.641492058520252E-003  8.641435945630393E-003
  8.641381472591950E-003  8.641328430998586E-003  8.641276729455387E-003
  8.641226249456039E-003  8.641176950611200E-003  8.641128410273362E-003
  8.641081025682064E-003  8.641034563959206E-003  8.640988911382704E-003
  8.640944072959575E-003  8.640900005190921E-003  8.640856738437588E-003
  8.640814076746009E-003  8.640772248751103E-003  8.640731053083484E-003
  8.640690472296143E-003  8.640650455838636E-003  8.640611101421234E-003
  8.640572354229999E-003  8.640534088057003E-003  8.640496511524071E-003
  8.640459265981202E-003  8.640422621487781E-003  8.640386464657639E-003
  8.640350777146260E-003  8.640315483754163E-003  8.640280627925488E-003
  8.640246195525900E-003  8.640212175632721E-003  8.640178648047546E-003
  8.640145378482629E-003  8.640112507115541E-003  8.640079970293386E-003
  8.640047878436533E-003  8.640016068848896E-003  8.639984572864370E-003
  8.639953477889560E-003  8.639922678594739E-003  8.639892188914543E-003
  8.639861997551056E-003  8.639832169799449E-003  8.639802706938487E-003
  8.639773551614162E-003  8.639744687477493E-003  8.639716221328376E-003
  8.639688123830275E-003  8.639660411436417E-003  8.639632932664034E-003
  8.639605891248880E-003  8.639579139783566E-003  8.639552887912037E-003
  8.639526956115374E-003  8.639501385287525E-003  8.639476163409043E-003
  8.639451293465028E-003  8.639426906182447E-003  8.639402795790337E-003
  8.639379015650267E-003  8.639355526274648E-003  8.639332447369434E-003
  8.639309749480286E-003  8.639287203480962E-003  8.639264902019344E-003
  8.639243008745259E-003  8.639221282820023E-003  8.639199708431440E-003
  8.639178401174343E-003  8.639157257728330E-003  8.639136294398756E-003
  8.639115435249398E-003  8.639094737153430E-003  8.639074243138837E-003
  8.639053828429699E-003  8.639033483044152E-003  8.639013315476772E-003
  8.638993300552900E-003  8.638973298863839E-003  8.638953450634255E-003
  8.638933820367921E-003  8.638914213956943E-003  8.638894858172916E-003
  8.638875782673128E-003  8.638856796460872E-003  8.638838193329841E-003
  8.638819843978950E-003  8.638801746361115E-003  8.638783927374093E-003
  8.638766522078659E-003  8.638749504892370E-003  8.638732879296547E-003
  8.638716600975368E-003  8.638700752975820E-003  8.638685401847741E-003
  8.638670373406342E-003  8.638655827271805E-003  8.638641698822631E-003
  8.638627906203887E-003  8.638614522470943E-003  8.638601457933172E-003
  8.638588554172462E-003  8.638576070917763E-003  8.638563696142217E-003
  8.638551476106544E-003  8.638539434269321E-003  8.638527398834873E-003
  8.638515459978027E-003  8.638503380009991E-003  8.638491281188421E-003
  8.638479076972279E-003  8.638466666876411E-003  8.638453996749198E-003
  8.638441335334828E-003  8.638428285195263E-003  8.638415089425852E-003
  8.638401686495167E-003  8.638388074066309E-003  8.638374257389753E-003
  8.638360479738420E-003  8.638346584140108E-003  8.638332707559197E-003
  8.638318939835528E-003  8.638305266502737E-003  8.638291805463565E-003
  8.638278751538990E-003  8.638266040293026E-003  8.638253836497410E-003
  8.638242172335941E-003  8.638231240624824E-003  8.638220926632243E-003
  8.638211433387355E-003  8.638202789815653E-003  8.638194850416571E-003
  8.638187804321124E-003  8.638181653001772E-003  8.638176230428661E-003
  8.638171634048536E-003  8.638167672122561E-003  8.638164319301171E-003
  8.638161508973523E-003  8.638159146331689E-003  8.638156882800705E-003
  8.638154899123243E-003  8.638152780252751E-003  8.638150609319432E-003
  8.638147910838332E-003  8.638144922068292E-003  8.638141266897242E-003
  8.638136914604367E-003  8.638131674817159E-003  8.638125566331140E-003
  8.638118453807788E-003  8.638110399092397E-003  8.638101280468019E-003
  8.638091234217883E-003  8.638080243201637E-003  8.638068418255838E-003
  8.638055959889134E-003  8.638042884915443E-003  8.638029531990533E-003
  8.638016116168511E-003  8.638002768299714E-003  8.637989824265070E-003
  8.637977572992863E-003  8.637966139862743E-003  8.637955938245939E-003
  8.637947219940999E-003  8.637940103054182E-003  8.637934968804670E-003
  8.637931910195610E-003  8.637930990679393E-003  8.637932444967326E-003
  8.637936267845163E-003  8.637942480687151E-003  8.637950975320134E-003
  8.637961502773519E-003  8.637974078053470E-003  8.637988548394622E-003
  8.638004423077959E-003  8.638021457719403E-003  8.638039306201602E-003
  8.638057458858985E-003  8.638075645225108E-003  8.638093391752538E-003
  8.638110283618583E-003  8.638125859326749E-003  8.638139908083591E-003
  8.638152111038484E-003  8.638162226775633E-003  8.638170075226284E-003
  8.638175888710220E-003  8.638179630640966E-003  8.638181890351331E-003
   1.00015296085346        1.00014657551411        1.00013836747131     
   1.00012937537169        1.00012016776800        1.00011110439294     
   1.00010240515683        1.00009419281316        1.00008652644443     
   1.00007942412444        1.00007287932152        1.00006687096770     
   1.00006137085972        1.00005634612579        1.00005176334614     
   1.00004758989914        1.00004379420258        1.00004034654131     
   1.00003721884651        1.00003438455961        1.00003181906307     
   1.00002949943045        1.00002740465979        1.00002551483775     
   1.00002381131700        1.00002227631920        1.00002089320280     
   1.00001964647244        1.00001852155497        1.00001750479197     
   1.00001658333793        1.00001574530290        1.00001497965721     
   1.00001427627740        1.00001362602381        1.00001302085970     
   1.00001245370352        1.00001191867707        1.00001141091509     
   1.00001092676779        1.00001046362762        1.00001002003323     
   1.00000959555903        1.00000919066311        1.00000880653791     
   1.00000844498749        1.00000810819505        1.00000779867153     
   1.00000751887166        1.00000727152617        1.00000705996254     
   1.00000688774582        1.00000674335618        1.00000661818644     
   1.00000650642944        1.00000640416772        1.00000630873730     
   1.00000621835333        1.00000613179364        1.00000604826830     
   1.00000596724010        1.00000588833892        1.00000581131182     
   1.00000573596052        1.00000566213638        1.00000558970794     
   1.00000551868020        1.00000544891620        1.00000538034613     
   1.00000531292974        1.00000524661535        1.00000518135498     
   1.00000511708096        1.00000505378098        1.00000499135776     
   1.00000492977425        1.00000486899419        1.00000480899152     
   1.00000474970105        1.00000469107126        1.00000463308921     
   1.00000457567077        1.00000451884956        1.00000446256737     
   1.00000440680210        1.00000435153880        1.00000429678805     
   1.00000424254546        1.00000418881043        1.00000413558542     
   1.00000408284775        1.00000403065467        1.00000397901734     
   1.00000392796681        1.00000387749723        1.00000382765732     
   1.00000377848464        1.00000372998604        1.00000368220209     
   1.00000363516678        1.00000358891380        1.00000354344989     
   1.00000349877672        1.00000345491091        1.00000341186864     
   1.00000336962339        1.00000332815199        1.00000328742127     
   1.00000324744271        1.00000320815305        1.00000316952991     
   1.00000313147480        1.00000309394449        1.00000305687883     
   1.00000302021751        1.00000298389485        1.00000294779973     
   1.00000291189032        1.00000287610840        1.00000284040893     
   1.00000280470832        1.00000276893808        1.00000273311345     
   1.00000269722395        1.00000266121036        1.00000262510259     
   1.00000258894474        1.00000255274982        1.00000251657311     
   1.00000248047308        1.00000244454061        1.00000240885338     
   1.00000237348053        1.00000233853876        1.00000230415180     
   1.00000227040847        1.00000223740707        1.00000220529149     
   1.00000217415422        1.00000214405981        1.00000211512903     
   1.00000208739553        1.00000206087072        1.00000203561638     
   1.00000201158161        1.00000198874363        1.00000196706545     
   1.00000194648354        1.00000192687090        1.00000190809239     
   1.00000188999782        1.00000187243824        1.00000185522426     
   1.00000183813468        1.00000182099973        1.00000180359261     
   1.00000178570802        1.00000176717185        1.00000174779313     
   1.00000172742247        1.00000170597672        1.00000168330264     
   1.00000165937102        1.00000163416000        1.00000160766427     
   1.00000157996227        1.00000155113101        1.00000152135500     
   1.00000149080559        1.00000145970958        1.00000142835233     
   1.00000139705707        1.00000136607482        1.00000133580324     
   1.00000130656820        1.00000127871863        1.00000125260161     
   1.00000122855160        1.00000120680555        1.00000118763153     
   1.00000117122551        1.00000115772096        1.00000114721853     
   1.00000113973600        1.00000113517930        1.00000113342722     
   1.00000113425385        1.00000113737155        1.00000114237986     
   1.00000114887085        1.00000115632736        1.00000116418738     
   1.00000117190897        1.00000117886516        1.00000118441609     
   1.00000118797597        1.00000118893627        1.00000118677242     
   1.00000118099916        1.00000117119496        1.00000115702394     
   1.00000113832923        1.00000111496461        1.00000108699960     
   1.00000105456117        1.00000101802083        1.00000097775843     
   1.00000093436582        1.00000088853018        1.00000084107994     
   1.00000079290660        1.00000074500499        1.00000069839577     
   1.00000065417182        1.00000061339608        1.00000057713453     
   1.00000054639428        1.00000052207438        1.00000050500697     
   1.00000049583057        1.00000049501411        1.00000050286989     
   1.00000051947076        1.00000054465501        1.00000057807228     
   1.00000061908196        1.00000066680678        1.00000072018124     
   1.00000077787153        1.00000083838466        1.00000090009466     
   1.00000096120470        1.00000101985136        1.00000107412499     
   1.00000112214402        1.00000116213166        1.00000119235844     
   1.00000121123327        1.00000121745219        1.00000120994778     
   1.00000118795139        1.00000115107228        1.00000109923759     
   1.00000103277474        1.00000095240037        1.00000085923380     
   1.00000075470234        1.00000064055748        1.00000051881787     
   1.00000039170129        1.00000026142498        1.00000013021531     
   1.51157193030549        1.51127844516375        1.51100854393719     
   1.51079786220571        1.51063102633906        1.51049583830445     
   1.51038534519822        1.51029407186077        1.51021799835038     
   1.51015367198429        1.51009861265996        1.51005053603283     
   1.51000859194770        1.50997145266971        1.50993817570771     
   1.50990831747582        1.50988131653792        1.50985690089103     
   1.50983494914376        1.50981514261523        1.50979730812964     
   1.50978109217733        1.50976652517192        1.50975346025851     
   1.50974192961980        1.50973179805072        1.50972291191169     
   1.50971521600605        1.50970863349685        1.50970313490980     
   1.50969861137500        1.50969501375786        1.50969227955142     
   1.50969032542013        1.50968902010053        1.50968832980340     
   1.50968809357129        1.50968826246218        1.50968872388575     
   1.50968940765436        1.50969013540004        1.50969080409440     
   1.50969133547254        1.50969166875201        1.50969173726707     
   1.50969152479075        1.50969095985890        1.50969051624733     
   1.50969023116084        1.50968975920931        1.50967248539747     
   1.50967628567936        1.50967939457944        1.50968198866899     
   1.50968420515682        1.50968615520530        1.50968790846098     
   1.50968952547741        1.50969103106920        1.50969245494714     
   1.50969381770843        1.50969513059419        1.50969640882761     
   1.50969765842123        1.50969889020837        1.50970006970600     
   1.50970125023777        1.50970241330986        1.50970355361888     
   1.50970467750948        1.50970578540479        1.50970688511528     
   1.50970795891954        1.50970903564093        1.50971009640519     
   1.50971114259596        1.50971217171979        1.50971319676347     
   1.50971421410409        1.50971521214186        1.50971621626462     
   1.50971718898619        1.50971816243021        1.50971912566572     
   1.50972007814796        1.50972101365643        1.50972193840128     
   1.50972285194719        1.50972375409301        1.50972465489690     
   1.50972552983274        1.50972639596341        1.50972724640587     
   1.50972809429879        1.50972892238699        1.50972973521111     
   1.50973054273375        1.50973133407820        1.50973211137337     
   1.50973287358353        1.50973362818802        1.50973437553718     
   1.50973510944550        1.50973582851268        1.50973654470790     
   1.50973725481226        1.50973796103688        1.50973864750695     
   1.50973933695230        1.50974001276560        1.50974069881580     
   1.50974137544369        1.50974204807170        1.50974271593306     
   1.50974338005489        1.50974405518718        1.50974471960363     
   1.50974538055631        1.50974603444735        1.50974669483555     
   1.50974735987031        1.50974800538292        1.50974864314948     
   1.50974929152296        1.50974992500856        1.50975054319627     
   1.50975115940383        1.50975176288161        1.50975235598978     
   1.50975293128755        1.50975349495422        1.50975405189979     
   1.50975458885045        1.50975510499869        1.50975561205614     
   1.50975610678150        1.50975657393148        1.50975702859557     
   1.50975747690472        1.50975789701149        1.50975831281108     
   1.50975872668175        1.50975911657505        1.50975951454868     
   1.50975990529189        1.50976028885512        1.50976066721209     
   1.50976105482342        1.50976144864205        1.50976184859079     
   1.50976225062503        1.50976266414048        1.50976309669868     
   1.50976353011284        1.50976398343731        1.50976445032825     
   1.50976492377932        1.50976541377008        1.50976591220916     
   1.50976640389298        1.50976691929880        1.50976742577534     
   1.50976793087460        1.50976843872188        1.50976893223298     
   1.50976942342076        1.50976988742572        1.50977033908664     
   1.50977076939327        1.50977116838671        1.50977153018274     
   1.50977188367230        1.50977218423745        1.50977245826992     
   1.50977269709946        1.50977289867161        1.50977306118720     
   1.50977320843818        1.50977332031885        1.50977340912457     
   1.50977348178429        1.50977353364074        1.50977357464306     
   1.50977362296911        1.50977366859932        1.50977372748466     
   1.50977380086705        1.50977390852081        1.50977403653505     
   1.50977420735347        1.50977442426958        1.50977467259283     
   1.50977497497483        1.50977533345714        1.50977573330317     
   1.50977618910177        1.50977668406981        1.50977722075963     
   1.50977779679779        1.50977840743453        1.50977902010671     
   1.50977966061593        1.50978028859683        1.50978091848602     
   1.50978150264941        1.50978207146333        1.50978258589841     
   1.50978304536274        1.50978342992339        1.50978374156056     
   1.50978396397630        1.50978410142463        1.50978413671189     
   1.50978407979956        1.50978392237826        1.50978366938719     
   1.50978333425787        1.50978290950739        1.50978242223803     
   1.50978188527818        1.50978130253301        1.50978070068660     
   1.50978010100743        1.50977950807731        1.50977895886124     
   1.50977847329655        1.50977805815497        1.50977775133466     
   1.50977756069802        1.50977749293937        1.50977757549067     
   1.50977781180192        1.50977821052153        1.50977876792300     
   1.50977946728061        1.50978032153521        1.50978132659153     
   1.50978244256244        1.50978365800759        1.50978495001416     
   1.50978627700876        1.50978762269998        1.50978894635866     
   1.50979021167460        1.50979137330374        1.50979240960428     
   1.50979328049453        1.50979394881507        1.50979437488142     
   1.50979455466444        1.50979444214376        1.50979404606757     
  0.685972046510370       0.684878228021046       0.684221509493318     
  0.683817138302490       0.683542215085844       0.683339827080068     
  0.683177743086028       0.683037147144978       0.682912942303596     
  0.682801934844349       0.682702128347171       0.682611816874581     
  0.682530261604274       0.682456370841883       0.682389269436812     
  0.682328392151891       0.682273085096548       0.682222888360974     
  0.682177454363146       0.682136318466284       0.682099124315201     
  0.682065410856013       0.682034991072400       0.682007576657005     
  0.681983011835255       0.681961048672106       0.681941434396254     
  0.681923990401418       0.681908537202720       0.681894932542563     
  0.681882990331591       0.681872573732035       0.681863541520583     
  0.681855745808363       0.681849015493780       0.681843244284449     
  0.681838254629780       0.681833943967343       0.681830653159563     
  0.681828202196075       0.681825958536478       0.681823844385574     
  0.681821798122454       0.681819772699561       0.681817725620601     
  0.681815640069478       0.681813479128610       0.681811803173332     
  0.681810630784538       0.681809441911938       0.681801269281590     
  0.681802238037399       0.681803052647077       0.681803775890343     
  0.681804437328425       0.681805054039613       0.681805631699650     
  0.681806176894023       0.681806688299351       0.681807169322243     
  0.681807622877257       0.681808050573241       0.681808456527021     
  0.681808842634004       0.681809212830463       0.681809556219359     
  0.681809891015640       0.681810212253402       0.681810518913480     
  0.681810813813301       0.681811097842321       0.681811374302240     
  0.681811637969191       0.681811898893472       0.681812151488298     
  0.681812396544826       0.681812633558245       0.681812867180306     
  0.681813096611425       0.681813318230982       0.681813540623326     
  0.681813751633128       0.681813961844893       0.681814167954849     
  0.681814369893994       0.681814565658976       0.681814757357394     
  0.681814944993803       0.681815128628186       0.681815311733369     
  0.681815486300557       0.681815657900768       0.681815824452490     
  0.681815990435756       0.681816150325705       0.681816305618454     
  0.681816459776517       0.681816609387453       0.681816755221820     
  0.681816897063071       0.681817037536887       0.681817176971105     
  0.681817313454611       0.681817446567107       0.681817580366735     
  0.681817713971899       0.681817848185447       0.681817977725744     
  0.681818110049491       0.681818239781987       0.681818374766431     
  0.681818508580721       0.681818642811059       0.681818777084139     
  0.681818911590039       0.681819051134740       0.681819188427055     
  0.681819325518781       0.681819461009307       0.681819599223563     
  0.681819739464130       0.681819873479556       0.681820004755250     
  0.681820139314569       0.681820268698823       0.681820392463665     
  0.681820514911415       0.681820632521980       0.681820746027785     
  0.681820852961361       0.681820955414226       0.681821055198753     
  0.681821148094498       0.681821233907720       0.681821316739588     
  0.681821395890700       0.681821466544888       0.681821533902413     
  0.681821600453496       0.681821659319665       0.681821718651197     
  0.681821779734879       0.681821835586335       0.681821896969270     
  0.681821959220894       0.681822022417334       0.681822087287138     
  0.681822158707435       0.681822235766719       0.681822318374718     
  0.681822404965357       0.681822498367933       0.681822600864150     
  0.681822706065161       0.681822819712788       0.681822939315678     
  0.681823061934344       0.681823190224266       0.681823320947558     
  0.681823448344820       0.681823581862382       0.681823710292036     
  0.681823835424027       0.681823958210406       0.681824072633413     
  0.681824182297251       0.681824278805238       0.681824366867807     
  0.681824443650669       0.681824505980948       0.681824552123992     
  0.681824592164568       0.681824612067614       0.681824621023151     
  0.681824617102433       0.681824600505553       0.681824571580124     
  0.681824539301989       0.681824498216050       0.681824453335286     
  0.681824408020855       0.681824361709534       0.681824318518765     
  0.681824285313992       0.681824259501622       0.681824246740400     
  0.681824247750638       0.681824269149459       0.681824306221127     
  0.681824365873440       0.681824448654254       0.681824548760651     
  0.681824672450226       0.681824819228039       0.681824982692590     
  0.681825165917932       0.681825361602197       0.681825568608627     
  0.681825784284454       0.681826005213109       0.681826218724166     
  0.681826431529336       0.681826628894825       0.681826814187443     
  0.681826970653461       0.681827107480044       0.681827211643180     
  0.681827282855025       0.681827314971929       0.681827309478830     
  0.681827262326052       0.681827176608920       0.681827048761639     
  0.681826884461942       0.681826683760992       0.681826451240594     
  0.681826194568741       0.681825914598621       0.681825623567981     
  0.681825329130038       0.681825035693926       0.681824754877088     
  0.681824496314508       0.681824263589693       0.681824070420664     
  0.681823924513604       0.681823828448636       0.681823794334295     
  0.681823823776918       0.681823917064786       0.681824080634910     
  0.681824312409816       0.681824611272443       0.681824971422945     
  0.681825382119889       0.681825842088836       0.681826344414730     
  0.681826870070388       0.681827409201993       0.681827948511781     
  0.681828468820195       0.681828959764358       0.681829403715145     
  0.681829785176014       0.681830086579085       0.681830299240490     
  0.681830409684449       0.681830406447600       0.681830278408949     
  0.681830027482158       0.681829642930706       0.681829132938878     
 -5.768235845975678E-003 -9.576537570217055E-004 -8.425222577517071E-004
 -7.459473389050717E-004 -6.640658995861058E-004 -5.934466979458093E-004
 -5.323797600674825E-004 -4.793281033118169E-004 -4.330744098720172E-004
 -3.924169046966944E-004 -3.564419983499009E-004 -3.242171141147123E-004
 -2.954134918168931E-004 -2.694316325638238E-004 -2.458251241913177E-004
 -2.243670613185195E-004 -2.047670193936546E-004 -1.868672561046737E-004
 -1.705797623758667E-004 -1.557232898791258E-004 -1.421856323754313E-004
 -1.297714864302592E-004 -1.184688921707554E-004 -1.081849897893730E-004
 -9.891289787679095E-005 -9.056800925345280E-005 -8.305799743994984E-005
 -7.633819807826494E-005 -7.035508545890201E-005 -6.507839157353014E-005
 -6.044117404468815E-005 -5.640520256671174E-005 -5.292646263438424E-005
 -4.995135321766382E-005 -4.740400496674123E-005 -4.525483642756720E-005
 -4.341473641282653E-005 -4.184783785267402E-005 -4.048738605269072E-005
 -3.928866983661392E-005 -3.815776648120397E-005 -3.703584922373971E-005
 -3.587726275492924E-005 -3.464609279444215E-005 -3.330525641356356E-005
 -3.184297888007530E-005 -3.022308351631868E-005 -2.865566676831993E-005
 -2.715256108646867E-005 -2.555161615799931E-005 -1.650209396416993E-005
 -1.694917965283199E-005 -1.722680207557472E-005 -1.737174350639179E-005
 -1.741682598503810E-005 -1.739276906313222E-005 -1.731731648053088E-005
 -1.720893979350439E-005 -1.707207097394434E-005 -1.691602887930783E-005
 -1.674736498280073E-005 -1.656919452974963E-005 -1.638730568633588E-005
 -1.620349301859717E-005 -1.602217325713632E-005 -1.582579639445978E-005
 -1.564016526115883E-005 -1.545585937725889E-005 -1.526992301524376E-005
 -1.508523315556019E-005 -1.490181297214383E-005 -1.472331306123260E-005
 -1.454086384980483E-005 -1.436849189698443E-005 -1.419674656888759E-005
 -1.402614367724525E-005 -1.385532269295043E-005 -1.369057793516786E-005
 -1.352999001088480E-005 -1.336770890536292E-005 -1.321604531402847E-005
 -1.305646039812742E-005 -1.290459446815777E-005 -1.275495118548048E-005
 -1.260716536573786E-005 -1.245803854872409E-005 -1.231049788632775E-005
 -1.216425384906268E-005 -1.201913523025801E-005 -1.187996566154296E-005
 -1.173457057660947E-005 -1.159123338211091E-005 -1.144655916117272E-005
 -1.130687807164204E-005 -1.116363551571396E-005 -1.101899914600721E-005
 -1.087782918546292E-005 -1.073470434013631E-005 -1.059061125164294E-005
 -1.044501852155559E-005 -1.030159465216730E-005 -1.016051040630075E-005
 -1.001867028313071E-005 -9.875338771221980E-006 -9.736438596255526E-006
 -9.600360410935493E-006 -9.468134010254260E-006 -9.331883788965521E-006
 -9.202767969879568E-006 -9.072647514293788E-006 -8.953191964725690E-006
 -8.834681507045372E-006 -8.719694240281567E-006 -8.607794573932973E-006
 -8.499446993457674E-006 -8.401819931243940E-006 -8.304132951721237E-006
 -8.209842194584605E-006 -8.117125268509919E-006 -8.032559505627381E-006
 -7.955094512113025E-006 -7.872706755249360E-006 -7.791074345896100E-006
 -7.719143023324810E-006 -7.644259914320735E-006 -7.566076269699290E-006
 -7.491070320317889E-006 -7.413885090674049E-006 -7.335601282735900E-006
 -7.252453272463055E-006 -7.167461583920984E-006 -7.083018843363797E-006
 -6.992524960819890E-006 -6.895523750378179E-006 -6.797784311105710E-006
 -6.697724311221856E-006 -6.587827697520707E-006 -6.475534846013336E-006
 -6.363932815261738E-006 -6.242371995642751E-006 -6.122689598744882E-006
 -6.006137934011286E-006 -5.881940524585280E-006 -5.765881127962202E-006
 -5.650516513016789E-006 -5.535894281255322E-006 -5.423055320902284E-006
 -5.319199383798394E-006 -5.222835336792014E-006 -5.133969325183613E-006
 -5.050569773475485E-006 -4.977253935174338E-006 -4.917689432208491E-006
 -4.862838974806865E-006 -4.821948273519955E-006 -4.791815208408586E-006
 -4.768814833635008E-006 -4.757671335995804E-006 -4.754203616478983E-006
 -4.750772558870859E-006 -4.762178952062162E-006 -4.772140652683705E-006
 -4.784118922024884E-006 -4.799985745522520E-006 -4.811147936183559E-006
 -4.823243892807272E-006 -4.823884957192238E-006 -4.820205721216459E-006
 -4.807684819967822E-006 -4.781322243690483E-006 -4.738177507873685E-006
 -4.692455291788587E-006 -4.622267658002380E-006 -4.540607081728161E-006
 -4.443361545189916E-006 -4.329667209763585E-006 -4.198860705415173E-006
 -4.062900422505918E-006 -3.912170815069822E-006 -3.752955299011147E-006
 -3.588997978280166E-006 -3.418294431205511E-006 -3.246066649094884E-006
 -3.081610437021580E-006 -2.920285832771161E-006 -2.770212087351810E-006
 -2.632308207172864E-006 -2.516448700243836E-006 -2.415998591827302E-006
 -2.342049575816606E-006 -2.296234419005743E-006 -2.271277310516589E-006
 -2.278194824370689E-006 -2.317838806979352E-006 -2.382697712241705E-006
 -2.479580044890450E-006 -2.599816915820189E-006 -2.744201602072731E-006
 -2.911055062635460E-006 -3.097466477745132E-006 -3.286867133730941E-006
 -3.491346037146713E-006 -3.690498562509634E-006 -3.890833563303815E-006
 -4.068445751887327E-006 -4.237789915095812E-006 -4.379323481693825E-006
 -4.492404210975794E-006 -4.567063940683492E-006 -4.604176915663083E-006
 -4.595763751724895E-006 -4.544089811159419E-006 -4.440988908265202E-006
 -4.291795065321206E-006 -4.092955946956428E-006 -3.847580958064375E-006
 -3.563077826907866E-006 -3.236698778069664E-006 -2.882794400585254E-006
 -2.508713360783536E-006 -2.117480413782265E-006 -1.723309416537683E-006
 -1.337775457472236E-006 -9.641637815720810E-007 -6.216593742570298E-007
 -3.209799977192796E-007 -6.625212460478751E-008  1.233051595811611E-007
  2.434172844064724E-007  2.905328744207321E-007  2.511391189201934E-007
  1.237047269359463E-007 -9.559816126855309E-008 -4.042826049340059E-007
 -7.932664873107487E-007 -1.267975611333582E-006 -1.825241047417250E-006
 -2.444143231058382E-006 -3.117582559948691E-006 -3.832845103491213E-006
 -4.568063290329746E-006 -5.313875123629172E-006 -6.049089889883008E-006
 -6.754846073549543E-006 -7.408271234546353E-006 -7.998544041344212E-006
 -8.506312491990905E-006 -8.914391272508932E-006 -9.205297829574749E-006
 -9.380193472003766E-006 -9.420989968932291E-006 -9.338204709940689E-006
