         13.371165
         13.365682
         13.365969
         13.366406
         13.366822
         13.367204
         13.367555
         13.367875
         13.368166
         13.368430
         13.368670
         13.368888
         13.369085
         13.369265
         13.369427
         13.369575
         13.369709
         13.369831
         13.369942
         13.370044
         13.370136
         13.370221
         13.370298
         13.370368
         13.370433
         13.370492
         13.370547
         13.370597
         13.370643
         13.370685
         13.370724
         13.370759
         13.370793
         13.370823
         13.370851
         13.370877
         13.370901
         13.370923
         13.370944
         13.370963
         13.370981
         13.370998
         13.371013
         13.371027
         13.371040
         13.371053
         13.371064
         13.371075
         13.371085
         13.371094
         13.371103
         13.371111
         13.371118
         13.371125
         13.371132
         13.371138
         13.371144
         13.371149
         13.371154
         13.371159
         13.371163
         13.371168
         13.371172
         13.371175
         13.371179
         13.371182
         13.371185
         13.371188
         13.371191
         13.371193
         13.371196
         13.371198
         13.371200
         13.371202
         13.371204
         13.371206
         13.371208
         13.371209
         13.371211
         13.371212
         13.371214
         13.371215
         13.371216
         13.371217
         13.371218
         13.371220
         13.371221
         13.371222
         13.371222
         13.371223
         13.371224
         13.371225
         13.371226
         13.371226
         13.371227
         13.371228
         13.371228
         13.371229
         13.371229
         13.371230
         13.371230
         13.371231
         13.371231
         13.371232
         13.371232
         13.371232
         13.371233
         13.371233
         13.371233
         13.371233
         13.371234
         13.371234
         13.371234
         13.371234
         13.371235
         13.371235
         13.371235
         13.371235
         13.371235
         13.371236
         13.371236
         13.371236
         13.371236
         13.371236
         13.371236
         13.371236
         13.371236
         13.371236
         13.371236
         13.371237
         13.371237
         13.371237
         13.371237
         13.371237
         13.371236
         13.371236
         13.371236
         13.371236
         13.371236
         13.371236
         13.371236
         13.371236
         13.371236
         13.371236
         13.371236
         13.371235
         13.371235
         13.371235
         13.371235
         13.371235
         13.371235
         13.371235
         13.371235
         13.371235
         13.371235
         13.371235
         13.371235
         13.371235
         13.371235
         13.371234
         13.371234
         13.371234
         13.371234
         13.371234
         13.371234
         13.371234
         13.371234
         13.371234
         13.371233
         13.371233
         13.371233
         13.371233
         13.371232
         13.371232
         13.371232
         13.371232
         13.371231
         13.371231
         13.371231
         13.371231
         13.371230
         13.371230
         13.371230
         13.371230
         13.371230
         13.371229
         13.371229
         13.371229
         13.371229
         13.371229
         13.371229
         13.371229
         13.371229
         13.371229
         13.371229
         13.371229
         13.371229
         13.371229
         13.371229
         13.371229
         13.371229
         13.371229
         13.371229
         13.371229
         13.371228
         13.371228
         13.371228
         13.371227
         13.371227
         13.371227
         13.371226
         13.371226
         13.371225
         13.371225
         13.371225
         13.371224
         13.371224
         13.371224
         13.371224
         13.371223
         13.371223
         13.371224
         13.371224
         13.371224
         13.371224
         13.371225
         13.371225
         13.371225
         13.371226
         13.371226
         13.371227
         13.371227
         13.371228
         13.371228
         13.371229
         13.371229
         13.371229
         13.371229
         13.371229
         13.371229
         13.371229
         13.371228
         13.371228
         13.371228
         13.371227
         13.371227
         13.371227
         13.371226
         13.371226
         13.371226
         13.371226
         13.371226
         13.371227
