          0.614115
          0.614397
          0.614472
          0.614530
          0.614583
          0.614630
          0.614672
          0.614711
          0.614746
          0.614778
          0.614808
          0.614835
          0.614859
          0.614882
          0.614903
          0.614923
          0.614941
          0.614958
          0.614974
          0.614988
          0.615002
          0.615014
          0.615026
          0.615037
          0.615047
          0.615056
          0.615064
          0.615072
          0.615080
          0.615087
          0.615093
          0.615099
          0.615105
          0.615110
          0.615115
          0.615120
          0.615124
          0.615128
          0.615132
          0.615135
          0.615138
          0.615141
          0.615144
          0.615147
          0.615150
          0.615152
          0.615154
          0.615156
          0.615158
          0.615160
          0.615162
          0.615164
          0.615165
          0.615167
          0.615168
          0.615169
          0.615171
          0.615172
          0.615173
          0.615174
          0.615175
          0.615176
          0.615177
          0.615178
          0.615178
          0.615179
          0.615180
          0.615180
          0.615181
          0.615182
          0.615182
          0.615183
          0.615183
          0.615184
          0.615184
          0.615185
          0.615185
          0.615185
          0.615186
          0.615186
          0.615186
          0.615187
          0.615187
          0.615187
          0.615188
          0.615188
          0.615188
          0.615188
          0.615188
          0.615189
          0.615189
          0.615189
          0.615189
          0.615189
          0.615190
          0.615190
          0.615190
          0.615190
          0.615190
          0.615190
          0.615190
          0.615190
          0.615190
          0.615191
          0.615191
          0.615191
          0.615191
          0.615191
          0.615191
          0.615191
          0.615191
          0.615191
          0.615191
          0.615191
          0.615191
          0.615191
          0.615191
          0.615191
          0.615191
          0.615191
          0.615191
          0.615192
          0.615192
          0.615192
          0.615192
          0.615192
          0.615192
          0.615192
          0.615192
          0.615192
          0.615192
          0.615192
          0.615192
          0.615192
          0.615192
          0.615192
          0.615192
          0.615192
          0.615192
          0.615192
          0.615192
          0.615192
          0.615192
          0.615192
          0.615192
          0.615192
          0.615192
          0.615192
          0.615192
          0.615192
          0.615192
          0.615192
          0.615192
          0.615192
          0.615192
          0.615192
          0.615192
          0.615192
          0.615192
          0.615192
          0.615192
          0.615192
          0.615192
          0.615192
          0.615192
          0.615192
          0.615192
          0.615192
          0.615192
          0.615192
          0.615192
          0.615192
          0.615192
          0.615192
          0.615192
          0.615192
          0.615192
          0.615192
          0.615192
          0.615192
          0.615192
          0.615192
          0.615192
          0.615192
          0.615192
          0.615192
          0.615192
          0.615192
          0.615192
          0.615192
          0.615192
          0.615192
          0.615192
          0.615192
          0.615192
          0.615192
          0.615192
          0.615192
          0.615192
          0.615192
          0.615192
          0.615192
          0.615192
          0.615192
          0.615192
          0.615192
          0.615192
          0.615192
          0.615192
          0.615191
          0.615191
          0.615191
          0.615191
          0.615191
          0.615191
          0.615191
          0.615191
          0.615191
          0.615191
          0.615191
          0.615191
          0.615191
          0.615191
          0.615191
          0.615191
          0.615191
          0.615191
          0.615191
          0.615191
          0.615191
          0.615191
          0.615191
          0.615191
          0.615191
          0.615191
          0.615191
          0.615191
          0.615191
          0.615191
          0.615191
          0.615191
          0.615191
          0.615191
          0.615191
          0.615191
          0.615191
          0.615191
          0.615191
          0.615191
          0.615191
          0.615191
          0.615191
