         -0.004119
         -0.000785
         -0.000735
         -0.000659
         -0.000588
         -0.000523
         -0.000463
         -0.000408
         -0.000359
         -0.000315
         -0.000275
         -0.000240
         -0.000208
         -0.000180
         -0.000156
         -0.000134
         -0.000115
         -0.000098
         -0.000083
         -0.000070
         -0.000059
         -0.000049
         -0.000040
         -0.000032
         -0.000025
         -0.000020
         -0.000014
         -0.000010
         -0.000006
         -0.000003
          0.000000
          0.000003
          0.000005
          0.000006
          0.000008
          0.000009
          0.000010
          0.000011
          0.000011
          0.000012
          0.000012
          0.000013
          0.000013
          0.000013
          0.000013
          0.000013
          0.000013
          0.000013
          0.000012
          0.000012
          0.000012
          0.000012
          0.000011
          0.000011
          0.000011
          0.000011
          0.000010
          0.000010
          0.000010
          0.000009
          0.000009
          0.000009
          0.000008
          0.000008
          0.000008
          0.000008
          0.000007
          0.000007
          0.000007
          0.000007
          0.000006
          0.000006
          0.000006
          0.000006
          0.000005
          0.000005
          0.000005
          0.000005
          0.000005
          0.000005
          0.000004
          0.000004
          0.000004
          0.000004
          0.000004
          0.000004
          0.000004
          0.000003
          0.000003
          0.000003
          0.000003
          0.000003
          0.000003
          0.000003
          0.000003
          0.000003
          0.000003
          0.000002
          0.000002
          0.000002
          0.000002
          0.000002
          0.000002
          0.000002
          0.000002
          0.000002
          0.000002
          0.000002
          0.000002
          0.000002
          0.000002
          0.000002
          0.000002
          0.000002
          0.000002
          0.000002
          0.000002
          0.000002
          0.000001
          0.000001
          0.000001
          0.000001
          0.000001
          0.000001
          0.000001
          0.000001
          0.000001
          0.000001
          0.000001
          0.000001
          0.000001
          0.000001
          0.000001
          0.000001
          0.000001
          0.000001
          0.000001
          0.000001
          0.000001
          0.000001
          0.000001
          0.000001
          0.000001
          0.000001
          0.000001
          0.000001
          0.000001
          0.000001
          0.000001
          0.000001
          0.000001
          0.000001
          0.000001
          0.000001
          0.000001
          0.000001
          0.000001
          0.000001
          0.000001
          0.000001
          0.000001
          0.000001
          0.000001
          0.000001
          0.000001
          0.000001
          0.000001
          0.000001
          0.000001
          0.000001
          0.000001
          0.000001
          0.000001
          0.000001
          0.000001
          0.000001
          0.000001
          0.000001
          0.000001
          0.000001
          0.000001
          0.000001
          0.000001
          0.000001
          0.000001
          0.000001
          0.000001
          0.000001
          0.000001
          0.000001
          0.000001
          0.000001
          0.000001
          0.000001
          0.000001
          0.000001
          0.000001
          0.000001
          0.000001
          0.000001
          0.000001
          0.000001
          0.000001
          0.000001
          0.000001
          0.000001
          0.000001
          0.000001
          0.000001
          0.000001
          0.000001
          0.000001
          0.000001
          0.000001
          0.000001
          0.000001
          0.000001
          0.000001
          0.000001
          0.000001
          0.000001
          0.000001
          0.000001
          0.000001
          0.000001
          0.000001
          0.000001
          0.000000
          0.000000
          0.000000
          0.000000
          0.000000
          0.000000
          0.000000
          0.000000
          0.000000
          0.000000
          0.000000
          0.000000
          0.000000
          0.000001
          0.000001
          0.000001
          0.000001
          0.000001
          0.000001
          0.000001
          0.000002
          0.000002
          0.000002
          0.000002
          0.000002
