          0.282617
          0.282652
          0.282698
          0.282740
          0.282777
          0.282810
          0.282840
          0.282866
          0.282889
          0.282909
          0.282927
          0.282943
          0.282957
          0.282969
          0.282979
          0.282988
          0.282996
          0.283003
          0.283009
          0.283014
          0.283018
          0.283022
          0.283025
          0.283027
          0.283029
          0.283031
          0.283033
          0.283034
          0.283034
          0.283035
          0.283036
          0.283036
          0.283036
          0.283036
          0.283036
          0.283036
          0.283035
          0.283035
          0.283035
          0.283034
          0.283034
          0.283033
          0.283033
          0.283032
          0.283032
          0.283031
          0.283031
          0.283030
          0.283030
          0.283029
          0.283028
          0.283028
          0.283027
          0.283027
          0.283026
          0.283026
          0.283025
          0.283025
          0.283025
          0.283024
          0.283024
          0.283023
          0.283023
          0.283023
          0.283022
          0.283022
          0.283022
          0.283021
          0.283021
          0.283021
          0.283020
          0.283020
          0.283020
          0.283020
          0.283019
          0.283019
          0.283019
          0.283019
          0.283019
          0.283018
          0.283018
          0.283018
          0.283018
          0.283018
          0.283018
          0.283017
          0.283017
          0.283017
          0.283017
          0.283017
          0.283017
          0.283017
          0.283017
          0.283017
          0.283016
          0.283016
          0.283016
          0.283016
          0.283016
          0.283016
          0.283016
          0.283016
          0.283016
          0.283016
          0.283016
          0.283016
          0.283016
          0.283016
          0.283016
          0.283015
          0.283015
          0.283015
          0.283015
          0.283015
          0.283015
          0.283015
          0.283015
          0.283015
          0.283015
          0.283015
          0.283015
          0.283015
          0.283015
          0.283015
          0.283015
          0.283015
          0.283015
          0.283015
          0.283015
          0.283015
          0.283015
          0.283015
          0.283015
          0.283015
          0.283015
          0.283015
          0.283015
          0.283015
          0.283015
          0.283015
          0.283015
          0.283015
          0.283015
          0.283015
          0.283015
          0.283015
          0.283015
          0.283015
          0.283015
          0.283015
          0.283015
          0.283015
          0.283015
          0.283015
          0.283015
          0.283015
          0.283015
          0.283015
          0.283015
          0.283015
          0.283015
          0.283015
          0.283015
          0.283015
          0.283015
          0.283015
          0.283015
          0.283015
          0.283015
          0.283015
          0.283014
          0.283014
          0.283014
          0.283014
          0.283014
          0.283014
          0.283014
          0.283014
          0.283014
          0.283014
          0.283014
          0.283014
          0.283014
          0.283014
          0.283014
          0.283014
          0.283014
          0.283014
          0.283014
          0.283014
          0.283014
          0.283014
          0.283014
          0.283014
          0.283014
          0.283014
          0.283014
          0.283014
          0.283014
          0.283014
          0.283014
          0.283014
          0.283014
          0.283014
          0.283014
          0.283014
          0.283014
          0.283014
          0.283014
          0.283014
          0.283014
          0.283014
          0.283014
          0.283014
          0.283014
          0.283014
          0.283014
          0.283014
          0.283014
          0.283014
          0.283014
          0.283014
          0.283014
          0.283014
          0.283014
          0.283014
          0.283014
          0.283014
          0.283014
          0.283014
          0.283014
          0.283014
          0.283015
          0.283015
          0.283015
          0.283015
          0.283015
          0.283015
          0.283015
          0.283015
          0.283014
          0.283014
          0.283014
          0.283014
          0.283014
          0.283014
          0.283014
          0.283014
          0.283014
          0.283014
          0.283014
          0.283014
