          0.000958
          0.000948
          0.000939
          0.000929
          0.000920
          0.000911
          0.000902
          0.000893
          0.000884
          0.000875
          0.000866
          0.000857
          0.000849
          0.000840
          0.000832
          0.000824
          0.000815
          0.000807
          0.000799
          0.000791
          0.000783
          0.000775
          0.000768
          0.000760
          0.000752
          0.000745
          0.000737
          0.000730
          0.000723
          0.000716
          0.000708
          0.000701
          0.000694
          0.000687
          0.000680
          0.000674
          0.000667
          0.000660
          0.000654
          0.000647
          0.000641
          0.000634
          0.000628
          0.000622
          0.000615
          0.000609
          0.000603
          0.000597
          0.000591
          0.000585
          0.000579
          0.000574
          0.000568
          0.000562
          0.000557
          0.000551
          0.000546
          0.000540
          0.000535
          0.000529
          0.000524
          0.000519
          0.000514
          0.000508
          0.000503
          0.000498
          0.000493
          0.000488
          0.000484
          0.000479
          0.000474
          0.000469
          0.000464
          0.000460
          0.000455
          0.000451
          0.000446
          0.000442
          0.000437
          0.000433
          0.000429
          0.000424
          0.000420
          0.000416
          0.000412
          0.000408
          0.000404
          0.000399
          0.000395
          0.000392
          0.000388
          0.000384
          0.000380
          0.000376
          0.000372
          0.000369
          0.000365
          0.000361
          0.000358
          0.000354
          0.000351
          0.000347
          0.000344
          0.000340
          0.000337
          0.000333
          0.000330
          0.000327
          0.000323
          0.000320
          0.000317
          0.000314
          0.000311
          0.000308
          0.000305
          0.000301
          0.000298
          0.000295
          0.000293
          0.000290
          0.000287
          0.000284
          0.000281
          0.000278
          0.000275
          0.000273
          0.000270
          0.000267
          0.000265
          0.000262
          0.000259
          0.000257
          0.000254
          0.000252
          0.000249
          0.000247
          0.000244
          0.000242
          0.000239
          0.000237
          0.000235
          0.000232
          0.000230
          0.000228
          0.000225
          0.000223
          0.000221
          0.000219
          0.000216
          0.000214
          0.000212
          0.000210
          0.000208
          0.000206
          0.000204
          0.000202
          0.000200
          0.000198
          0.000196
          0.000194
          0.000192
          0.000190
          0.000188
          0.000186
          0.000184
          0.000182
          0.000181
          0.000179
          0.000177
          0.000175
          0.000173
          0.000172
          0.000170
          0.000168
          0.000167
          0.000165
          0.000163
          0.000162
          0.000160
          0.000158
          0.000157
          0.000155
          0.000154
          0.000152
          0.000151
          0.000149
          0.000148
          0.000146
          0.000145
          0.000143
          0.000142
          0.000140
          0.000139
          0.000138
          0.000136
          0.000135
          0.000134
          0.000132
          0.000131
          0.000130
          0.000128
          0.000127
          0.000126
          0.000125
          0.000123
          0.000122
          0.000121
          0.000120
          0.000118
          0.000117
          0.000116
          0.000115
          0.000114
          0.000113
          0.000111
          0.000110
          0.000109
          0.000108
          0.000107
          0.000106
          0.000105
          0.000104
          0.000103
          0.000102
          0.000101
          0.000100
          0.000099
          0.000098
          0.000097
          0.000096
          0.000095
          0.000094
          0.000093
          0.000092
          0.000091
          0.000090
          0.000089
          0.000088
          0.000088
          0.000087
          0.000086
          0.000085
          0.000084
          0.000083
          0.000082
          0.000082
          0.000081
          0.000080
          0.000079
          0.000078
          0.000078
          0.000077
          0.000076
          0.000075
          0.000075
          0.000074
          0.000073
          0.000072
          0.000072
          0.000071
          0.000070
          0.000070
          0.000069
          0.000068
          0.000067
          0.000067
          0.000066
          0.000065
          0.000065
          0.000064
          0.000063
          0.000063
          0.000062
          0.000062
          0.000061
          0.000060
          0.000060
          0.000059
          0.000059
          0.000058
          0.000057
          0.000057
          0.000056
          0.000056
          0.000055
          0.000055
          0.000054
          0.000054
          0.000053
          0.000052
          0.000052
          0.000051
          0.000051
          0.000050
          0.000050
          0.000049
          0.000049
          0.000048
          0.000048
          0.000047
          0.000047
          0.000047
          0.000046
          0.000046
          0.000045
          0.000045
          0.000044
          0.000044
          0.000043
          0.000043
          0.000042
          0.000042
          0.000042
          0.000041
          0.000041
          0.000040
          0.000040
          0.000040
          0.000039
          0.000039
          0.000038
          0.000038
          0.000038
          0.000037
          0.000037
          0.000037
          0.000036
          0.000036
          0.000035
          0.000035
          0.000035
          0.000034
          0.000034
          0.000034
          0.000033
          0.000033
          0.000033
          0.000032
          0.000032
          0.000032
          0.000031
          0.000031
          0.000031
          0.000030
          0.000030
          0.000030
          0.000030
          0.000029
          0.000029
          0.000029
          0.000028
          0.000028
          0.000028
          0.000028
          0.000027
          0.000027
          0.000027
          0.000026
          0.000026
          0.000026
          0.000026
          0.000025
          0.000025
          0.000025
          0.000025
          0.000024
          0.000024
          0.000024
          0.000024
          0.000023
          0.000023
          0.000023
          0.000023
          0.000023
          0.000022
          0.000022
          0.000022
          0.000022
          0.000021
          0.000021
          0.000021
          0.000021
          0.000021
          0.000020
          0.000020
          0.000020
          0.000020
          0.000020
          0.000019
          0.000019
          0.000019
          0.000019
          0.000019
          0.000018
          0.000018
          0.000018
          0.000018
          0.000018
          0.000018
          0.000017
          0.000017
          0.000017
          0.000017
          0.000017
          0.000017
          0.000016
          0.000016
          0.000016
          0.000016
          0.000016
          0.000016
          0.000015
          0.000015
          0.000015
          0.000015
          0.000015
          0.000015
          0.000014
          0.000014
          0.000014
          0.000014
          0.000014
          0.000014
          0.000014
          0.000014
          0.000013
          0.000013
          0.000013
          0.000013
          0.000013
          0.000013
          0.000013
          0.000012
          0.000012
          0.000012
          0.000012
          0.000012
          0.000012
          0.000012
          0.000012
          0.000012
          0.000011
          0.000011
          0.000011
          0.000011
          0.000011
          0.000011
          0.000011
          0.000011
          0.000011
          0.000010
          0.000010
          0.000010
          0.000010
          0.000010
          0.000010
          0.000010
          0.000010
          0.000010
          0.000010
          0.000009
          0.000009
          0.000009
          0.000009
          0.000009
          0.000009
          0.000009
          0.000009
          0.000009
          0.000009
          0.000009
          0.000008
          0.000008
          0.000008
          0.000008
          0.000008
          0.000008
          0.000008
          0.000008
          0.000008
          0.000008
          0.000008
          0.000008
          0.000007
          0.000007
          0.000007
          0.000007
          0.000007
          0.000007
          0.000007
          0.000007
          0.000007
          0.000007
          0.000007
          0.000007
          0.000007
          0.000007
          0.000006
          0.000006
          0.000006
          0.000006
          0.000006
          0.000006
          0.000006
          0.000006
          0.000006
          0.000006
          0.000006
          0.000006
          0.000006
          0.000006
          0.000006
          0.000006
          0.000006
          0.000005
          0.000005
          0.000005
          0.000005
          0.000005
          0.000005
          0.000005
          0.000005
          0.000005
          0.000005
          0.000005
          0.000005
          0.000005
          0.000005
          0.000005
          0.000005
          0.000005
          0.000005
          0.000005
          0.000005
          0.000004
          0.000004
          0.000004
          0.000004
          0.000004
          0.000004
          0.000004
          0.000004
          0.000004
          0.000004
          0.000004
          0.000004
          0.000004
          0.000004
          0.000004
          0.000004
          0.000004
          0.000004
          0.000004
          0.000004
          0.000004
          0.000004
          0.000004
          0.000004
          0.000004
          0.000003
          0.000003
          0.000003
          0.000003
          0.000003
          0.000003
          0.000003
          0.000003
          0.000003
          0.000003
          0.000003
          0.000003
          0.000003
          0.000003
          0.000003
          0.000003
          0.000003
          0.000003
          0.000003
          0.000003
          0.000003
          0.000003
          0.000003
          0.000003
          0.000003
          0.000003
          0.000003
          0.000003
          0.000003
          0.000003
          0.000003
          0.000003
          0.000003
          0.000002
          0.000002
          0.000002
          0.000002
          0.000002
          0.000002
          0.000002
          0.000002
          0.000002
          0.000002
          0.000002
          0.000002
          0.000002
          0.000002
          0.000002
          0.000002
          0.000002
          0.000002
          0.000002
          0.000002
          0.000002
          0.000002
          0.000002
          0.000002
          0.000002
          0.000002
          0.000002
          0.000002
          0.000002
          0.000002
          0.000002
          0.000002
          0.000002
          0.000002
          0.000002
          0.000002
          0.000002
          0.000002
          0.000002
          0.000002
          0.000002
          0.000002
          0.000002
          0.000002
          0.000002
          0.000002
          0.000002
          0.000002
          0.000002
          0.000002
          0.000002
          0.000001
          0.000001
          0.000001
          0.000001
          0.000001
          0.000001
          0.000001
          0.000001
          0.000001
          0.000001
          0.000001
          0.000001
          0.000001
          0.000001
          0.000001
          0.000001
          0.000001
          0.000001
          0.000001
          0.000001
          0.000001
          0.000001
          0.000001
          0.000001
          0.000001
          0.000001
          0.000001
          0.000001
          0.000001
          0.000001
          0.000001
          0.000001
          0.000001
          0.000001
          0.000001
          0.000001
          0.000001
          0.000001
