          0.008637
          0.008903
          0.008896
          0.008869
          0.008843
          0.008819
          0.008798
          0.008778
          0.008761
          0.008745
          0.008732
          0.008720
          0.008709
          0.008699
          0.008691
          0.008683
          0.008677
          0.008671
          0.008666
          0.008661
          0.008657
          0.008654
          0.008651
          0.008648
          0.008646
          0.008644
          0.008642
          0.008640
          0.008639
          0.008638
          0.008637
          0.008636
          0.008635
          0.008635
          0.008634
          0.008634
          0.008634
          0.008633
          0.008633
          0.008633
          0.008633
          0.008633
          0.008633
          0.008633
          0.008633
          0.008633
          0.008633
          0.008633
          0.008633
          0.008633
          0.008633
          0.008633
          0.008633
          0.008633
          0.008634
          0.008634
          0.008634
          0.008634
          0.008634
          0.008634
          0.008634
          0.008634
          0.008634
          0.008635
          0.008635
          0.008635
          0.008635
          0.008635
          0.008635
          0.008635
          0.008635
          0.008635
          0.008635
          0.008636
          0.008636
          0.008636
          0.008636
          0.008636
          0.008636
          0.008636
          0.008636
          0.008636
          0.008636
          0.008636
          0.008636
          0.008636
          0.008636
          0.008636
          0.008636
          0.008636
          0.008636
          0.008637
          0.008637
          0.008637
          0.008637
          0.008637
          0.008637
          0.008637
          0.008637
          0.008637
          0.008637
          0.008637
          0.008637
          0.008637
          0.008637
          0.008637
          0.008637
          0.008637
          0.008637
          0.008637
          0.008637
          0.008637
          0.008637
          0.008637
          0.008637
          0.008637
          0.008637
          0.008637
          0.008637
          0.008637
          0.008637
          0.008637
          0.008637
          0.008637
          0.008637
          0.008637
          0.008637
          0.008637
          0.008637
          0.008637
          0.008637
          0.008637
          0.008637
          0.008637
          0.008637
          0.008637
          0.008637
          0.008637
          0.008637
          0.008637
          0.008637
          0.008637
          0.008637
          0.008637
          0.008637
          0.008637
          0.008637
          0.008637
          0.008637
          0.008637
          0.008637
          0.008637
          0.008637
          0.008637
          0.008637
          0.008637
          0.008637
          0.008637
          0.008637
          0.008637
          0.008637
          0.008637
          0.008637
          0.008637
          0.008637
          0.008637
          0.008637
          0.008637
          0.008637
          0.008637
          0.008637
          0.008637
          0.008637
          0.008637
          0.008637
          0.008637
          0.008637
          0.008637
          0.008637
          0.008637
          0.008637
          0.008637
          0.008637
          0.008637
          0.008637
          0.008637
          0.008637
          0.008637
          0.008637
          0.008637
          0.008637
          0.008637
          0.008637
          0.008637
          0.008637
          0.008637
          0.008637
          0.008637
          0.008637
          0.008637
          0.008637
          0.008637
          0.008637
          0.008637
          0.008637
          0.008637
          0.008637
          0.008637
          0.008637
          0.008637
          0.008637
          0.008637
          0.008637
          0.008637
          0.008637
          0.008637
          0.008637
          0.008637
          0.008637
          0.008637
          0.008637
          0.008637
          0.008637
          0.008637
          0.008637
          0.008637
          0.008637
          0.008637
          0.008637
          0.008637
          0.008637
          0.008637
          0.008637
          0.008637
          0.008637
          0.008637
          0.008637
          0.008637
          0.008637
          0.008637
          0.008637
          0.008637
          0.008637
          0.008637
          0.008637
          0.008637
          0.008637
          0.008637
          0.008637
          0.008637
          0.008637
          0.008637
