         12.043104
         12.042708
         12.042356
         12.042058
         12.041809
         12.041604
         12.041437
         12.041303
         12.041198
         12.041119
         12.041063
         12.041025
         12.041004
         12.040997
         12.041002
         12.041017
         12.041042
         12.041073
         12.041110
         12.041153
         12.041199
         12.041249
         12.041301
         12.041355
         12.041411
         12.041467
         12.041524
         12.041580
         12.041637
         12.041693
         12.041748
         12.041803
         12.041856
         12.041908
         12.041960
         12.042009
         12.042058
         12.042105
         12.042151
         12.042195
         12.042237
         12.042279
         12.042318
         12.042357
         12.042394
         12.042429
         12.042463
         12.042496
         12.042527
         12.042557
         12.042586
         12.042614
         12.042640
         12.042666
         12.042690
         12.042713
         12.042735
         12.042756
         12.042776
         12.042796
         12.042814
         12.042832
         12.042848
         12.042864
         12.042880
         12.042894
         12.042908
         12.042921
         12.042934
         12.042946
         12.042957
         12.042968
         12.042978
         12.042988
         12.042997
         12.043006
         12.043015
         12.043023
         12.043030
         12.043038
         12.043045
         12.043051
         12.043057
         12.043063
         12.043069
         12.043075
         12.043080
         12.043085
         12.043089
         12.043094
         12.043098
         12.043102
         12.043106
         12.043109
         12.043113
         12.043116
         12.043119
         12.043122
         12.043125
         12.043128
         12.043130
         12.043132
         12.043135
         12.043137
         12.043139
         12.043141
         12.043143
         12.043145
         12.043146
         12.043148
         12.043149
         12.043151
         12.043152
         12.043154
         12.043155
         12.043156
         12.043157
         12.043158
         12.043159
         12.043160
         12.043161
         12.043162
         12.043163
         12.043163
         12.043164
         12.043165
         12.043165
         12.043166
         12.043167
         12.043167
         12.043168
         12.043168
         12.043169
         12.043169
         12.043169
         12.043170
         12.043170
         12.043171
         12.043171
         12.043171
         12.043171
         12.043172
         12.043172
         12.043172
         12.043172
         12.043172
         12.043172
         12.043173
         12.043173
         12.043173
         12.043173
         12.043173
         12.043173
         12.043173
         12.043173
         12.043173
         12.043173
         12.043173
         12.043173
         12.043173
         12.043173
         12.043173
         12.043173
         12.043173
         12.043173
         12.043173
         12.043173
         12.043173
         12.043173
         12.043173
         12.043173
         12.043173
         12.043173
         12.043173
         12.043173
         12.043173
         12.043173
         12.043172
         12.043172
         12.043172
         12.043172
         12.043172
         12.043172
         12.043171
         12.043171
         12.043171
         12.043171
         12.043171
         12.043171
         12.043171
         12.043170
         12.043170
         12.043170
         12.043170
         12.043170
         12.043170
         12.043170
         12.043170
         12.043170
         12.043170
         12.043170
         12.043170
         12.043169
         12.043169
         12.043169
         12.043169
         12.043169
         12.043169
         12.043169
         12.043169
         12.043168
         12.043168
         12.043168
         12.043168
         12.043167
         12.043167
         12.043167
         12.043167
         12.043166
         12.043166
         12.043166
         12.043166
         12.043166
         12.043165
         12.043165
         12.043165
         12.043165
         12.043165
         12.043165
         12.043165
         12.043165
         12.043165
         12.043166
         12.043166
         12.043166
         12.043166
         12.043166
         12.043166
         12.043166
         12.043166
         12.043167
         12.043167
         12.043167
         12.043167
         12.043167
         12.043167
         12.043167
         12.043166
         12.043166
         12.043166
         12.043166
         12.043166
         12.043166
