          0.679871
          0.680122
          0.680257
          0.680365
          0.680459
          0.680540
          0.680612
          0.680675
          0.680731
          0.680782
          0.680828
          0.680869
          0.680907
          0.680941
          0.680972
          0.681001
          0.681028
          0.681052
          0.681074
          0.681095
          0.681113
          0.681130
          0.681146
          0.681160
          0.681174
          0.681186
          0.681197
          0.681207
          0.681216
          0.681225
          0.681233
          0.681240
          0.681247
          0.681253
          0.681259
          0.681264
          0.681269
          0.681274
          0.681278
          0.681282
          0.681285
          0.681289
          0.681292
          0.681295
          0.681297
          0.681300
          0.681302
          0.681304
          0.681306
          0.681308
          0.681310
          0.681311
          0.681313
          0.681314
          0.681315
          0.681317
          0.681318
          0.681319
          0.681320
          0.681321
          0.681322
          0.681322
          0.681323
          0.681324
          0.681325
          0.681325
          0.681326
          0.681326
          0.681327
          0.681327
          0.681328
          0.681328
          0.681329
          0.681329
          0.681330
          0.681330
          0.681330
          0.681331
          0.681331
          0.681331
          0.681332
          0.681332
          0.681332
          0.681332
          0.681332
          0.681333
          0.681333
          0.681333
          0.681333
          0.681333
          0.681334
          0.681334
          0.681334
          0.681334
          0.681334
          0.681334
          0.681334
          0.681334
          0.681335
          0.681335
          0.681335
          0.681335
          0.681335
          0.681335
          0.681335
          0.681335
          0.681335
          0.681335
          0.681335
          0.681335
          0.681335
          0.681335
          0.681335
          0.681336
          0.681336
          0.681336
          0.681336
          0.681336
          0.681336
          0.681336
          0.681336
          0.681336
          0.681336
          0.681336
          0.681336
          0.681336
          0.681336
          0.681336
          0.681336
          0.681336
          0.681336
          0.681336
          0.681336
          0.681336
          0.681336
          0.681336
          0.681336
          0.681336
          0.681336
          0.681336
          0.681336
          0.681336
          0.681336
          0.681336
          0.681336
          0.681336
          0.681336
          0.681336
          0.681336
          0.681336
          0.681336
          0.681336
          0.681336
          0.681336
          0.681336
          0.681336
          0.681336
          0.681336
          0.681336
          0.681336
          0.681336
          0.681336
          0.681336
          0.681336
          0.681336
          0.681336
          0.681336
          0.681336
          0.681336
          0.681336
          0.681336
          0.681336
          0.681336
          0.681336
          0.681336
          0.681336
          0.681336
          0.681336
          0.681336
          0.681336
          0.681336
          0.681336
          0.681336
          0.681336
          0.681336
          0.681336
          0.681336
          0.681336
          0.681336
          0.681336
          0.681336
          0.681336
          0.681336
          0.681336
          0.681336
          0.681336
          0.681336
          0.681336
          0.681336
          0.681336
          0.681336
          0.681336
          0.681336
          0.681336
          0.681336
          0.681336
          0.681336
          0.681336
          0.681336
          0.681336
          0.681336
          0.681336
          0.681336
          0.681336
          0.681336
          0.681336
          0.681336
          0.681336
          0.681336
          0.681336
          0.681336
          0.681336
          0.681336
          0.681336
          0.681336
          0.681336
          0.681336
          0.681337
          0.681337
          0.681337
          0.681337
          0.681337
          0.681337
          0.681337
          0.681337
          0.681337
          0.681336
          0.681336
          0.681336
          0.681336
          0.681336
          0.681336
          0.681336
          0.681336
          0.681336
          0.681336
          0.681335
          0.681335
          0.681335
          0.681335
          0.681335
          0.681335
