          0.212387
          0.212361
          0.212269
          0.212184
          0.212110
          0.212044
          0.211986
          0.211933
          0.211887
          0.211845
          0.211807
          0.211772
          0.211741
          0.211714
          0.211688
          0.211665
          0.211644
          0.211625
          0.211608
          0.211592
          0.211578
          0.211565
          0.211553
          0.211542
          0.211533
          0.211524
          0.211516
          0.211508
          0.211502
          0.211496
          0.211490
          0.211485
          0.211480
          0.211476
          0.211472
          0.211469
          0.211466
          0.211463
          0.211460
          0.211458
          0.211455
          0.211453
          0.211451
          0.211450
          0.211448
          0.211447
          0.211445
          0.211444
          0.211443
          0.211442
          0.211441
          0.211440
          0.211439
          0.211438
          0.211438
          0.211437
          0.211436
          0.211436
          0.211435
          0.211435
          0.211434
          0.211434
          0.211434
          0.211433
          0.211433
          0.211432
          0.211432
          0.211432
          0.211432
          0.211431
          0.211431
          0.211431
          0.211431
          0.211431
          0.211430
          0.211430
          0.211430
          0.211430
          0.211430
          0.211430
          0.211430
          0.211429
          0.211429
          0.211429
          0.211429
          0.211429
          0.211429
          0.211429
          0.211429
          0.211429
          0.211429
          0.211429
          0.211429
          0.211429
          0.211429
          0.211428
          0.211428
          0.211428
          0.211428
          0.211428
          0.211428
          0.211428
          0.211428
          0.211428
          0.211428
          0.211428
          0.211428
          0.211428
          0.211428
          0.211428
          0.211428
          0.211428
          0.211428
          0.211428
          0.211428
          0.211428
          0.211428
          0.211428
          0.211428
          0.211428
          0.211428
          0.211428
          0.211428
          0.211428
          0.211428
          0.211428
          0.211428
          0.211428
          0.211428
          0.211428
          0.211428
          0.211428
          0.211428
          0.211428
          0.211428
          0.211428
          0.211428
          0.211428
          0.211428
          0.211428
          0.211428
          0.211428
          0.211428
          0.211428
          0.211428
          0.211428
          0.211428
          0.211428
          0.211428
          0.211428
          0.211428
          0.211428
          0.211428
          0.211428
          0.211428
          0.211428
          0.211428
          0.211428
          0.211428
          0.211428
          0.211428
          0.211428
          0.211428
          0.211428
          0.211428
          0.211428
          0.211428
          0.211428
          0.211428
          0.211428
          0.211428
          0.211428
          0.211428
          0.211428
          0.211428
          0.211428
          0.211428
          0.211428
          0.211428
          0.211428
          0.211428
          0.211428
          0.211428
          0.211428
          0.211428
          0.211428
          0.211428
          0.211428
          0.211428
          0.211428
          0.211428
          0.211428
          0.211428
          0.211428
          0.211428
          0.211428
          0.211428
          0.211428
          0.211428
          0.211428
          0.211428
          0.211428
          0.211428
          0.211428
          0.211428
          0.211428
          0.211428
          0.211428
          0.211428
          0.211428
          0.211428
          0.211428
          0.211428
          0.211428
          0.211428
          0.211428
          0.211428
          0.211428
          0.211428
          0.211428
          0.211428
          0.211428
          0.211428
          0.211428
          0.211428
          0.211428
          0.211427
          0.211427
          0.211427
          0.211427
          0.211427
          0.211427
          0.211427
          0.211428
          0.211428
          0.211428
          0.211428
          0.211428
          0.211428
          0.211428
          0.211428
          0.211428
          0.211428
          0.211428
          0.211428
          0.211428
          0.211428
          0.211428
          0.211428
          0.211428
          0.211428
          0.211428
