          1.761872
          1.762505
          1.762427
          1.762309
          1.762199
          1.762098
          1.762005
          1.761922
          1.761848
          1.761782
          1.761724
          1.761672
          1.761625
          1.761585
          1.761551
          1.761521
          1.761496
          1.761473
          1.761454
          1.761438
          1.761424
          1.761412
          1.761402
          1.761393
          1.761386
          1.761381
          1.761376
          1.761372
          1.761370
          1.761368
          1.761366
          1.761365
          1.761365
          1.761365
          1.761365
          1.761366
          1.761367
          1.761368
          1.761369
          1.761370
          1.761372
          1.761373
          1.761375
          1.761377
          1.761378
          1.761380
          1.761382
          1.761384
          1.761385
          1.761387
          1.761389
          1.761390
          1.761392
          1.761394
          1.761395
          1.761397
          1.761398
          1.761400
          1.761401
          1.761402
          1.761404
          1.761405
          1.761406
          1.761407
          1.761408
          1.761409
          1.761410
          1.761411
          1.761412
          1.761413
          1.761414
          1.761415
          1.761416
          1.761416
          1.761417
          1.761418
          1.761419
          1.761419
          1.761420
          1.761420
          1.761421
          1.761422
          1.761422
          1.761423
          1.761423
          1.761423
          1.761424
          1.761424
          1.761425
          1.761425
          1.761425
          1.761426
          1.761426
          1.761426
          1.761427
          1.761427
          1.761427
          1.761427
          1.761428
          1.761428
          1.761428
          1.761428
          1.761429
          1.761429
          1.761429
          1.761429
          1.761429
          1.761429
          1.761429
          1.761430
          1.761430
          1.761430
          1.761430
          1.761430
          1.761430
          1.761430
          1.761430
          1.761431
          1.761431
          1.761431
          1.761431
          1.761431
          1.761431
          1.761431
          1.761431
          1.761431
          1.761431
          1.761431
          1.761431
          1.761431
          1.761431
          1.761431
          1.761432
          1.761432
          1.761432
          1.761432
          1.761432
          1.761432
          1.761432
          1.761432
          1.761432
          1.761432
          1.761432
          1.761432
          1.761432
          1.761432
          1.761432
          1.761432
          1.761432
          1.761432
          1.761432
          1.761432
          1.761432
          1.761432
          1.761432
          1.761432
          1.761432
          1.761432
          1.761432
          1.761432
          1.761432
          1.761432
          1.761432
          1.761432
          1.761432
          1.761432
          1.761432
          1.761432
          1.761432
          1.761432
          1.761432
          1.761432
          1.761432
          1.761432
          1.761432
          1.761432
          1.761432
          1.761432
          1.761432
          1.761432
          1.761432
          1.761432
          1.761432
          1.761432
          1.761432
          1.761432
          1.761432
          1.761432
          1.761432
          1.761432
          1.761432
          1.761432
          1.761432
          1.761432
          1.761432
          1.761432
          1.761433
          1.761433
          1.761433
          1.761433
          1.761433
          1.761433
          1.761432
          1.761432
          1.761432
          1.761432
          1.761432
          1.761432
          1.761432
          1.761432
          1.761432
          1.761432
          1.761432
          1.761432
          1.761432
          1.761432
          1.761432
          1.761432
          1.761432
          1.761432
          1.761432
          1.761432
          1.761432
          1.761432
          1.761432
          1.761432
          1.761432
          1.761432
          1.761433
          1.761433
          1.761433
          1.761433
          1.761433
          1.761433
          1.761433
          1.761433
          1.761433
          1.761433
          1.761433
          1.761433
          1.761432
          1.761432
          1.761432
          1.761432
          1.761432
          1.761431
          1.761431
          1.761431
          1.761431
          1.761430
          1.761430
          1.761430
