  8.652214942710951E-003  8.670814655242127E-003  8.669222580909405E-003
  8.666493560450475E-003  8.663955328999043E-003  8.661550605926920E-003
  8.659290503717023E-003  8.657213308999285E-003  8.655318527506227E-003
  8.653602712380946E-003  8.652045170729133E-003  8.650630926500499E-003
  8.649291222893754E-003  8.648142844176429E-003  8.647113789954971E-003
  8.646189211211580E-003  8.645358133605561E-003  8.644610027500284E-003
  8.643936843401982E-003  8.643330641825904E-003  8.642782919698781E-003
  8.642289116507867E-003  8.641842909697578E-003  8.641439826759153E-003
  8.641075575294211E-003  8.640746170792890E-003  8.640448384859998E-003
  8.640178886949292E-003  8.639934664136949E-003  8.639713268746171E-003
  8.639512829162574E-003  8.639330949582590E-003  8.639165833362387E-003
  8.639015841185361E-003  8.638879492635771E-003  8.638755555579235E-003
  8.638642595847009E-003  8.638539785200969E-003  8.638446080713975E-003
  8.638360673751589E-003  8.638282425963397E-003  8.638211269080228E-003
  8.638146102890152E-003  8.638086494221178E-003  8.638032118831738E-003
  8.637982060108693E-003  8.637936284929653E-003  8.637894341571441E-003
  8.637855817049005E-003  8.637820547956112E-003  8.637788108816550E-003
  8.637758138115533E-003  8.637730861263055E-003  8.637705673874806E-003
  8.637682432678753E-003  8.637661120700135E-003  8.637641439010522E-003
  8.637623298652449E-003  8.637606480907150E-003  8.637591010881381E-003
  8.637576738487664E-003  8.637563478215250E-003  8.637551200103046E-003
  8.637539947325207E-003  8.637529380834664E-003  8.637519668770651E-003
  8.637510590454612E-003  8.637502136534258E-003  8.637494351782750E-003
  8.637487008836285E-003  8.637480289610268E-003  8.637473920962147E-003
  8.637467946439676E-003  8.637462594431641E-003  8.637457394299299E-003
  8.637452562448317E-003  8.637448082377428E-003  8.637443897082365E-003
  8.637439931511552E-003  8.637436283365420E-003  8.637432802582758E-003
  8.637429622200338E-003  8.637426655369901E-003  8.637423632607676E-003
  8.637420989336562E-003  8.637418456737522E-003  8.637415978393107E-003
  8.637413786722352E-003  8.637411557841831E-003  8.637409442120419E-003
  8.637407578991509E-003  8.637405699665777E-003  8.637403781668000E-003
  8.637401965102253E-003  8.637400423215277E-003  8.637398804214189E-003
  8.637397126019151E-003  8.637395635585205E-003  8.637394221884134E-003
  8.637392800568411E-003  8.637391486369942E-003  8.637390168053661E-003
  8.637388936344477E-003  8.637387710622096E-003  8.637386476868873E-003
  8.637385559985293E-003  8.637384515648260E-003  8.637383532775354E-003
  8.637382579662881E-003  8.637381680990385E-003  8.637380942650838E-003
  8.637380179178155E-003  8.637379573563597E-003  8.637378897101476E-003
  8.637378265013408E-003  8.637377837327922E-003  8.637377383124338E-003
  8.637376911638048E-003  8.637376557960536E-003  8.637376234297223E-003
  8.637375814989186E-003  8.637375499105362E-003  8.637375253547965E-003
  8.637374854371610E-003  8.637374617846937E-003  8.637374257225513E-003
  8.637373944636692E-003  8.637373667561879E-003  8.637373234022172E-003
  8.637372770257683E-003  8.637372449727034E-003  8.637371917901270E-003
  8.637371420122051E-003  8.637370973358450E-003  8.637370431040566E-003
  8.637369836415380E-003  8.637369369783579E-003  8.637368945279222E-003
  8.637368429701949E-003  8.637368001566028E-003  8.637367595521701E-003
  8.637367232449384E-003  8.637366916025034E-003  8.637366718638169E-003
  8.637366564314072E-003  8.637366445679055E-003  8.637366346016164E-003
  8.637366519537235E-003  8.637366595400238E-003  8.637366820214086E-003
  8.637367088970430E-003  8.637367340025758E-003  8.637367795596127E-003
  8.637368233372402E-003  8.637368689179198E-003  8.637369078234558E-003
  8.637369502710782E-003  8.637369990556729E-003  8.637370357772964E-003
  8.637370737241599E-003  8.637370990872540E-003  8.637371098031022E-003
  8.637371201242531E-003  8.637371202233464E-003  8.637371136631117E-003
  8.637370946084825E-003  8.637370627321599E-003  8.637370206763030E-003
  8.637369769822588E-003  8.637369163488529E-003  8.637368578866138E-003
  8.637367845851380E-003  8.637367316536504E-003  8.637366541052254E-003
  8.637365979536744E-003  8.637365348199260E-003  8.637364898550130E-003
  8.637364581773175E-003  8.637364350138182E-003  8.637364152492772E-003
  8.637364294333424E-003  8.637364537685956E-003  8.637364979997945E-003
  8.637365545445403E-003  8.637366265816076E-003  8.637367253212926E-003
  8.637368293506868E-003  8.637369526657251E-003  8.637370765482594E-003
  8.637372132787790E-003  8.637373391672337E-003  8.637374700879604E-003
  8.637376000095643E-003  8.637377136016885E-003  8.637378172542634E-003
  8.637379024168274E-003  8.637379514284685E-003  8.637380000282802E-003
  8.637380013802792E-003  8.637379933832132E-003  8.637379440192702E-003
  8.637378593463089E-003  8.637377584848468E-003  8.637376311425192E-003
  8.637374788113284E-003  8.637373139901688E-003  8.637371350956779E-003
  8.637369487488354E-003  8.637367655635306E-003  8.637365822778810E-003
  8.637364158372166E-003  8.637362603578403E-003  8.637361379420519E-003
  8.637360428487133E-003  8.637359847189557E-003  8.637359596413702E-003
  8.637359828407678E-003  8.637360453547264E-003  8.637361559083961E-003
  8.637363136288462E-003  8.637365129403694E-003  8.637367385319132E-003
  8.637370146215016E-003  8.637372923915566E-003  8.637376025145641E-003
  8.637379151156812E-003  8.637382153967204E-003  8.637385177714970E-003
  8.637387878754265E-003  8.637390077606154E-003  8.637391950098791E-003
  8.637393264020989E-003  8.637393815166169E-003  8.637393794903378E-003
  8.637392970349482E-003  8.637391327800241E-003  8.637388947675571E-003
  8.637385759138413E-003  8.637381889464538E-003  8.637377255897336E-003
  8.637372090020714E-003  8.637366402004057E-003  8.637360409898532E-003
  8.637354065404250E-003  8.637347782732101E-003  8.637341595638165E-003
  8.637335418684335E-003  8.637329616298510E-003  8.637324006303211E-003
  8.637318940408770E-003  8.637314213184432E-003  8.637310000219939E-003
   1.00017541878235        1.00017097322346        1.00015296965664     
   1.00013567698813        1.00011998308661        1.00010579124350     
   1.00009302755168        1.00008160493476        1.00007141008283     
   1.00006233016163        1.00005425411431        1.00004708403758     
   1.00004073136566        1.00003515155390        1.00003022219677     
   1.00002586952363        1.00002202937472        1.00001864461329     
   1.00001566480641        1.00001304455185        1.00001074344741     
   1.00000872651804        1.00000696161123        1.00000542060883     
   1.00000407820002        1.00000291178819        1.00000190128537     
   1.00000102862691        1.00000027783121       0.999999634797938     
  0.999999086938115       0.999998622793052       0.999998232399327     
  0.999997906870784       0.999997638324365       0.999997419753457     
  0.999997244882820       0.999997108303537       0.999997005071154     
  0.999996930848668       0.999996881762199       0.999996854610970     
  0.999996846166998       0.999996853867307       0.999996875363534     
  0.999996908467886       0.999996951527979       0.999997002856819     
  0.999997061013623       0.999997124775533       0.999997192976109     
  0.999997264682354       0.999997339150475       0.999997415441031     
  0.999997492985439       0.999997571258620       0.999997649708804     
  0.999997727949955       0.999997805617703       0.999997882457216     
  0.999997958168969       0.999998032520575       0.999998105374600     
  0.999998176590752       0.999998245969056       0.999998313512539     
  0.999998379088073       0.999998442692001       0.999998504299188     
  0.999998563837929       0.999998621365438       0.999998676804356     
  0.999998730240754       0.999998781712612       0.999998831092544     
  0.999998878553309       0.999998924104275       0.999998967756234     
  0.999999009547481       0.999999049550153       0.999999087755783     
  0.999999124256886       0.999999159039336       0.999999192142183     
  0.999999223771133       0.999999253831531       0.999999282407532     
  0.999999309610240       0.999999335384552       0.999999359894713     
  0.999999383190178       0.999999405224065       0.999999426127831     
  0.999999446036901       0.999999464988235       0.999999482903214     
  0.999999499934987       0.999999516216426       0.999999531712300     
  0.999999546457550       0.999999560539082       0.999999573966712     
  0.999999586816857       0.999999599104398       0.999999610892045     
  0.999999622248059       0.999999633024061       0.999999643362755     
  0.999999653275864       0.999999662793986       0.999999671922778     
  0.999999680602988       0.999999688889653       0.999999696718548     
  0.999999704171739       0.999999711251887       0.999999717851992     
  0.999999724020625       0.999999729796304       0.999999735127210     
  0.999999740019603       0.999999744562338       0.999999748711581     
  0.999999752445346       0.999999755888250       0.999999758958994     
  0.999999761769376       0.999999764312319       0.999999766590772     
  0.999999768740416       0.999999770805041       0.999999772719406     
  0.999999774653371       0.999999776615638       0.999999778599675     
  0.999999780697601       0.999999782968575       0.999999785354467     
  0.999999787852373       0.999999790542086       0.999999793388129     
  0.999999796393561       0.999999799542042       0.999999802813557     
  0.999999806138326       0.999999809492719       0.999999812855667     
  0.999999816214310       0.999999819379619       0.999999822416738     
  0.999999825214850       0.999999827736770       0.999999829987824     
  0.999999831818931       0.999999833235544       0.999999834218495     
  0.999999834803301       0.999999834960684       0.999999834648042     
  0.999999833946566       0.999999832853790       0.999999831464948     
  0.999999829884938       0.999999828134278       0.999999826299244     
  0.999999824449344       0.999999822696852       0.999999821158922     
  0.999999819931021       0.999999819058204       0.999999818684138     
  0.999999818826665       0.999999819612830       0.999999820936176     
  0.999999822987102       0.999999825642146       0.999999828959363     
  0.999999832828929       0.999999837165436       0.999999841909853     
  0.999999847020648       0.999999852258922       0.999999857533794     
  0.999999862680637       0.999999867580539       0.999999872090641     
  0.999999875987902       0.999999879193397       0.999999881531492     
  0.999999882953597       0.999999883332368       0.999999882702542     
  0.999999880998548       0.999999878202257       0.999999874407255     
  0.999999869668896       0.999999864113084       0.999999857997467     
  0.999999851347091       0.999999844513630       0.999999837602938     
  0.999999830949652       0.999999824846969       0.999999819469976     
  0.999999815064077       0.999999811872614       0.999999810053501     
  0.999999809769320       0.999999811134285       0.999999814186773     
  0.999999818971495       0.999999825409926       0.999999833450440     
  0.999999842873500       0.999999853484578       0.999999865004935     
  0.999999877163954       0.999999889576225       0.999999901896245     
  0.999999913706051       0.999999924583041       0.999999934128230     
  0.999999942042909       0.999999947861819       0.999999951446273     
  0.999999952459479       0.999999950776408       0.999999946374610     
  0.999999939160242       0.999999929289407       0.999999917059831     
  0.999999902672122       0.999999886515574       0.999999869140279     
  0.999999850996342       0.999999832714797       0.999999814958589     
  0.999999798357093       0.999999783604368       0.999999771322309     
  0.999999762194142       0.999999756738614       0.999999755472983     
  0.999999758745354       0.999999766917694       0.999999780045827     
  0.999999798132225       0.999999821192671       0.999999848948909     
  0.999999881195741       0.999999917431859       0.999999957234330     
   1.51017557932082        1.51071823557893        1.51065196383746     
   1.51055016251758        1.51045628482167        1.51036950977171     
   1.51029014800580        1.51021886982140        1.51015525262352     
   1.51009887630404        1.51004889804357        1.51000466470496     
   1.50996419512749        1.50993038687006        1.50990101130408     
   1.50987549351663        1.50985338617081        1.50983427533549     
   1.50981783270664        1.50980374495111        1.50979169364499     
   1.50978147688688        1.50977285308860        1.50976563975093     
   1.50975966564360        1.50975477551949        1.50975083986529     
   1.50974773312874        1.50974534304985        1.50974357688184     
   1.50974236134339        1.50974161167183        1.50974126411793     
   1.50974125981651        1.50974154842502        1.50974208707107     
   1.50974282955038        1.50974374767130        1.50974480907224     
   1.50974598826539        1.50974725297048        1.50974859979521     
   1.50974999820734        1.50975143703462        1.50975290733599     
   1.50975438649173        1.50975587483326        1.50975736175059     
   1.50975883836995        1.50976030256233        1.50976174532638     
   1.50976315986644        1.50976455489871        1.50976591602243     
   1.50976724306448        1.50976853830988        1.50976979626855     
   1.50977101757288        1.50977219936936        1.50977334481908     
   1.50977445280651        1.50977552103834        1.50977655102165     
   1.50977754685556        1.50977850181113        1.50977942293219     
   1.50978030630418        1.50978115450711        1.50978197071508     
   1.50978275124736        1.50978350272732        1.50978421993090     
   1.50978490621404        1.50978556937729        1.50978619847141     
   1.50978680149524        1.50978737937075        1.50978793200148     
   1.50978845924047        1.50978896550438        1.50978944727796     
   1.50978991009709        1.50979035253604        1.50979076893059     
   1.50979117230671        1.50979155593535        1.50979191964502     
   1.50979227102113        1.50979260154965        1.50979291687272     
   1.50979322139741        1.50979350836382        1.50979377845484     
   1.50979403621279        1.50979428661364        1.50979452073220     
   1.50979474006796        1.50979495182777        1.50979515356442     
   1.50979534361106        1.50979552536028        1.50979569662994     
   1.50979586016969        1.50979601446566        1.50979615963737     
   1.50979630457351        1.50979643786082        1.50979656517467     
   1.50979668598360        1.50979680173894        1.50979691496985     
   1.50979702152486        1.50979712625264        1.50979722360046     
   1.50979731701701        1.50979741112660        1.50979749969809     
   1.50979758343644        1.50979766612227        1.50979774553935     
   1.50979781855025        1.50979789064717        1.50979796105328     
   1.50979802409127        1.50979808802697        1.50979814510539     
   1.50979820040876        1.50979825356002        1.50979829915401     
   1.50979834130003        1.50979838420828        1.50979841850353     
   1.50979845069582        1.50979848155497        1.50979850709418     
   1.50979852882964        1.50979855137193        1.50979857252170     
   1.50979858915680        1.50979860578011        1.50979862096785     
   1.50979863565785        1.50979864999292        1.50979866597855     
   1.50979868186030        1.50979869759223        1.50979871292648     
   1.50979873515840        1.50979875375481        1.50979877626166     
   1.50979879957301        1.50979882197291        1.50979884995191     
   1.50979887708773        1.50979890450679        1.50979893018002     
   1.50979895671809        1.50979898456432        1.50979900881373     
   1.50979903281585        1.50979905256416        1.50979906797472     
   1.50979908219074        1.50979909264457        1.50979909986204     
   1.50979910206425        1.50979909903492        1.50979909183567     
   1.50979908226089        1.50979906643182        1.50979904932572     
   1.50979902659955        1.50979900750949        1.50979898004591     
   1.50979895699971        1.50979893111445        1.50979890899140     
   1.50979888971244        1.50979887221705        1.50979885622519     
   1.50979884928027        1.50979884560219        1.50979884836199     
   1.50979885578593        1.50979886888314        1.50979889103942     
   1.50979891640047        1.50979894906992        1.50979898395179     
   1.50979902428403        1.50979906358724        1.50979910597027     
   1.50979914950952        1.50979918966472        1.50979922815505     
   1.50979926197242        1.50979928565871        1.50979930870761     
   1.50979931769647        1.50979932258137        1.50979931377749     
   1.50979929319759        1.50979926535127        1.50979922733478     
   1.50979917890636        1.50979912345944        1.50979906079959     
   1.50979899275081        1.50979892219929        1.50979884903002     
   1.50979877812182        1.50979870832793        1.50979864663341     
   1.50979859194996        1.50979854786866        1.50979851420747     
   1.50979849561949        1.50979849079968        1.50979850286558     
   1.50979853213516        1.50979857801087        1.50979863651998     
   1.50979871467217        1.50979879948009        1.50979889909475     
   1.50979900496692        1.50979911342955        1.50979922714621     
   1.50979933602291        1.50979943441771        1.50979952637304     
   1.50979960386926        1.50979966037997        1.50979969971829     
   1.50979971431921        1.50979970266604        1.50979966581963     
   1.50979960080174        1.50979951015494        1.50979939107533     
   1.50979925024685        1.50979908699183        1.50979890824388     
   1.50979871315430        1.50979851401717        1.50979831275249     
   1.50979810898441        1.50979791489550        1.50979772766504     
   1.50979755981713        1.50979740861603        1.50979728198248     
  0.679870600648004       0.680122303836083       0.680256834066885     
  0.680365194815211       0.680458910481275       0.680540315070014     
  0.680611573750079       0.680674735217791       0.680731197079832     
  0.680782039320808       0.680827952079468       0.680869507199547     
  0.680906611258219       0.680940950211141       0.680972459921623     
  0.681001344443355       0.681027814908598       0.681052063277526     
  0.681074282331350       0.681094644508235       0.681113292479747     
  0.681130386883972       0.681146055595043       0.681160425566750     
  0.681173610840911       0.681185713877604       0.681196831240933     
  0.681207046890583       0.681216436282075       0.681225070662099     
  0.681233018891452       0.681240336729254       0.681247077784422     
  0.681253290715337       0.681259020133720       0.681264307650681     
  0.681269187944700       0.681273697030918       0.681277865398381     
  0.681281721795116       0.681285288335814       0.681288594660044     
  0.681291658336556       0.681294499889578       0.681297139259611     
  0.681299588516418       0.681301865941796       0.681303984957223     
  0.681305957378052       0.681307796062687       0.681309510165594     
  0.681311107898828       0.681312602610922       0.681313998787598     
  0.681315303767673       0.681316525808103       0.681317669777760     
  0.681318741691110       0.681319745827849       0.681320688275785     
  0.681321573211987       0.681322403715063       0.681323183871303     
  0.681323918527033       0.681324608257143       0.681325258038150     
  0.681325869124333       0.681326444353135       0.681326987067558     
  0.681327497721682       0.681327980346916       0.681328434638042     
  0.681328862824344       0.681329269308456       0.681329651375621     
  0.681330012322606       0.681330353728799       0.681330676515783     
  0.681330981216944       0.681331270037434       0.681331542581353     
  0.681331801216829       0.681332046157268       0.681332275414980     
  0.681332493985894       0.681332700490433       0.681332894823475     
  0.681333080039026       0.681333253662614       0.681333417498664     
  0.681333573792679       0.681333720525588       0.681333857614612     
  0.681333986906929       0.681334110975382       0.681334226953535     
  0.681334334897947       0.681334437746895       0.681334535211836     
  0.681334626716515       0.681334713592657       0.681334795216645     
  0.681334872682689       0.681334945591074       0.681335014005481     
  0.681335081564775       0.681335144423424       0.681335204135812     
  0.681335260704487       0.681335314668657       0.681335367320850     
  0.681335417122429       0.681335465796504       0.681335511323820     
  0.681335554656912       0.681335597750297       0.681335638546055     
  0.681335676839504       0.681335714037998       0.681335749491118     
  0.681335781789155       0.681335812815122       0.681335842602257     
  0.681335868875355       0.681335894553106       0.681335917106150     
  0.681335938072449       0.681335957601405       0.681335973702664     
  0.681335987536147       0.681336001169351       0.681336011355254     
  0.681336020213546       0.681336028422032       0.681336034703512     
  0.681336039438214       0.681336044689049       0.681336050046852     
  0.681336054209133       0.681336058818402       0.681336063587095     
  0.681336068824782       0.681336074671258       0.681336081966001     
  0.681336090074188       0.681336098808932       0.681336107928518     
  0.681336120142313       0.681336131815578       0.681336144997468     
  0.681336158720566       0.681336172068589       0.681336187184979     
  0.681336201906044       0.681336216132426       0.681336228804443     
  0.681336240710377       0.681336252155990       0.681336261200644     
  0.681336268795258       0.681336273547345       0.681336275073704     
  0.681336274750767       0.681336271900019       0.681336266837251     
  0.681336259066123       0.681336248582810       0.681336235893468     
  0.681336222137475       0.681336206157612       0.681336189992915     
  0.681336172437410       0.681336157257390       0.681336140514529     
  0.681336126710449       0.681336113767725       0.681336104180032     
  0.681336097977517       0.681336094746092       0.681336093985696     
  0.681336098692286       0.681336106855940       0.681336119112839     
  0.681336134531384       0.681336153053178       0.681336175624990     
  0.681336199804625       0.681336226373330       0.681336253040729     
  0.681336280360162       0.681336305520114       0.681336329377874     
  0.681336351132077       0.681336368735701       0.681336382318477     
  0.681336390741301       0.681336391797028       0.681336388921938     
  0.681336377768743       0.681336361827520       0.681336338392413     
  0.681336308091375       0.681336273403925       0.681336234209396     
  0.681336191139431       0.681336146197441       0.681336100199732     
  0.681336054594221       0.681336011307261       0.681335970967361     
  0.681335935978141       0.681335906528408       0.681335885452696     
  0.681335872843725       0.681335869914734       0.681335876458219     
  0.681335893877479       0.681335921263974       0.681335958990952     
  0.681336006481598       0.681336062442610       0.681336124173723     
  0.681336192954818       0.681336262897241       0.681336335273615     
  0.681336406116591       0.681336472362642       0.681336534031871     
  0.681336586684344       0.681336627013555       0.681336655816265     
  0.681336670408526       0.681336668113362       0.681336650564982     
  0.681336615923037       0.681336564316970       0.681336497423645     
  0.681336415795167       0.681336322095487       0.681336217303891     
  0.681336105733831       0.681335989739378       0.681335873930282     
  0.681335760322263       0.681335655418284       0.681335562334251     
  0.681335482280169       0.681335420734114       0.681335377859880     
  0.681335358559298       0.681335362291425       0.681335391417567     
 -4.119204819064100E-003 -7.848476484676749E-004 -7.349646780832157E-004
 -6.588542898887686E-004 -5.884122026301673E-004 -5.228847279666950E-004
 -4.625076635790814E-004 -4.078560536984069E-004 -3.586765800670661E-004
 -3.147029961068259E-004 -2.753385136034004E-004 -2.401251103974267E-004
 -2.075659629630606E-004 -1.799162983738902E-004 -1.555206042738071E-004
 -1.339682326589097E-004 -1.149422091458393E-004 -9.814741600911695E-005
 -8.335091136677802E-005 -7.032911425172982E-005 -5.885275824242355E-005
 -4.877979821119177E-005 -3.993645038048690E-005 -3.219242817498119E-005
 -2.542490560959577E-005 -1.952189082271365E-005 -1.439011021336236E-005
 -9.938121783059295E-006 -6.083803139880972E-006 -2.759188035188210E-006
  8.949565685809289E-008  2.525238382143260E-006  4.595820594121374E-006
  6.345369706204821E-006  7.812232956728117E-006  9.029147241638500E-006
  1.003174012848687E-005  1.084213589341058E-005  1.148589628711405E-005
  1.198338396381747E-005  1.236049664394824E-005  1.262101547661064E-005
  1.278953980853684E-005  1.287608070926124E-005  1.288876671293525E-005
  1.284655680053870E-005  1.275067083208816E-005  1.261070810774767E-005
  1.243502433193012E-005  1.222677999116074E-005  1.199438063019756E-005
  1.174459768081210E-005  1.147224838232206E-005  1.118963736943206E-005
  1.089848656485805E-005  1.059842969090906E-005  1.029497325028740E-005
  9.988993005528795E-006  9.683999128181541E-006  9.378770065940275E-006
  9.075400194895457E-006  8.776813039876400E-006  8.482926987744311E-006
  8.191761245271771E-006  7.909488045202650E-006  7.631745051440179E-006
  7.362432371365475E-006  7.100608715437783E-006  6.844696680094111E-006
  6.598423560256691E-006  6.357485360646665E-006  6.126688417702149E-006
  5.904272307992833E-006  5.684958085965281E-006  5.477794955900309E-006
  5.277413379134228E-006  5.083689575474359E-006  4.897272991836095E-006
  4.718916250714552E-006  4.545851897330542E-006  4.381130635087995E-006
  4.221128579208355E-006  4.067338412014405E-006  3.924608443467036E-006
  3.783434014081424E-006  3.649253357381282E-006  3.522634692845737E-006
  3.398201091440543E-006  3.282668715568153E-006  3.172177515346607E-006
  3.063629059954427E-006  2.962419809098687E-006  2.868401065079420E-006
  2.778375891938248E-006  2.688720487891608E-006  2.606473574773123E-006
  2.530789784777677E-006  2.456372796350002E-006  2.385297008736167E-006
  2.319047626590068E-006  2.255182735543639E-006  2.195612291181960E-006
  2.138380694481406E-006  2.084853044437142E-006  2.035116148193057E-006
  1.982480068945502E-006  1.935845626564461E-006  1.891055940999260E-006
  1.848649068432198E-006  1.807730127966940E-006  1.766371660880541E-006
  1.727961747682722E-006  1.688834970910661E-006  1.653399489736303E-006
  1.619133526092727E-006  1.582604123178096E-006  1.548610850240253E-006
  1.516734021495800E-006  1.484141256544979E-006  1.452579819476165E-006
  1.424517570030446E-006  1.395801519018968E-006  1.367062394325749E-006
  1.342720147515699E-006  1.316421928218823E-006  1.294099869053915E-006
  1.271959526966857E-006  1.250288711624930E-006  1.233184405706804E-006
  1.217646691210150E-006  1.200383473100293E-006  1.188605513613393E-006
  1.177335013457657E-006  1.166058204595346E-006  1.157836629019958E-006
  1.151602039743468E-006  1.143813538218462E-006  1.136200574122829E-006
  1.131266412013611E-006  1.125547655666552E-006  1.120229626121622E-006
  1.114701423365303E-006  1.108900163882260E-006  1.101339730665959E-006
  1.093449308887660E-006  1.085325879165030E-006  1.077229780482041E-006
  1.063693553383640E-006  1.052692418788651E-006  1.038641700043320E-006
  1.023878515865312E-006  1.009713154615223E-006  9.912776136809812E-007
  9.733952875635101E-007  9.552215990117090E-007  9.383379451374386E-007
  9.207026385536265E-007  9.018925330866128E-007  8.856347152259154E-007
  8.692919645437953E-007  8.558384676853318E-007  8.453913000161425E-007
  8.353889261911305E-007  8.277778521522898E-007  8.220487506652454E-007
  8.195000923095800E-007  8.202575471087729E-007  8.235665152342189E-007
  8.279631837420642E-007  8.364668322841002E-007  8.452610250720197E-007
  8.577401218804873E-007  8.668233706075473E-007  8.817576265524990E-007
  8.928924592940991E-007  9.059082464823479E-007  9.157940027370926E-007
  9.233917473520140E-007  9.296218302036402E-007  9.349711534637884E-007
  9.336156810903637E-007  9.301483192409927E-007  9.222975161795089E-007
  9.115125919560170E-007  8.970843074767712E-007  8.765106763057974E-007
  8.542555373034949E-007  8.272315833184056E-007  7.992982209865664E-007
  7.679250716927259E-007  7.379917125836418E-007  7.062582413725106E-007
  6.740578133059930E-007  6.446930526179185E-007  6.167492465735176E-007
  5.922919866136278E-007  5.752617407120438E-007  5.582736572336296E-007
  5.513441021729251E-007  5.467278766051418E-007  5.515006900496197E-007
  5.641964381072775E-007  5.812155932014160E-007  6.047387854981072E-007
  6.348422979145011E-007  6.689701050546569E-007  7.073716767048954E-007
  7.487438531421470E-007  7.909913189659260E-007  8.344694669364616E-007
  8.756530289266431E-007  9.156608061998736E-007  9.495140752180521E-007
  9.783059848916372E-007  9.996501242748178E-007  1.014018151902556E-006
  1.018115661699224E-006  1.013287994414896E-006  9.974152302027309E-007
  9.704493923594790E-007  9.330735224238129E-007  8.883796456488914E-007
  8.310848270909953E-007  7.710954998166193E-007  7.020693353371364E-007
  6.303179859728535E-007  5.585371304533237E-007  4.842687226677831E-007
  4.148464044278348E-007  3.541895389036190E-007  2.988235933149250E-007
  2.542921346262448E-007  2.251384521695861E-007  2.079588884563092E-007
  2.080796573773846E-007  2.262650251724880E-007  2.613598111149636E-007
  3.153542479065447E-007  3.861100123034638E-007  4.756990286724552E-007
  5.791982582247254E-007  6.971300268672184E-007  8.246383252676155E-007
  9.627809028633835E-007  1.102762896969643E-006  1.243758077500937E-006
  1.386923230700197E-006  1.523950584669131E-006  1.657998371424727E-006
  1.780709521057982E-006  1.895377489666103E-006  1.997244075192949E-006
