         13.371165
         13.372733
         13.371312
         13.369926
         13.368726
         13.367765
         13.367047
         13.366550
         13.366244
         13.366093
         13.366065
         13.366129
         13.366260
         13.366437
         13.366643
         13.366864
         13.367090
         13.367315
         13.367534
         13.367743
         13.367940
         13.368124
         13.368295
         13.368453
         13.368599
         13.368733
         13.368857
         13.368971
         13.369077
         13.369174
         13.369264
         13.369347
         13.369425
         13.369497
         13.369565
         13.369628
         13.369687
         13.369743
         13.369796
         13.369845
         13.369892
         13.369937
         13.369979
         13.370018
         13.370056
         13.370092
         13.370127
         13.370159
         13.370190
         13.370220
         13.370248
         13.370275
         13.370300
         13.370325
         13.370348
         13.370370
         13.370392
         13.370412
         13.370431
         13.370450
         13.370467
         13.370484
         13.370500
         13.370516
         13.370531
         13.370545
         13.370558
         13.370571
         13.370584
         13.370596
         13.370607
         13.370618
         13.370629
         13.370639
         13.370649
         13.370659
         13.370668
         13.370677
         13.370686
         13.370694
         13.370703
         13.370710
         13.370718
         13.370726
         13.370733
         13.370740
         13.370747
         13.370754
         13.370760
         13.370767
         13.370773
         13.370779
         13.370785
         13.370791
         13.370796
         13.370802
         13.370807
         13.370813
         13.370818
         13.370823
         13.370828
         13.370833
         13.370838
         13.370843
         13.370848
         13.370852
         13.370857
         13.370861
         13.370866
         13.370870
         13.370874
         13.370878
         13.370882
         13.370886
         13.370890
         13.370894
         13.370898
         13.370902
         13.370906
         13.370909
         13.370913
         13.370916
         13.370920
         13.370923
         13.370927
         13.370930
         13.370933
         13.370937
         13.370940
         13.370943
         13.370946
         13.370949
         13.370952
         13.370955
         13.370958
         13.370961
         13.370964
         13.370967
         13.370969
         13.370972
         13.370975
         13.370977
         13.370980
         13.370983
         13.370985
         13.370988
         13.370990
         13.370992
         13.370995
         13.370997
         13.371000
         13.371002
         13.371004
         13.371006
         13.371008
         13.371011
         13.371013
         13.371015
         13.371017
         13.371019
         13.371021
         13.371023
         13.371025
         13.371027
         13.371029
         13.371031
         13.371032
         13.371034
         13.371036
         13.371038
         13.371040
         13.371041
         13.371043
         13.371045
         13.371046
         13.371048
         13.371050
         13.371051
         13.371053
         13.371054
         13.371056
         13.371057
         13.371059
         13.371060
         13.371061
         13.371063
         13.371064
         13.371066
         13.371067
         13.371068
         13.371069
         13.371071
         13.371072
         13.371073
         13.371074
         13.371076
         13.371077
         13.371078
         13.371079
         13.371080
         13.371081
         13.371082
         13.371083
         13.371085
         13.371086
         13.371087
         13.371088
         13.371089
         13.371090
         13.371090
         13.371091
         13.371092
         13.371093
         13.371094
         13.371095
         13.371096
         13.371097
         13.371097
         13.371098
         13.371099
         13.371100
         13.371100
         13.371101
         13.371102
         13.371103
         13.371103
         13.371104
         13.371104
         13.371105
         13.371106
         13.371106
         13.371107
         13.371107
         13.371108
         13.371108
         13.371108
         13.371109
         13.371109
         13.371109
         13.371110
         13.371110
         13.371110
         13.371110
         13.371110
         13.371110
         13.371110
         13.371109
         13.371109
         13.371108
         13.371108
         13.371107
         13.371106
         13.371105
