          0.615363
          0.615054
          0.614981
          0.614928
          0.614893
          0.614874
          0.614865
          0.614865
          0.614870
          0.614879
          0.614891
          0.614905
          0.614919
          0.614933
          0.614947
          0.614960
          0.614973
          0.614985
          0.614996
          0.615006
          0.615015
          0.615024
          0.615032
          0.615040
          0.615047
          0.615053
          0.615059
          0.615065
          0.615070
          0.615075
          0.615079
          0.615084
          0.615088
          0.615092
          0.615095
          0.615099
          0.615102
          0.615105
          0.615108
          0.615111
          0.615114
          0.615117
          0.615119
          0.615122
          0.615124
          0.615126
          0.615128
          0.615130
          0.615132
          0.615134
          0.615137
          0.615138
          0.615140
          0.615141
          0.615143
          0.615144
          0.615145
          0.615147
          0.615148
          0.615149
          0.615150
          0.615151
          0.615153
          0.615154
          0.615155
          0.615156
          0.615157
          0.615158
          0.615159
          0.615160
          0.615160
          0.615161
          0.615162
          0.615163
          0.615164
          0.615164
          0.615165
          0.615166
          0.615166
          0.615167
          0.615168
          0.615168
          0.615169
          0.615169
          0.615170
          0.615170
          0.615171
          0.615171
          0.615172
          0.615172
          0.615173
          0.615173
          0.615173
          0.615174
          0.615174
          0.615174
          0.615175
          0.615175
          0.615175
          0.615176
          0.615176
          0.615176
          0.615177
          0.615177
          0.615177
          0.615177
          0.615178
          0.615178
          0.615178
          0.615178
          0.615178
          0.615179
          0.615179
          0.615179
          0.615179
          0.615179
          0.615180
          0.615180
          0.615180
          0.615180
          0.615180
          0.615181
          0.615181
          0.615181
          0.615181
          0.615181
          0.615181
          0.615181
          0.615182
          0.615182
          0.615182
          0.615182
          0.615182
          0.615182
          0.615182
          0.615182
          0.615183
          0.615183
          0.615183
          0.615183
          0.615183
          0.615183
          0.615183
          0.615183
          0.615183
          0.615183
          0.615184
          0.615184
          0.615184
          0.615184
          0.615184
          0.615184
          0.615184
          0.615184
          0.615184
          0.615184
          0.615184
          0.615184
          0.615185
          0.615185
          0.615185
          0.615185
          0.615185
          0.615185
          0.615185
          0.615185
          0.615185
          0.615185
          0.615185
          0.615185
          0.615185
          0.615185
          0.615185
          0.615186
          0.615186
          0.615186
          0.615186
          0.615186
          0.615186
          0.615186
          0.615186
          0.615186
          0.615186
          0.615186
          0.615186
          0.615186
          0.615186
          0.615186
          0.615186
          0.615186
          0.615186
          0.615186
          0.615186
          0.615187
          0.615187
          0.615187
          0.615187
          0.615187
          0.615187
          0.615187
          0.615187
          0.615187
          0.615187
          0.615187
          0.615187
          0.615187
          0.615187
          0.615187
          0.615187
          0.615187
          0.615187
          0.615187
          0.615187
          0.615187
          0.615187
          0.615187
          0.615187
          0.615187
          0.615187
          0.615187
          0.615187
          0.615188
          0.615188
          0.615188
          0.615188
          0.615188
          0.615188
          0.615188
          0.615188
          0.615188
          0.615188
          0.615188
          0.615188
          0.615188
          0.615188
          0.615188
          0.615188
          0.615188
          0.615188
          0.615188
          0.615188
          0.615188
          0.615188
          0.615188
          0.615188
          0.615188
          0.615188
          0.615188
          0.615188
          0.615188
          0.615188
          0.615188
