          0.283057
          0.282949
          0.282862
          0.282798
          0.282754
          0.282728
          0.282715
          0.282714
          0.282721
          0.282735
          0.282752
          0.282772
          0.282793
          0.282814
          0.282835
          0.282855
          0.282874
          0.282892
          0.282907
          0.282922
          0.282934
          0.282946
          0.282956
          0.282965
          0.282973
          0.282980
          0.282986
          0.282991
          0.282995
          0.282999
          0.283003
          0.283006
          0.283008
          0.283010
          0.283012
          0.283014
          0.283015
          0.283016
          0.283017
          0.283018
          0.283019
          0.283019
          0.283020
          0.283020
          0.283020
          0.283020
          0.283020
          0.283020
          0.283020
          0.283020
          0.283020
          0.283020
          0.283020
          0.283020
          0.283020
          0.283019
          0.283019
          0.283019
          0.283019
          0.283018
          0.283018
          0.283018
          0.283017
          0.283017
          0.283017
          0.283017
          0.283016
          0.283016
          0.283016
          0.283015
          0.283015
          0.283015
          0.283015
          0.283014
          0.283014
          0.283014
          0.283014
          0.283013
          0.283013
          0.283013
          0.283013
          0.283013
          0.283013
          0.283012
          0.283012
          0.283012
          0.283012
          0.283012
          0.283012
          0.283012
          0.283012
          0.283011
          0.283011
          0.283011
          0.283011
          0.283011
          0.283011
          0.283011
          0.283011
          0.283011
          0.283011
          0.283011
          0.283011
          0.283011
          0.283011
          0.283011
          0.283011
          0.283011
          0.283011
          0.283011
          0.283011
          0.283010
          0.283010
          0.283010
          0.283010
          0.283010
          0.283010
          0.283010
          0.283010
          0.283010
          0.283010
          0.283010
          0.283011
          0.283011
          0.283011
          0.283011
          0.283011
          0.283011
          0.283011
          0.283011
          0.283011
          0.283011
          0.283011
          0.283011
          0.283011
          0.283011
          0.283011
          0.283011
          0.283011
          0.283011
          0.283011
          0.283011
          0.283011
          0.283011
          0.283011
          0.283011
          0.283011
          0.283011
          0.283011
          0.283011
          0.283011
          0.283011
          0.283011
          0.283011
          0.283011
          0.283011
          0.283011
          0.283011
          0.283011
          0.283011
          0.283011
          0.283011
          0.283011
          0.283011
          0.283011
          0.283011
          0.283011
          0.283011
          0.283011
          0.283011
          0.283011
          0.283011
          0.283011
          0.283012
          0.283011
          0.283012
          0.283012
          0.283012
          0.283012
          0.283012
          0.283012
          0.283012
          0.283012
          0.283012
          0.283012
          0.283012
          0.283012
          0.283012
          0.283012
          0.283012
          0.283012
          0.283012
          0.283012
          0.283012
          0.283012
          0.283012
          0.283012
          0.283012
          0.283012
          0.283012
          0.283012
          0.283012
          0.283012
          0.283012
          0.283012
          0.283012
          0.283012
          0.283012
          0.283012
          0.283012
          0.283012
          0.283012
          0.283012
          0.283012
          0.283012
          0.283012
          0.283012
          0.283012
          0.283012
          0.283012
          0.283012
          0.283012
          0.283012
          0.283012
          0.283012
          0.283012
          0.283012
          0.283012
          0.283012
          0.283012
          0.283012
          0.283012
          0.283012
          0.283012
          0.283012
          0.283012
          0.283012
          0.283012
          0.283012
          0.283012
          0.283012
          0.283012
          0.283012
          0.283012
          0.283012
          0.283012
          0.283012
          0.283012
          0.283012
          0.283012
          0.283012
          0.283012
