         12.043104
         12.043148
         12.043082
         12.042932
         12.042722
         12.042472
         12.042202
         12.041925
         12.041654
         12.041397
         12.041158
         12.040943
         12.040753
         12.040588
         12.040449
         12.040334
         12.040241
         12.040170
         12.040117
         12.040082
         12.040062
         12.040055
         12.040059
         12.040074
         12.040097
         12.040127
         12.040164
         12.040206
         12.040252
         12.040301
         12.040353
         12.040408
         12.040464
         12.040521
         12.040579
         12.040637
         12.040696
         12.040755
         12.040813
         12.040871
         12.040929
         12.040986
         12.041042
         12.041097
         12.041151
         12.041204
         12.041256
         12.041307
         12.041357
         12.041405
         12.041452
         12.041499
         12.041543
         12.041587
         12.041630
         12.041671
         12.041711
         12.041750
         12.041787
         12.041824
         12.041859
         12.041894
         12.041927
         12.041959
         12.041990
         12.042020
         12.042049
         12.042077
         12.042104
         12.042130
         12.042156
         12.042180
         12.042204
         12.042227
         12.042249
         12.042270
         12.042291
         12.042310
         12.042330
         12.042348
         12.042366
         12.042383
         12.042400
         12.042416
         12.042432
         12.042447
         12.042462
         12.042476
         12.042489
         12.042503
         12.042515
         12.042528
         12.042540
         12.042551
         12.042563
         12.042574
         12.042584
         12.042594
         12.042604
         12.042614
         12.042623
         12.042633
         12.042641
         12.042650
         12.042658
         12.042667
         12.042675
         12.042682
         12.042690
         12.042697
         12.042704
         12.042711
         12.042718
         12.042725
         12.042731
         12.042737
         12.042743
         12.042749
         12.042755
         12.042761
         12.042767
         12.042772
         12.042777
         12.042783
         12.042788
         12.042793
         12.042798
         12.042803
         12.042807
         12.042812
         12.042816
         12.042821
         12.042825
         12.042829
         12.042834
         12.042838
         12.042842
         12.042846
         12.042850
         12.042853
         12.042857
         12.042861
         12.042864
         12.042868
         12.042871
         12.042875
         12.042878
         12.042881
         12.042885
         12.042888
         12.042891
         12.042894
         12.042897
         12.042900
         12.042903
         12.042906
         12.042909
         12.042912
         12.042914
         12.042917
         12.042920
         12.042922
         12.042925
         12.042928
         12.042930
         12.042932
         12.042935
         12.042937
         12.042940
         12.042942
         12.042944
         12.042946
         12.042949
         12.042951
         12.042953
         12.042955
         12.042957
         12.042959
         12.042961
         12.042963
         12.042965
         12.042967
         12.042969
         12.042971
         12.042973
         12.042975
         12.042976
         12.042978
         12.042980
         12.042982
         12.042983
         12.042985
         12.042987
         12.042988
         12.042990
         12.042991
         12.042993
         12.042994
         12.042996
         12.042997
         12.042999
         12.043000
         12.043002
         12.043003
         12.043004
         12.043006
         12.043007
         12.043008
         12.043010
         12.043011
         12.043012
         12.043013
         12.043014
         12.043016
         12.043017
         12.043018
         12.043019
         12.043020
         12.043021
         12.043022
         12.043023
         12.043024
         12.043025
         12.043026
         12.043027
         12.043028
         12.043029
         12.043030
         12.043031
         12.043032
         12.043033
         12.043033
         12.043034
         12.043035
         12.043036
         12.043037
         12.043037
         12.043038
         12.043039
         12.043039
         12.043040
         12.043040
         12.043041
         12.043042
         12.043042
         12.043042
         12.043043
         12.043043
         12.043043
         12.043044
         12.043044
         12.043044
         12.043044
