          0.427287
          0.427015
          0.426880
          0.426773
          0.426691
          0.426631
          0.426588
          0.426558
          0.426538
          0.426526
          0.426519
          0.426517
          0.426517
          0.426519
          0.426522
          0.426526
          0.426529
          0.426533
          0.426536
          0.426539
          0.426541
          0.426543
          0.426545
          0.426546
          0.426547
          0.426548
          0.426549
          0.426549
          0.426549
          0.426549
          0.426549
          0.426549
          0.426549
          0.426548
          0.426548
          0.426548
          0.426547
          0.426547
          0.426546
          0.426546
          0.426545
          0.426545
          0.426544
          0.426544
          0.426544
          0.426543
          0.426543
          0.426542
          0.426542
          0.426542
          0.426541
          0.426541
          0.426540
          0.426540
          0.426540
          0.426539
          0.426539
          0.426538
          0.426538
          0.426538
          0.426537
          0.426537
          0.426537
          0.426536
          0.426536
          0.426536
          0.426536
          0.426535
          0.426535
          0.426535
          0.426535
          0.426534
          0.426534
          0.426534
          0.426534
          0.426534
          0.426534
          0.426533
          0.426533
          0.426533
          0.426533
          0.426533
          0.426533
          0.426533
          0.426532
          0.426532
          0.426532
          0.426532
          0.426532
          0.426532
          0.426532
          0.426532
          0.426532
          0.426532
          0.426532
          0.426532
          0.426531
          0.426531
          0.426531
          0.426531
          0.426531
          0.426531
          0.426531
          0.426531
          0.426531
          0.426531
          0.426531
          0.426531
          0.426531
          0.426531
          0.426531
          0.426531
          0.426531
          0.426531
          0.426531
          0.426531
          0.426531
          0.426531
          0.426531
          0.426531
          0.426531
          0.426531
          0.426531
          0.426531
          0.426531
          0.426531
          0.426530
          0.426530
          0.426530
          0.426530
          0.426530
          0.426530
          0.426530
          0.426530
          0.426530
          0.426530
          0.426530
          0.426530
          0.426530
          0.426530
          0.426530
          0.426530
          0.426530
          0.426530
          0.426530
          0.426530
          0.426530
          0.426530
          0.426530
          0.426530
          0.426530
          0.426530
          0.426530
          0.426530
          0.426530
          0.426530
          0.426530
          0.426530
          0.426530
          0.426530
          0.426530
          0.426530
          0.426530
          0.426530
          0.426530
          0.426530
          0.426530
          0.426530
          0.426530
          0.426530
          0.426530
          0.426530
          0.426530
          0.426530
          0.426530
          0.426530
          0.426530
          0.426530
          0.426530
          0.426530
          0.426530
          0.426530
          0.426530
          0.426530
          0.426530
          0.426530
          0.426530
          0.426530
          0.426530
          0.426530
          0.426530
          0.426530
          0.426530
          0.426530
          0.426530
          0.426530
          0.426530
          0.426530
          0.426530
          0.426530
          0.426530
          0.426530
          0.426530
          0.426530
          0.426530
          0.426530
          0.426530
          0.426530
          0.426530
          0.426530
          0.426530
          0.426530
          0.426530
          0.426530
          0.426530
          0.426530
          0.426530
          0.426530
          0.426530
          0.426530
          0.426530
          0.426530
          0.426530
          0.426530
          0.426530
          0.426530
          0.426530
          0.426530
          0.426530
          0.426530
          0.426530
          0.426530
          0.426530
          0.426530
          0.426530
          0.426530
          0.426530
          0.426530
          0.426530
          0.426530
          0.426530
          0.426530
          0.426530
          0.426530
          0.426530
          0.426530
          0.426530
          0.426530
          0.426530
          0.426530
          0.426530
          0.426530
