          0.682098
          0.681221
          0.684607
          0.683149
          0.682538
          0.682163
          0.681926
          0.681778
          0.681683
          0.681623
          0.681583
          0.681556
          0.681537
          0.681521
          0.681507
          0.681494
          0.681480
          0.681467
          0.681453
          0.681440
          0.681426
          0.681413
          0.681401
          0.681389
          0.681377
          0.681367
          0.681357
          0.681348
          0.681341
          0.681335
          0.681331
          0.681327
          0.681323
          0.681320
          0.681317
          0.681315
          0.681313
          0.681311
          0.681310
          0.681309
          0.681308
          0.681307
          0.681307
          0.681307
          0.681308
          0.681308
          0.681308
          0.681309
          0.681310
          0.681311
          0.681307
          0.681308
          0.681310
          0.681311
          0.681312
          0.681313
          0.681314
          0.681315
          0.681315
          0.681316
          0.681317
          0.681317
          0.681318
          0.681319
          0.681319
          0.681320
          0.681320
          0.681321
          0.681321
          0.681322
          0.681322
          0.681323
          0.681323
          0.681323
          0.681324
          0.681324
          0.681325
          0.681325
          0.681325
          0.681326
          0.681326
          0.681326
          0.681326
          0.681327
          0.681327
          0.681327
          0.681327
          0.681328
          0.681328
          0.681328
          0.681328
          0.681328
          0.681329
          0.681329
          0.681329
          0.681329
          0.681329
          0.681329
          0.681330
          0.681330
          0.681330
          0.681330
          0.681330
          0.681330
          0.681330
          0.681331
          0.681331
          0.681331
          0.681331
          0.681331
          0.681331
          0.681331
          0.681331
          0.681331
          0.681331
          0.681332
          0.681332
          0.681332
          0.681332
          0.681332
          0.681332
          0.681332
          0.681332
          0.681332
          0.681332
          0.681332
          0.681332
          0.681332
          0.681332
          0.681332
          0.681332
          0.681333
          0.681333
          0.681333
          0.681333
          0.681333
          0.681333
          0.681333
          0.681333
          0.681333
          0.681333
          0.681333
          0.681333
          0.681333
          0.681333
          0.681333
          0.681333
          0.681333
          0.681333
          0.681333
          0.681333
          0.681333
          0.681333
          0.681333
          0.681333
          0.681334
          0.681334
          0.681334
          0.681334
          0.681334
          0.681334
          0.681334
          0.681334
          0.681334
          0.681334
          0.681334
          0.681334
          0.681334
          0.681334
          0.681334
          0.681334
          0.681334
          0.681334
          0.681334
          0.681334
          0.681334
          0.681334
          0.681334
          0.681334
          0.681334
          0.681334
          0.681334
          0.681334
          0.681334
          0.681334
          0.681334
          0.681334
          0.681334
          0.681334
          0.681334
          0.681334
          0.681334
          0.681334
          0.681334
          0.681334
          0.681334
          0.681334
          0.681334
          0.681334
          0.681334
          0.681334
          0.681334
          0.681335
          0.681335
          0.681335
          0.681335
          0.681335
          0.681335
          0.681335
          0.681335
          0.681335
          0.681335
          0.681335
          0.681335
          0.681335
          0.681335
          0.681335
          0.681335
          0.681335
          0.681335
          0.681335
          0.681335
          0.681335
          0.681335
          0.681335
          0.681335
          0.681335
          0.681335
          0.681335
          0.681335
          0.681335
          0.681335
          0.681335
          0.681335
          0.681335
          0.681335
          0.681335
          0.681335
          0.681335
          0.681335
          0.681335
          0.681335
          0.681335
          0.681335
          0.681335
          0.681335
          0.681335
          0.681335
          0.681335
          0.681334
          0.681334
          0.681334
