          1.000111
          1.000084
          1.000058
          1.000034
          1.000013
          0.999995
          0.999982
          0.999972
          0.999965
          0.999961
          0.999959
          0.999959
          0.999959
          0.999961
          0.999963
          0.999966
          0.999969
          0.999972
          0.999974
          0.999977
          0.999980
          0.999982
          0.999984
          0.999986
          0.999988
          0.999989
          0.999990
          0.999992
          0.999993
          0.999994
          0.999995
          0.999995
          0.999996
          0.999996
          0.999997
          0.999997
          0.999998
          0.999998
          0.999998
          0.999999
          0.999999
          0.999999
          0.999999
          0.999999
          1.000000
          1.000000
          1.000000
          1.000000
          1.000000
          1.000000
          1.000000
          1.000000
          1.000000
          1.000000
          1.000000
          1.000000
          1.000000
          1.000000
          1.000000
          1.000000
          1.000000
          1.000000
          1.000000
          1.000000
          1.000000
          1.000000
          1.000000
          1.000000
          1.000000
          1.000000
          1.000000
          1.000000
          1.000000
          1.000000
          1.000000
          1.000000
          1.000000
          1.000000
          1.000000
          1.000000
          1.000000
          1.000000
          1.000000
          1.000000
          1.000000
          1.000000
          1.000000
          1.000000
          1.000000
          1.000000
          1.000000
          1.000000
          1.000000
          1.000000
          1.000000
          1.000000
          1.000000
          1.000000
          1.000000
          1.000000
          1.000000
          1.000000
          1.000000
          1.000000
          1.000000
          1.000000
          1.000000
          1.000000
          1.000000
          1.000000
          1.000000
          1.000000
          1.000000
          1.000000
          1.000000
          1.000000
          1.000000
          1.000000
          1.000000
          1.000000
          1.000000
          1.000000
          1.000000
          1.000000
          1.000000
          1.000000
          1.000000
          1.000000
          1.000000
          1.000000
          1.000000
          1.000000
          1.000000
          1.000000
          1.000000
          1.000000
          1.000000
          1.000000
          1.000000
          1.000000
          1.000000
          1.000000
          1.000000
          1.000000
          1.000000
          1.000000
          1.000000
          1.000000
          1.000000
          1.000000
          1.000000
          1.000000
          1.000000
          1.000000
          1.000000
          1.000000
          1.000000
          1.000000
          1.000000
          1.000000
          1.000000
          1.000000
          1.000000
          1.000000
          1.000000
          1.000000
          1.000000
          1.000000
          1.000000
          1.000000
          1.000000
          1.000000
          1.000000
          1.000000
          1.000000
          1.000000
          1.000000
          1.000000
          1.000000
          1.000000
          1.000000
          1.000000
          1.000000
          1.000000
          1.000000
          1.000000
          1.000000
          1.000000
          1.000000
          1.000000
          1.000000
          1.000000
          1.000000
          1.000000
          1.000000
          1.000000
          1.000000
          1.000000
          1.000000
          1.000000
          1.000000
          1.000000
          1.000000
          1.000000
          1.000000
          1.000000
          1.000000
          1.000000
          1.000000
          1.000000
          1.000000
          1.000000
          1.000000
          1.000000
          1.000000
          1.000000
          1.000000
          1.000000
          1.000000
          1.000000
          1.000000
          1.000000
          1.000000
          1.000000
          1.000000
          1.000000
          1.000000
          1.000000
          1.000000
          1.000000
          1.000000
          1.000000
          1.000000
          1.000000
          1.000000
          1.000000
          1.000000
          1.000000
          1.000000
          1.000000
          1.000000
          1.000000
          1.000000
          1.000000
          1.000000
          1.000000
          1.000000
          1.000000
          1.000000
          1.000000
          1.000000
          1.000000
