          1.000056
          0.999917
          0.999810
          0.999733
          0.999683
          0.999657
          0.999649
          0.999656
          0.999673
          0.999697
          0.999727
          0.999758
          0.999791
          0.999823
          0.999854
          0.999883
          0.999909
          0.999933
          0.999955
          0.999974
          0.999991
          1.000006
          1.000019
          1.000029
          1.000039
          1.000046
          1.000053
          1.000058
          1.000063
          1.000066
          1.000069
          1.000071
          1.000073
          1.000074
          1.000074
          1.000075
          1.000075
          1.000074
          1.000074
          1.000073
          1.000072
          1.000071
          1.000070
          1.000069
          1.000067
          1.000066
          1.000065
          1.000063
          1.000062
          1.000060
          1.000059
          1.000057
          1.000055
          1.000054
          1.000052
          1.000051
          1.000049
          1.000048
          1.000046
          1.000045
          1.000044
          1.000042
          1.000041
          1.000039
          1.000038
          1.000037
          1.000036
          1.000034
          1.000033
          1.000032
          1.000031
          1.000030
          1.000029
          1.000028
          1.000027
          1.000026
          1.000025
          1.000024
          1.000024
          1.000023
          1.000022
          1.000021
          1.000021
          1.000020
          1.000019
          1.000019
          1.000018
          1.000017
          1.000017
          1.000016
          1.000016
          1.000015
          1.000015
          1.000014
          1.000014
          1.000013
          1.000013
          1.000013
          1.000012
          1.000012
          1.000012
          1.000011
          1.000011
          1.000011
          1.000010
          1.000010
          1.000010
          1.000010
          1.000009
          1.000009
          1.000009
          1.000009
          1.000008
          1.000008
          1.000008
          1.000008
          1.000008
          1.000007
          1.000007
          1.000007
          1.000007
          1.000007
          1.000007
          1.000007
          1.000006
          1.000006
          1.000006
          1.000006
          1.000006
          1.000006
          1.000006
          1.000006
          1.000005
          1.000005
          1.000005
          1.000005
          1.000005
          1.000005
          1.000005
          1.000005
          1.000005
          1.000005
          1.000004
          1.000004
          1.000004
          1.000004
          1.000004
          1.000004
          1.000004
          1.000004
          1.000004
          1.000004
          1.000004
          1.000004
          1.000004
          1.000004
          1.000004
          1.000003
          1.000003
          1.000003
          1.000003
          1.000003
          1.000003
          1.000003
          1.000003
          1.000003
          1.000003
          1.000003
          1.000003
          1.000003
          1.000003
          1.000003
          1.000003
          1.000003
          1.000003
          1.000003
          1.000003
          1.000003
          1.000003
          1.000002
          1.000002
          1.000002
          1.000002
          1.000002
          1.000002
          1.000002
          1.000002
          1.000002
          1.000002
          1.000002
          1.000002
          1.000002
          1.000002
          1.000002
          1.000002
          1.000002
          1.000002
          1.000002
          1.000002
          1.000002
          1.000002
          1.000002
          1.000002
          1.000002
          1.000002
          1.000002
          1.000002
          1.000002
          1.000002
          1.000002
          1.000002
          1.000002
          1.000001
          1.000001
          1.000001
          1.000001
          1.000001
          1.000001
          1.000001
          1.000001
          1.000001
          1.000001
          1.000001
          1.000001
          1.000001
          1.000001
          1.000001
          1.000001
          1.000001
          1.000001
          1.000001
          1.000001
          1.000001
          1.000001
          1.000001
          1.000001
          1.000001
          1.000001
          1.000001
          1.000001
          1.000001
          1.000001
          1.000001
          1.000001
          1.000001
          1.000000
          1.000000
          1.000000
          1.000000
          1.000000
          1.000000
          1.000000
