          0.252177
          0.252625
          0.252801
          0.252848
          0.252829
          0.252778
          0.252714
          0.252644
          0.252575
          0.252508
          0.252445
          0.252386
          0.252333
          0.252284
          0.252240
          0.252199
          0.252163
          0.252131
          0.252102
          0.252076
          0.252052
          0.252031
          0.252013
          0.251996
          0.251981
          0.251967
          0.251955
          0.251944
          0.251935
          0.251926
          0.251918
          0.251911
          0.251905
          0.251899
          0.251894
          0.251890
          0.251886
          0.251882
          0.251879
          0.251876
          0.251873
          0.251871
          0.251869
          0.251867
          0.251865
          0.251863
          0.251862
          0.251861
          0.251860
          0.251859
          0.251858
          0.251857
          0.251856
          0.251855
          0.251855
          0.251854
          0.251854
          0.251853
          0.251853
          0.251853
          0.251852
          0.251852
          0.251852
          0.251852
          0.251852
          0.251851
          0.251851
          0.251851
          0.251851
          0.251851
          0.251851
          0.251851
          0.251851
          0.251851
          0.251851
          0.251851
          0.251851
          0.251851
          0.251850
          0.251850
          0.251850
          0.251850
          0.251850
          0.251850
          0.251850
          0.251850
          0.251850
          0.251850
          0.251850
          0.251850
          0.251850
          0.251850
          0.251850
          0.251850
          0.251850
          0.251850
          0.251850
          0.251850
          0.251850
          0.251850
          0.251850
          0.251850
          0.251850
          0.251850
          0.251850
          0.251850
          0.251850
          0.251850
          0.251850
          0.251850
          0.251850
          0.251850
          0.251850
          0.251850
          0.251850
          0.251850
          0.251850
          0.251850
          0.251850
          0.251850
          0.251850
          0.251850
          0.251850
          0.251850
          0.251850
          0.251850
          0.251850
          0.251850
          0.251850
          0.251850
          0.251850
          0.251850
          0.251850
          0.251850
          0.251850
          0.251850
          0.251850
          0.251850
          0.251850
          0.251850
          0.251850
          0.251850
          0.251850
          0.251850
          0.251850
          0.251850
          0.251850
          0.251850
          0.251850
          0.251850
          0.251850
          0.251850
          0.251850
          0.251850
          0.251850
          0.251850
          0.251850
          0.251850
          0.251850
          0.251850
          0.251850
          0.251850
          0.251850
          0.251850
          0.251850
          0.251850
          0.251850
          0.251850
          0.251850
          0.251850
          0.251850
          0.251850
          0.251850
          0.251850
          0.251850
          0.251850
          0.251850
          0.251850
          0.251850
          0.251850
          0.251850
          0.251850
          0.251850
          0.251850
          0.251850
          0.251850
          0.251850
          0.251850
          0.251850
          0.251850
          0.251850
          0.251850
          0.251850
          0.251850
          0.251850
          0.251850
          0.251850
          0.251850
          0.251850
          0.251850
          0.251850
          0.251850
          0.251850
          0.251850
          0.251850
          0.251850
          0.251850
          0.251850
          0.251850
          0.251850
          0.251850
          0.251850
          0.251850
          0.251850
          0.251850
          0.251850
          0.251850
          0.251850
          0.251850
          0.251850
          0.251850
          0.251850
          0.251850
          0.251850
          0.251850
          0.251850
          0.251850
          0.251850
          0.251850
          0.251850
          0.251850
          0.251850
          0.251850
          0.251850
          0.251850
          0.251850
          0.251850
          0.251850
          0.251850
          0.251850
          0.251850
          0.251850
          0.251850
          0.251850
          0.251850
          0.251850
          0.251850
          0.251850
          0.251850
          0.251850
          0.251850
          0.251850
