          0.039897
          0.040031
          0.040150
          0.040260
          0.040355
          0.040434
          0.040495
          0.040540
          0.040571
          0.040590
          0.040600
          0.040602
          0.040599
          0.040592
          0.040581
          0.040570
          0.040557
          0.040545
          0.040532
          0.040520
          0.040509
          0.040499
          0.040489
          0.040481
          0.040473
          0.040467
          0.040460
          0.040455
          0.040450
          0.040446
          0.040443
          0.040439
          0.040437
          0.040434
          0.040432
          0.040430
          0.040429
          0.040427
          0.040426
          0.040425
          0.040424
          0.040423
          0.040423
          0.040422
          0.040421
          0.040421
          0.040421
          0.040420
          0.040420
          0.040420
          0.040420
          0.040419
          0.040419
          0.040419
          0.040419
          0.040419
          0.040419
          0.040419
          0.040419
          0.040419
          0.040419
          0.040419
          0.040419
          0.040419
          0.040419
          0.040419
          0.040420
          0.040420
          0.040420
          0.040420
          0.040420
          0.040420
          0.040420
          0.040420
          0.040420
          0.040420
          0.040421
          0.040421
          0.040421
          0.040421
          0.040421
          0.040421
          0.040421
          0.040421
          0.040421
          0.040421
          0.040422
          0.040422
          0.040422
          0.040422
          0.040422
          0.040422
          0.040422
          0.040422
          0.040422
          0.040422
          0.040422
          0.040422
          0.040422
          0.040422
          0.040422
          0.040422
          0.040422
          0.040422
          0.040423
          0.040423
          0.040423
          0.040423
          0.040423
          0.040423
          0.040423
          0.040423
          0.040423
          0.040423
          0.040423
          0.040423
          0.040423
          0.040423
          0.040423
          0.040423
          0.040423
          0.040423
          0.040423
          0.040423
          0.040423
          0.040423
          0.040423
          0.040423
          0.040423
          0.040423
          0.040423
          0.040423
          0.040423
          0.040423
          0.040423
          0.040423
          0.040423
          0.040423
          0.040423
          0.040423
          0.040423
          0.040423
          0.040423
          0.040423
          0.040423
          0.040423
          0.040423
          0.040423
          0.040423
          0.040423
          0.040423
          0.040423
          0.040423
          0.040423
          0.040423
          0.040423
          0.040423
          0.040423
          0.040423
          0.040423
          0.040423
          0.040423
          0.040423
          0.040423
          0.040423
          0.040423
          0.040423
          0.040423
          0.040423
          0.040423
          0.040423
          0.040423
          0.040423
          0.040423
          0.040423
          0.040423
          0.040423
          0.040423
          0.040423
          0.040423
          0.040423
          0.040423
          0.040423
          0.040423
          0.040423
          0.040423
          0.040423
          0.040423
          0.040423
          0.040423
          0.040423
          0.040423
          0.040423
          0.040423
          0.040423
          0.040423
          0.040423
          0.040423
          0.040423
          0.040423
          0.040423
          0.040423
          0.040423
          0.040423
          0.040423
          0.040423
          0.040423
          0.040423
          0.040423
          0.040423
          0.040423
          0.040423
          0.040423
          0.040423
          0.040423
          0.040423
          0.040423
          0.040423
          0.040423
          0.040423
          0.040423
          0.040423
          0.040423
          0.040423
          0.040423
          0.040423
          0.040423
          0.040423
          0.040423
          0.040423
          0.040423
          0.040423
          0.040423
          0.040423
          0.040423
          0.040423
          0.040423
          0.040423
          0.040423
          0.040423
          0.040423
          0.040423
          0.040423
          0.040423
          0.040422
          0.040422
          0.040422
          0.040422
          0.040422
          0.040422
          0.040422
          0.040422
