          0.212280
          0.212594
          0.212652
          0.212588
          0.212473
          0.212344
          0.212219
          0.212104
          0.212003
          0.211917
          0.211845
          0.211784
          0.211734
          0.211692
          0.211658
          0.211630
          0.211606
          0.211586
          0.211570
          0.211555
          0.211543
          0.211532
          0.211523
          0.211515
          0.211507
          0.211501
          0.211495
          0.211489
          0.211484
          0.211480
          0.211476
          0.211472
          0.211468
          0.211465
          0.211462
          0.211460
          0.211457
          0.211455
          0.211453
          0.211451
          0.211449
          0.211448
          0.211446
          0.211445
          0.211444
          0.211442
          0.211441
          0.211440
          0.211440
          0.211439
          0.211438
          0.211437
          0.211437
          0.211436
          0.211436
          0.211435
          0.211435
          0.211434
          0.211434
          0.211434
          0.211433
          0.211433
          0.211433
          0.211432
          0.211432
          0.211432
          0.211432
          0.211432
          0.211431
          0.211431
          0.211431
          0.211431
          0.211431
          0.211430
          0.211430
          0.211430
          0.211430
          0.211430
          0.211430
          0.211430
          0.211429
          0.211429
          0.211429
          0.211429
          0.211429
          0.211429
          0.211429
          0.211429
          0.211429
          0.211429
          0.211429
          0.211428
          0.211428
          0.211428
          0.211428
          0.211428
          0.211428
          0.211428
          0.211428
          0.211428
          0.211428
          0.211428
          0.211428
          0.211428
          0.211428
          0.211428
          0.211428
          0.211428
          0.211428
          0.211428
          0.211428
          0.211428
          0.211428
          0.211428
          0.211428
          0.211428
          0.211428
          0.211428
          0.211428
          0.211428
          0.211428
          0.211428
          0.211428
          0.211428
          0.211428
          0.211427
          0.211427
          0.211427
          0.211427
          0.211427
          0.211427
          0.211427
          0.211427
          0.211427
          0.211427
          0.211427
          0.211427
          0.211427
          0.211427
          0.211427
          0.211427
          0.211427
          0.211427
          0.211427
          0.211427
          0.211427
          0.211427
          0.211427
          0.211427
          0.211427
          0.211427
          0.211427
          0.211427
          0.211427
          0.211427
          0.211427
          0.211427
          0.211427
          0.211427
          0.211427
          0.211427
          0.211427
          0.211427
          0.211427
          0.211427
          0.211427
          0.211427
          0.211427
          0.211427
          0.211427
          0.211427
          0.211427
          0.211427
          0.211427
          0.211427
          0.211427
          0.211427
          0.211427
          0.211427
          0.211427
          0.211427
          0.211427
          0.211427
          0.211427
          0.211427
          0.211427
          0.211427
          0.211427
          0.211427
          0.211427
          0.211427
          0.211427
          0.211427
          0.211427
          0.211427
          0.211427
          0.211427
          0.211427
          0.211427
          0.211427
          0.211427
          0.211427
          0.211427
          0.211427
          0.211427
          0.211427
          0.211427
          0.211427
          0.211427
          0.211427
          0.211427
          0.211427
          0.211427
          0.211427
          0.211427
          0.211427
          0.211427
          0.211427
          0.211427
          0.211427
          0.211427
          0.211427
          0.211427
          0.211427
          0.211427
          0.211427
          0.211427
          0.211427
          0.211427
          0.211427
          0.211427
          0.211428
          0.211428
          0.211428
          0.211428
          0.211428
          0.211428
          0.211428
          0.211428
          0.211428
          0.211428
          0.211428
          0.211428
          0.211428
          0.211428
          0.211428
          0.211428
          0.211428
          0.211428
          0.211428
          0.211428
          0.211428
