          1.762016
          1.762313
          1.762379
          1.762320
          1.762193
          1.762035
          1.761870
          1.761713
          1.761573
          1.761452
          1.761353
          1.761274
          1.761213
          1.761169
          1.761138
          1.761119
          1.761108
          1.761104
          1.761106
          1.761111
          1.761118
          1.761128
          1.761138
          1.761149
          1.761161
          1.761172
          1.761182
          1.761193
          1.761203
          1.761212
          1.761221
          1.761230
          1.761238
          1.761245
          1.761252
          1.761259
          1.761266
          1.761272
          1.761277
          1.761283
          1.761288
          1.761293
          1.761298
          1.761302
          1.761307
          1.761311
          1.761315
          1.761319
          1.761322
          1.761326
          1.761329
          1.761332
          1.761335
          1.761339
          1.761342
          1.761345
          1.761347
          1.761350
          1.761353
          1.761355
          1.761358
          1.761360
          1.761362
          1.761364
          1.761367
          1.761368
          1.761370
          1.761372
          1.761374
          1.761376
          1.761377
          1.761379
          1.761380
          1.761382
          1.761383
          1.761384
          1.761385
          1.761387
          1.761388
          1.761389
          1.761390
          1.761391
          1.761392
          1.761393
          1.761394
          1.761395
          1.761395
          1.761396
          1.761397
          1.761398
          1.761398
          1.761399
          1.761400
          1.761400
          1.761401
          1.761402
          1.761402
          1.761403
          1.761403
          1.761404
          1.761404
          1.761405
          1.761405
          1.761406
          1.761406
          1.761407
          1.761407
          1.761408
          1.761408
          1.761408
          1.761409
          1.761409
          1.761410
          1.761410
          1.761410
          1.761411
          1.761411
          1.761411
          1.761412
          1.761412
          1.761412
          1.761412
          1.761413
          1.761413
          1.761413
          1.761414
          1.761414
          1.761414
          1.761414
          1.761415
          1.761415
          1.761415
          1.761415
          1.761415
          1.761416
          1.761416
          1.761416
          1.761416
          1.761416
          1.761417
          1.761417
          1.761417
          1.761417
          1.761417
          1.761418
          1.761418
          1.761418
          1.761418
          1.761418
          1.761418
          1.761419
          1.761419
          1.761419
          1.761419
          1.761419
          1.761419
          1.761420
          1.761420
          1.761420
          1.761420
          1.761420
          1.761420
          1.761420
          1.761421
          1.761421
          1.761421
          1.761421
          1.761421
          1.761421
          1.761421
          1.761421
          1.761422
          1.761422
          1.761422
          1.761422
          1.761422
          1.761422
          1.761422
          1.761422
          1.761422
          1.761423
          1.761423
          1.761423
          1.761423
          1.761423
          1.761423
          1.761423
          1.761423
          1.761423
          1.761423
          1.761423
          1.761424
          1.761424
          1.761424
          1.761424
          1.761424
          1.761424
          1.761424
          1.761424
          1.761424
          1.761424
          1.761424
          1.761424
          1.761424
          1.761425
          1.761425
          1.761425
          1.761425
          1.761425
          1.761425
          1.761425
          1.761425
          1.761425
          1.761425
          1.761425
          1.761425
          1.761425
          1.761425
          1.761425
          1.761425
          1.761426
          1.761426
          1.761426
          1.761426
          1.761426
          1.761426
          1.761426
          1.761426
          1.761426
          1.761426
          1.761426
          1.761426
          1.761426
          1.761426
          1.761426
          1.761426
          1.761426
          1.761426
          1.761426
          1.761426
          1.761426
          1.761426
          1.761426
          1.761426
          1.761426
          1.761426
          1.761426
          1.761427
          1.761427
          1.761427
          1.761427
          1.761427
