          1.515838
          1.515065
          1.513344
          1.512240
          1.511417
          1.510784
          1.510300
          1.509943
          1.509686
          1.509508
          1.509391
          1.509321
          1.509286
          1.509275
          1.509281
          1.509298
          1.509321
          1.509349
          1.509378
          1.509406
          1.509434
          1.509459
          1.509483
          1.509504
          1.509523
          1.509541
          1.509556
          1.509570
          1.509583
          1.509595
          1.509606
          1.509615
          1.509624
          1.509632
          1.509640
          1.509646
          1.509653
          1.509658
          1.509664
          1.509669
          1.509674
          1.509678
          1.509683
          1.509687
          1.509692
          1.509696
          1.509700
          1.509704
          1.509707
          1.509712
          1.509707
          1.509713
          1.509717
          1.509720
          1.509723
          1.509726
          1.509728
          1.509731
          1.509733
          1.509735
          1.509737
          1.509739
          1.509741
          1.509743
          1.509745
          1.509746
          1.509748
          1.509750
          1.509751
          1.509752
          1.509754
          1.509755
          1.509756
          1.509757
          1.509758
          1.509759
          1.509760
          1.509761
          1.509762
          1.509763
          1.509764
          1.509765
          1.509766
          1.509766
          1.509767
          1.509768
          1.509768
          1.509769
          1.509770
          1.509770
          1.509771
          1.509771
          1.509772
          1.509773
          1.509773
          1.509774
          1.509774
          1.509774
          1.509775
          1.509775
          1.509776
          1.509776
          1.509777
          1.509777
          1.509777
          1.509778
          1.509778
          1.509778
          1.509779
          1.509779
          1.509779
          1.509780
          1.509780
          1.509780
          1.509780
          1.509781
          1.509781
          1.509781
          1.509781
          1.509782
          1.509782
          1.509782
          1.509782
          1.509783
          1.509783
          1.509783
          1.509783
          1.509784
          1.509784
          1.509784
          1.509784
          1.509784
          1.509784
          1.509785
          1.509785
          1.509785
          1.509785
          1.509785
          1.509786
          1.509786
          1.509786
          1.509786
          1.509786
          1.509786
          1.509787
          1.509787
          1.509787
          1.509787
          1.509787
          1.509787
          1.509787
          1.509788
          1.509788
          1.509788
          1.509788
          1.509788
          1.509788
          1.509788
          1.509788
          1.509789
          1.509789
          1.509789
          1.509789
          1.509789
          1.509789
          1.509789
          1.509789
          1.509789
          1.509790
          1.509790
          1.509790
          1.509790
          1.509790
          1.509790
          1.509790
          1.509790
          1.509790
          1.509790
          1.509791
          1.509791
          1.509791
          1.509791
          1.509791
          1.509791
          1.509791
          1.509791
          1.509791
          1.509791
          1.509791
          1.509791
          1.509792
          1.509792
          1.509792
          1.509792
          1.509792
          1.509792
          1.509792
          1.509792
          1.509792
          1.509792
          1.509792
          1.509792
          1.509792
          1.509792
          1.509792
          1.509793
          1.509793
          1.509793
          1.509793
          1.509793
          1.509793
          1.509793
          1.509793
          1.509793
          1.509793
          1.509793
          1.509793
          1.509793
          1.509793
          1.509793
          1.509793
          1.509793
          1.509793
          1.509793
          1.509793
          1.509794
          1.509794
          1.509794
          1.509794
          1.509794
          1.509794
          1.509794
          1.509794
          1.509794
          1.509794
          1.509794
          1.509794
          1.509794
          1.509794
          1.509794
          1.509794
          1.509794
          1.509794
          1.509794
          1.509794
          1.509794
          1.509794
          1.509794
          1.509794
          1.509794
          1.509794
          1.509794
