          0.008704
          0.008692
          0.008686
          0.008679
          0.008672
          0.008666
          0.008660
          0.008656
          0.008652
          0.008649
          0.008647
          0.008645
          0.008644
          0.008643
          0.008642
          0.008642
          0.008641
          0.008641
          0.008641
          0.008641
          0.008641
          0.008641
          0.008641
          0.008641
          0.008641
          0.008641
          0.008641
          0.008641
          0.008641
          0.008641
          0.008641
          0.008641
          0.008641
          0.008641
          0.008641
          0.008640
          0.008640
          0.008640
          0.008640
          0.008640
          0.008640
          0.008640
          0.008640
          0.008640
          0.008640
          0.008640
          0.008640
          0.008640
          0.008640
          0.008640
          0.008640
          0.008639
          0.008639
          0.008639
          0.008639
          0.008639
          0.008639
          0.008639
          0.008639
          0.008639
          0.008639
          0.008639
          0.008639
          0.008639
          0.008639
          0.008639
          0.008639
          0.008639
          0.008639
          0.008639
          0.008639
          0.008639
          0.008639
          0.008639
          0.008639
          0.008639
          0.008638
          0.008638
          0.008638
          0.008638
          0.008638
          0.008638
          0.008638
          0.008638
          0.008638
          0.008638
          0.008638
          0.008638
          0.008638
          0.008638
          0.008638
          0.008638
          0.008638
          0.008638
          0.008638
          0.008638
          0.008638
          0.008638
          0.008638
          0.008638
          0.008638
          0.008638
          0.008638
          0.008638
          0.008638
          0.008638
          0.008638
          0.008638
          0.008638
          0.008638
          0.008638
          0.008638
          0.008638
          0.008638
          0.008638
          0.008638
          0.008638
          0.008638
          0.008638
          0.008638
          0.008638
          0.008638
          0.008638
          0.008638
          0.008638
          0.008638
          0.008638
          0.008638
          0.008638
          0.008638
          0.008638
          0.008638
          0.008638
          0.008638
          0.008638
          0.008638
          0.008638
          0.008638
          0.008638
          0.008638
          0.008638
          0.008638
          0.008638
          0.008638
          0.008638
          0.008638
          0.008638
          0.008638
          0.008638
          0.008638
          0.008638
          0.008638
          0.008638
          0.008638
          0.008638
          0.008638
          0.008638
          0.008638
          0.008638
          0.008638
          0.008638
          0.008638
          0.008638
          0.008638
          0.008638
          0.008638
          0.008638
          0.008638
          0.008638
          0.008638
          0.008638
          0.008638
          0.008638
          0.008638
          0.008638
          0.008638
          0.008638
          0.008638
          0.008638
          0.008638
          0.008638
          0.008638
          0.008638
          0.008638
          0.008638
          0.008638
          0.008638
          0.008638
          0.008638
          0.008638
          0.008638
          0.008638
          0.008638
          0.008638
          0.008638
          0.008638
          0.008638
          0.008638
          0.008638
          0.008638
          0.008638
          0.008638
          0.008638
          0.008638
          0.008638
          0.008638
          0.008638
          0.008638
          0.008638
          0.008638
          0.008638
          0.008638
          0.008638
          0.008638
          0.008638
          0.008638
          0.008638
          0.008638
          0.008638
          0.008638
          0.008638
          0.008638
          0.008638
          0.008638
          0.008638
          0.008638
          0.008638
          0.008638
          0.008638
          0.008638
          0.008638
          0.008638
          0.008638
          0.008638
          0.008638
          0.008638
          0.008638
          0.008638
          0.008638
          0.008638
          0.008638
          0.008638
          0.008638
          0.008638
          0.008638
          0.008638
          0.008638
          0.008638
          0.008638
          0.008638
          0.008638
          0.008638
          1.000111
          1.000084
          1.000058
          1.000034
          1.000013
          0.999995
          0.999982
          0.999972
          0.999965
          0.999961
          0.999959
          0.999959
          0.999959
          0.999961
          0.999963
          0.999966
          0.999969
          0.999972
          0.999974
          0.999977
          0.999980
          0.999982
          0.999984
          0.999986
          0.999988
          0.999989
          0.999990
          0.999992
          0.999993
          0.999994
          0.999995
          0.999995
          0.999996
          0.999996
          0.999997
          0.999997
          0.999998
          0.999998
          0.999998
          0.999999
          0.999999
          0.999999
          0.999999
          0.999999
          1.000000
          1.000000
          1.000000
          1.000000
          1.000000
          1.000000
          1.000000
          1.000000
          1.000000
          1.000000
          1.000000
          1.000000
          1.000000
          1.000000
          1.000000
          1.000000
          1.000000
          1.000000
          1.000000
          1.000000
          1.000000
          1.000000
          1.000000
          1.000000
          1.000000
          1.000000
          1.000000
          1.000000
          1.000000
          1.000000
          1.000000
          1.000000
          1.000000
          1.000000
          1.000000
          1.000000
          1.000000
          1.000000
          1.000000
          1.000000
          1.000000
          1.000000
          1.000000
          1.000000
          1.000000
          1.000000
          1.000000
          1.000000
          1.000000
          1.000000
          1.000000
          1.000000
          1.000000
          1.000000
          1.000000
          1.000000
          1.000000
          1.000000
          1.000000
          1.000000
          1.000000
          1.000000
          1.000000
          1.000000
          1.000000
          1.000000
          1.000000
          1.000000
          1.000000
          1.000000
          1.000000
          1.000000
          1.000000
          1.000000
          1.000000
          1.000000
          1.000000
          1.000000
          1.000000
          1.000000
          1.000000
          1.000000
          1.000000
          1.000000
          1.000000
          1.000000
          1.000000
          1.000000
          1.000000
          1.000000
          1.000000
          1.000000
          1.000000
          1.000000
          1.000000
          1.000000
          1.000000
          1.000000
          1.000000
          1.000000
          1.000000
          1.000000
          1.000000
          1.000000
          1.000000
          1.000000
          1.000000
          1.000000
          1.000000
          1.000000
          1.000000
          1.000000
          1.000000
          1.000000
          1.000000
          1.000000
          1.000000
          1.000000
          1.000000
          1.000000
          1.000000
          1.000000
          1.000000
          1.000000
          1.000000
          1.000000
          1.000000
          1.000000
          1.000000
          1.000000
          1.000000
          1.000000
          1.000000
          1.000000
          1.000000
          1.000000
          1.000000
          1.000000
          1.000000
          1.000000
          1.000000
          1.000000
          1.000000
          1.000000
          1.000000
          1.000000
          1.000000
          1.000000
          1.000000
          1.000000
          1.000000
          1.000000
          1.000000
          1.000000
          1.000000
          1.000000
          1.000000
          1.000000
          1.000000
          1.000000
          1.000000
          1.000000
          1.000000
          1.000000
          1.000000
          1.000000
          1.000000
          1.000000
          1.000000
          1.000000
          1.000000
          1.000000
          1.000000
          1.000000
          1.000000
          1.000000
          1.000000
          1.000000
          1.000000
          1.000000
          1.000000
          1.000000
          1.000000
          1.000000
          1.000000
          1.000000
          1.000000
          1.000000
          1.000000
          1.000000
          1.000000
          1.000000
          1.000000
          1.000000
          1.000000
          1.000000
          1.000000
          1.000000
          1.000000
          1.000000
          1.000000
          1.000000
          1.000000
          1.000000
          1.000000
          1.000000
          1.000000
          1.000000
          1.515838
          1.515065
          1.513344
          1.512240
          1.511417
          1.510784
          1.510300
          1.509943
          1.509686
          1.509508
          1.509391
          1.509321
          1.509286
          1.509275
          1.509281
          1.509298
          1.509321
          1.509349
          1.509378
          1.509406
          1.509434
          1.509459
          1.509483
          1.509504
          1.509523
          1.509541
          1.509556
          1.509570
          1.509583
          1.509595
          1.509606
          1.509615
          1.509624
          1.509632
          1.509640
          1.509646
          1.509653
          1.509658
          1.509664
          1.509669
          1.509674
          1.509678
          1.509683
          1.509687
          1.509692
          1.509696
          1.509700
          1.509704
          1.509707
          1.509712
          1.509707
          1.509713
          1.509717
          1.509720
          1.509723
          1.509726
          1.509728
          1.509731
          1.509733
          1.509735
          1.509737
          1.509739
          1.509741
          1.509743
          1.509745
          1.509746
          1.509748
          1.509750
          1.509751
          1.509752
          1.509754
          1.509755
          1.509756
          1.509757
          1.509758
          1.509759
          1.509760
          1.509761
          1.509762
          1.509763
          1.509764
          1.509765
          1.509766
          1.509766
          1.509767
          1.509768
          1.509768
          1.509769
          1.509770
          1.509770
          1.509771
          1.509771
          1.509772
          1.509773
          1.509773
          1.509774
          1.509774
          1.509774
          1.509775
          1.509775
          1.509776
          1.509776
          1.509777
          1.509777
          1.509777
          1.509778
          1.509778
          1.509778
          1.509779
          1.509779
          1.509779
          1.509780
          1.509780
          1.509780
          1.509780
          1.509781
          1.509781
          1.509781
          1.509781
          1.509782
          1.509782
          1.509782
          1.509782
          1.509783
          1.509783
          1.509783
          1.509783
          1.509784
          1.509784
          1.509784
          1.509784
          1.509784
          1.509784
          1.509785
          1.509785
          1.509785
          1.509785
          1.509785
          1.509786
          1.509786
          1.509786
          1.509786
          1.509786
          1.509786
          1.509787
          1.509787
          1.509787
          1.509787
          1.509787
          1.509787
          1.509787
          1.509788
          1.509788
          1.509788
          1.509788
          1.509788
          1.509788
          1.509788
          1.509788
          1.509789
          1.509789
          1.509789
          1.509789
          1.509789
          1.509789
          1.509789
          1.509789
          1.509789
          1.509790
          1.509790
          1.509790
          1.509790
          1.509790
          1.509790
          1.509790
          1.509790
          1.509790
          1.509790
          1.509791
          1.509791
          1.509791
          1.509791
          1.509791
          1.509791
          1.509791
          1.509791
          1.509791
          1.509791
          1.509791
          1.509791
          1.509792
          1.509792
          1.509792
          1.509792
          1.509792
          1.509792
          1.509792
          1.509792
          1.509792
          1.509792
          1.509792
          1.509792
          1.509792
          1.509792
          1.509792
          1.509793
          1.509793
          1.509793
          1.509793
          1.509793
          1.509793
          1.509793
          1.509793
          1.509793
          1.509793
          1.509793
          1.509793
          1.509793
          1.509793
          1.509793
          1.509793
          1.509793
          1.509793
          1.509793
          1.509793
          1.509794
          1.509794
          1.509794
          1.509794
          1.509794
          1.509794
          1.509794
          1.509794
          1.509794
          1.509794
          1.509794
          1.509794
          1.509794
          1.509794
          1.509794
          1.509794
          1.509794
          1.509794
          1.509794
          1.509794
          1.509794
          1.509794
          1.509794
          1.509794
          1.509794
          1.509794
          1.509794
          0.682098
          0.681221
          0.684607
          0.683149
          0.682538
          0.682163
          0.681926
          0.681778
          0.681683
          0.681623
          0.681583
          0.681556
          0.681537
          0.681521
          0.681507
          0.681494
          0.681480
          0.681467
          0.681453
          0.681440
          0.681426
          0.681413
          0.681401
          0.681389
          0.681377
          0.681367
          0.681357
          0.681348
          0.681341
          0.681335
          0.681331
          0.681327
          0.681323
          0.681320
          0.681317
          0.681315
          0.681313
          0.681311
          0.681310
          0.681309
          0.681308
          0.681307
          0.681307
          0.681307
          0.681308
          0.681308
          0.681308
          0.681309
          0.681310
          0.681311
          0.681307
          0.681308
          0.681310
          0.681311
          0.681312
          0.681313
          0.681314
          0.681315
          0.681315
          0.681316
          0.681317
          0.681317
          0.681318
          0.681319
          0.681319
          0.681320
          0.681320
          0.681321
          0.681321
          0.681322
          0.681322
          0.681323
          0.681323
          0.681323
          0.681324
          0.681324
          0.681325
          0.681325
          0.681325
          0.681326
          0.681326
          0.681326
          0.681326
          0.681327
          0.681327
          0.681327
          0.681327
          0.681328
          0.681328
          0.681328
          0.681328
          0.681328
          0.681329
          0.681329
          0.681329
          0.681329
          0.681329
          0.681329
          0.681330
          0.681330
          0.681330
          0.681330
          0.681330
          0.681330
          0.681330
          0.681331
          0.681331
          0.681331
          0.681331
          0.681331
          0.681331
          0.681331
          0.681331
          0.681331
          0.681331
          0.681332
          0.681332
          0.681332
          0.681332
          0.681332
          0.681332
          0.681332
          0.681332
          0.681332
          0.681332
          0.681332
          0.681332
          0.681332
          0.681332
          0.681332
          0.681332
          0.681333
          0.681333
          0.681333
          0.681333
          0.681333
          0.681333
          0.681333
          0.681333
          0.681333
          0.681333
          0.681333
          0.681333
          0.681333
          0.681333
          0.681333
          0.681333
          0.681333
          0.681333
          0.681333
          0.681333
          0.681333
          0.681333
          0.681333
          0.681333
          0.681334
          0.681334
          0.681334
          0.681334
          0.681334
          0.681334
          0.681334
          0.681334
          0.681334
          0.681334
          0.681334
          0.681334
          0.681334
          0.681334
          0.681334
          0.681334
          0.681334
          0.681334
          0.681334
          0.681334
          0.681334
          0.681334
          0.681334
          0.681334
          0.681334
          0.681334
          0.681334
          0.681334
          0.681334
          0.681334
          0.681334
          0.681334
          0.681334
          0.681334
          0.681334
          0.681334
          0.681334
          0.681334
          0.681334
          0.681334
          0.681334
          0.681334
          0.681334
          0.681334
          0.681334
          0.681334
          0.681334
          0.681335
          0.681335
          0.681335
          0.681335
          0.681335
          0.681335
          0.681335
          0.681335
          0.681335
          0.681335
          0.681335
          0.681335
          0.681335
          0.681335
          0.681335
          0.681335
          0.681335
          0.681335
          0.681335
          0.681335
          0.681335
          0.681335
          0.681335
          0.681335
          0.681335
          0.681335
          0.681335
          0.681335
          0.681335
          0.681335
          0.681335
          0.681335
          0.681335
          0.681335
          0.681335
          0.681335
          0.681335
          0.681335
          0.681335
          0.681335
          0.681335
          0.681335
          0.681335
          0.681335
          0.681335
          0.681335
          0.681335
          0.681334
          0.681334
          0.681334
         -0.000154
         -0.002645
         -0.001905
         -0.001408
         -0.001021
         -0.000712
         -0.000466
         -0.000277
         -0.000134
         -0.000030
          0.000043
          0.000092
          0.000123
          0.000139
          0.000146
          0.000146
          0.000141
          0.000133
          0.000123
          0.000113
          0.000103
          0.000093
          0.000084
          0.000075
          0.000068
          0.000061
          0.000055
          0.000050
          0.000045
          0.000041
          0.000037
          0.000034
          0.000031
          0.000028
          0.000026
          0.000024
          0.000022
          0.000021
          0.000019
          0.000018
          0.000017
          0.000016
          0.000015
          0.000014
          0.000013
          0.000012
          0.000011
          0.000010
          0.000009
          0.000008
          0.000011
          0.000009
          0.000008
          0.000008
          0.000007
          0.000006
          0.000006
          0.000005
          0.000005
          0.000005
          0.000004
          0.000004
          0.000004
          0.000003
          0.000003
          0.000003
          0.000002
          0.000002
          0.000002
          0.000002
          0.000002
          0.000001
          0.000001
          0.000001
          0.000001
          0.000001
          0.000001
          0.000001
          0.000000
          0.000000
          0.000000
          0.000000
          0.000000
          0.000000
         -0.000000
         -0.000000
         -0.000000
         -0.000000
         -0.000000
         -0.000000
         -0.000000
         -0.000000
         -0.000000
         -0.000000
         -0.000000
         -0.000000
         -0.000001
         -0.000001
         -0.000001
         -0.000001
         -0.000001
         -0.000001
         -0.000001
         -0.000001
         -0.000001
         -0.000001
         -0.000001
         -0.000001
         -0.000001
         -0.000001
         -0.000001
         -0.000001
         -0.000001
         -0.000001
         -0.000001
         -0.000001
         -0.000001
         -0.000001
         -0.000001
         -0.000001
         -0.000001
         -0.000001
         -0.000001
         -0.000001
         -0.000001
         -0.000001
         -0.000001
         -0.000001
         -0.000001
         -0.000001
         -0.000001
         -0.000001
         -0.000001
         -0.000001
         -0.000001
         -0.000001
         -0.000001
         -0.000001
         -0.000001
         -0.000001
         -0.000001
         -0.000001
         -0.000001
         -0.000001
         -0.000001
         -0.000001
         -0.000001
         -0.000000
         -0.000000
         -0.000001
         -0.000000
         -0.000000
         -0.000000
         -0.000000
         -0.000000
         -0.000000
         -0.000000
         -0.000000
         -0.000000
         -0.000000
         -0.000000
         -0.000000
         -0.000000
         -0.000000
         -0.000000
         -0.000000
         -0.000000
         -0.000000
         -0.000000
         -0.000000
         -0.000000
         -0.000000
         -0.000000
         -0.000000
         -0.000000
         -0.000000
         -0.000000
         -0.000000
         -0.000000
         -0.000000
         -0.000000
         -0.000000
         -0.000000
         -0.000000
         -0.000000
         -0.000000
         -0.000000
         -0.000000
         -0.000000
         -0.000000
         -0.000000
         -0.000000
         -0.000000
         -0.000000
         -0.000000
         -0.000000
         -0.000000
         -0.000000
         -0.000000
         -0.000000
         -0.000000
         -0.000000
         -0.000000
         -0.000000
         -0.000000
         -0.000000
         -0.000000
         -0.000000
         -0.000000
         -0.000000
         -0.000000
         -0.000000
         -0.000000
         -0.000000
         -0.000000
         -0.000000
         -0.000000
         -0.000000
         -0.000000
         -0.000000
         -0.000000
         -0.000000
         -0.000000
         -0.000000
         -0.000000
         -0.000000
         -0.000000
         -0.000000
         -0.000000
         -0.000000
         -0.000000
         -0.000000
         -0.000000
         -0.000000
         -0.000000
         -0.000000
         -0.000000
         -0.000000
         -0.000000
         -0.000000
         -0.000000
         -0.000000
         -0.000000
         -0.000000
         -0.000000
         -0.000000
         -0.000000
         -0.000000
         -0.000000
         -0.000000
         -0.000000
         -0.000000
