  8.703893643797467E-003  8.691987913034771E-003  8.685674082232708E-003
  8.678741874992504E-003  8.671980765188115E-003  8.665862333080150E-003
  8.660479133221453E-003  8.655938877632958E-003  8.652196139972448E-003
  8.649192652710603E-003  8.646835838172507E-003  8.645039354293676E-003
  8.643704035217279E-003  8.642734865248271E-003  8.642051603901602E-003
  8.641588939037027E-003  8.641288810751263E-003  8.641107922310152E-003
  8.641008455826197E-003  8.640962454697181E-003  8.640950092542284E-003
  8.640953146800141E-003  8.640961716891058E-003  8.640969056015229E-003
  8.640969997724285E-003  8.640963747437891E-003  8.640947870337080E-003
  8.640923090984185E-003  8.640890185681763E-003  8.640849587717131E-003
  8.640801561742547E-003  8.640747680421175E-003  8.640687107750161E-003
  8.640623286455174E-003  8.640556622138145E-003  8.640486860466021E-003
  8.640415852391704E-003  8.640343740392424E-003  8.640271938569182E-003
  8.640199188721295E-003  8.640128164493418E-003  8.640057524748350E-003
  8.639987933385487E-003  8.639919354249787E-003  8.639852788688073E-003
  8.639787496723020E-003  8.639723976927026E-003  8.639662826478364E-003
  8.639604014843424E-003  8.639549525107822E-003  8.639501476149981E-003
  8.639438650881770E-003  8.639379278929094E-003  8.639322551950070E-003
  8.639268865044585E-003  8.639217949251656E-003  8.639168266606692E-003
  8.639120021008601E-003  8.639075250128326E-003  8.639030439419838E-003
  8.638988361772975E-003  8.638948019541142E-003  8.638908995647341E-003
  8.638872260754512E-003  8.638835389930504E-003  8.638801132263924E-003
  8.638766912143608E-003  8.638734924301466E-003  8.638702832269779E-003
  8.638673329273051E-003  8.638644650157396E-003  8.638616198408635E-003
  8.638589218819218E-003  8.638562564144485E-003  8.638537724538261E-003
  8.638512657555704E-003  8.638488778332067E-003  8.638465618157745E-003
  8.638444238345198E-003  8.638422284401332E-003  8.638401031366807E-003
  8.638380977674512E-003  8.638361161488450E-003  8.638341795045319E-003
  8.638324043198880E-003  8.638305530183866E-003  8.638288801535381E-003
  8.638271889580430E-003  8.638255938796824E-003  8.638239577904610E-003
  8.638224924877895E-003  8.638209782405485E-003  8.638195326136902E-003
  8.638180842008883E-003  8.638166908735756E-003  8.638154038155500E-003
  8.638141153097269E-003  8.638128046872660E-003  8.638115689718425E-003
  8.638104077467235E-003  8.638092344469255E-003  8.638081327693311E-003
  8.638070440146153E-003  8.638059185046874E-003  8.638049120374049E-003
  8.638038658472787E-003  8.638028877056884E-003  8.638018802387159E-003
  8.638009627175026E-003  8.638000110622173E-003  8.637991148862127E-003
  8.637982327277201E-003  8.637973240688122E-003  8.637965159227068E-003
  8.637956810668214E-003  8.637948955237021E-003  8.637941055905349E-003
  8.637933255627039E-003  8.637925924460993E-003  8.637918620138777E-003
  8.637911213015966E-003  8.637903589338771E-003  8.637897234182047E-003
  8.637889915953999E-003  8.637883491640816E-003  8.637877124725503E-003
  8.637870995236864E-003  8.637864313343544E-003  8.637858449615170E-003
  8.637851747038976E-003  8.637845936098898E-003  8.637840027198888E-003
  8.637834509091879E-003  8.637829627253939E-003  8.637823700452553E-003
  8.637818748653287E-003  8.637813158040455E-003  8.637807609496135E-003
  8.637802276387404E-003  8.637797828864605E-003  8.637792642629911E-003
  8.637787533589044E-003  8.637782221309521E-003  8.637777680855599E-003
  8.637773144127666E-003  8.637769157695329E-003  8.637764393434506E-003
  8.637760154598656E-003  8.637755788797918E-003  8.637752023497113E-003
  8.637747809267814E-003  8.637743497181495E-003  8.637739395333218E-003
  8.637735487141108E-003  8.637731762744452E-003  8.637727732439062E-003
  8.637724002115999E-003  8.637720031772142E-003  8.637716482030889E-003
  8.637712549221932E-003  8.637708844805816E-003  8.637705168541315E-003
  8.637702216698033E-003  8.637698595096914E-003  8.637695362659301E-003
  8.637692048066588E-003  8.637689117675200E-003  8.637685451941692E-003
  8.637682221752190E-003  8.637679147735382E-003  8.637676922418246E-003
  8.637673715833544E-003  8.637670273284373E-003  8.637668069255701E-003
  8.637664136992565E-003  8.637661708865452E-003  8.637659096404115E-003
  8.637656567215645E-003  8.637653118247959E-003  8.637650675570745E-003
  8.637648039094451E-003  8.637645405300013E-003  8.637643195934535E-003
  8.637640866922468E-003  8.637638077867061E-003  8.637636011582394E-003
  8.637633464325256E-003  8.637630952858225E-003  8.637628304119842E-003
  8.637626590866764E-003  8.637624373281210E-003  8.637622277599554E-003
  8.637619818085716E-003  8.637618281865633E-003  8.637615687684227E-003
  8.637613489345669E-003  8.637611200334841E-003  8.637609459771876E-003
  8.637606939841462E-003  8.637605629535163E-003  8.637604026447350E-003
  8.637602324576622E-003  8.637600169058875E-003  8.637598073947705E-003
  8.637596056178603E-003  8.637594798357968E-003  8.637592457830008E-003
  8.637591229970381E-003  8.637589174954675E-003  8.637587966244836E-003
  8.637585458954022E-003  8.637584496614248E-003  8.637583118141339E-003
  8.637581706875674E-003  8.637580055854688E-003  8.637578299809288E-003
  8.637577448383798E-003  8.637575302192035E-003  8.637574542730458E-003
  8.637573240995759E-003  8.637572246099963E-003  8.637570286009120E-003
  8.637568633361160E-003  8.637567745631262E-003  8.637565716458129E-003
  8.637565537680749E-003  8.637564207569096E-003  8.637562647124094E-003
  8.637561876801298E-003  8.637560287237779E-003  8.637558764262070E-003
  8.637557668694599E-003  8.637557782522343E-003  8.637556019571163E-003
  8.637555653985938E-003  8.637554461789699E-003  8.637553592794729E-003
  8.637552395766284E-003  8.637552247508007E-003  8.637550518808428E-003
  8.637550000209474E-003  8.637549062200123E-003  8.637548377048913E-003
  8.637547979256820E-003  8.637547561325398E-003  8.637547385905962E-003
  8.637547232503939E-003  8.637547825839868E-003  8.637548119708700E-003
  8.637548720792471E-003  8.637550881123359E-003  8.637553132180079E-003
   1.00011131508403        1.00008398704216        1.00005788505634     
   1.00003362653478        1.00001262493070       0.999995416078684     
  0.999982003231257       0.999972123478984       0.999965340368865     
  0.999961162194215       0.999959091337222       0.999958664021689     
  0.999959465134552       0.999961141361038       0.999963403218194     
  0.999966019895052       0.999968811906141       0.999971645209173     
  0.999974422412729       0.999977077067218       0.999979566743076     
  0.999981867077851       0.999983968414976       0.999985870667909     
  0.999987580332405       0.999989108432444       0.999990467900397     
  0.999991673245108       0.999992738835413       0.999993678415596     
  0.999994505073309       0.999995231452631       0.999995869113630     
  0.999996429192182       0.999996920930821       0.999997352689863     
  0.999997732196063       0.999998065883504       0.999998359508303     
  0.999998617791066       0.999998845333933       0.999999045366040     
  0.999999221097209       0.999999375063094       0.999999509528131     
  0.999999626387068       0.999999727703817       0.999999815304262     
  0.999999890790747       0.999999955858214        1.00000001184750     
   1.00000006035123        1.00000010434192        1.00000014265952     
   1.00000017509424        1.00000020162105        1.00000022244485     
   1.00000023831218        1.00000024987592        1.00000025708041     
   1.00000026095191        1.00000026155457        1.00000025921364     
   1.00000025433899        1.00000024698533        1.00000023794178     
   1.00000022706275        1.00000021499219        1.00000020162291     
   1.00000018756187        1.00000017250736        1.00000015670031     
   1.00000014055231        1.00000012404058        1.00000010748324     
   1.00000009068967        1.00000007410603        1.00000005768820     
   1.00000004152269        1.00000002533861        1.00000000962105     
  0.999999994413885       0.999999979580960       0.999999965280845     
  0.999999951583705       0.999999938170119       0.999999925482322     
  0.999999913126135       0.999999901333647       0.999999889963720     
  0.999999879306475       0.999999868957802       0.999999859223934     
  0.999999850018565       0.999999841473582       0.999999833524529     
  0.999999825931564       0.999999818806592       0.999999812321870     
  0.999999806323291       0.999999800654957       0.999999795442598     
  0.999999790538191       0.999999785985145       0.999999781978819     
  0.999999778202715       0.999999774854410       0.999999771781881     
  0.999999769142572       0.999999766708005       0.999999764647873     
  0.999999762839342       0.999999761293025       0.999999760145107     
  0.999999759116157       0.999999758339467       0.999999757699115     
  0.999999757254448       0.999999757016026       0.999999756876365     
  0.999999756873025       0.999999757084160       0.999999757619086     
  0.999999758103523       0.999999758882888       0.999999759697561     
  0.999999760565820       0.999999761448584       0.999999762562501     
  0.999999763680243       0.999999765104503       0.999999766571562     
  0.999999768134362       0.999999769687070       0.999999771051389     
  0.999999772603020       0.999999774062153       0.999999775671168     
  0.999999777446378       0.999999779336739       0.999999781080017     
  0.999999782939753       0.999999784918481       0.999999787098423     
  0.999999789240337       0.999999791355579       0.999999793290223     
  0.999999795322348       0.999999797304799       0.999999799297972     
  0.999999801132653       0.999999802983397       0.999999804908977     
  0.999999806864064       0.999999808802024       0.999999810681174     
  0.999999812620305       0.999999814542028       0.999999816543058     
  0.999999818505064       0.999999820569037       0.999999822673551     
  0.999999824819732       0.999999826785111       0.999999828803400     
  0.999999830760528       0.999999832699354       0.999999834517435     
  0.999999836471799       0.999999838432165       0.999999840357119     
  0.999999841989373       0.999999843673316       0.999999845503225     
  0.999999847099126       0.999999849036578       0.999999850835393     
  0.999999852561424       0.999999854205304       0.999999856077962     
  0.999999857862746       0.999999859628987       0.999999861383921     
  0.999999862999339       0.999999864526899       0.999999866132789     
  0.999999867597463       0.999999869096062       0.999999870631485     
  0.999999872258576       0.999999873681356       0.999999875076264     
  0.999999876421131       0.999999877843991       0.999999879058267     
  0.999999880421132       0.999999881814108       0.999999883271639     
  0.999999884625402       0.999999886135144       0.999999887413197     
  0.999999888568066       0.999999889650516       0.999999890825315     
  0.999999892082969       0.999999893404560       0.999999894553743     
  0.999999895891114       0.999999897060569       0.999999898336307     
  0.999999899453601       0.999999900839140       0.999999901995647     
  0.999999903069512       0.999999904089219       0.999999905147762     
  0.999999906286381       0.999999907224549       0.999999908390724     
  0.999999909343727       0.999999910274289       0.999999911107876     
  0.999999912177684       0.999999913393629       0.999999914513122     
  0.999999915907521       0.999999916985165       0.999999918137657     
  0.999999919460549       0.999999920719818       0.999999922200235     
  0.999999923892271       0.999999925664394       0.999999927148127     
  0.999999928982034       0.999999930742551       0.999999932726743     
  0.999999934865018       0.999999937297555       0.999999939727624     
  0.999999942708483       0.999999945889991       0.999999949447190     
  0.999999953336550       0.999999957506769       0.999999962009076     
  0.999999966808612       0.999999971944215       0.999999977224798     
  0.999999982808646       0.999999988658667       0.999999994355226     
   1.51583838598299        1.51506458159221        1.51334364044124     
   1.51223960440366        1.51141679206136        1.51078447717213     
   1.51030044193355        1.50994328665117        1.50968607453412     
   1.50950815092973        1.50939121956453        1.50932129917294     
   1.50928596081750        1.50927500215494        1.50928077335626     
   1.50929772805158        1.50932136193454        1.50934875400570     
   1.50937750150067        1.50940607656673        1.50943359130227     
   1.50945921838065        1.50948275032058        1.50950414402171     
   1.50952337199031        1.50954072180896        1.50955618654599     
   1.50957005572336        1.50958279367728        1.50959483662836     
   1.50960561781213        1.50961536981879        1.50962408539437     
   1.50963211234227        1.50963950365984        1.50964625358529     
   1.50965254475611        1.50965838392717        1.50966388857262     
   1.50966895170159        1.50967380401881        1.50967831367747     
   1.50968281998505        1.50968740532357        1.50969173947085     
   1.50969580508633        1.50969969629293        1.50970352372480     
   1.50970736384809        1.50971184953462        1.50970721809583     
   1.50971254201523        1.50971651516159        1.50971987658107     
   1.50972291717528        1.50972573348281        1.50972830066564     
   1.50973068302998        1.50973303817233        1.50973517146116     
   1.50973726027597        1.50973926647029        1.50974116996977     
   1.50974302711409        1.50974471995137        1.50974641429001     
   1.50974796057412        1.50974950095301        1.50975089768485     
   1.50975231160440        1.50975366065885        1.50975489911005     
   1.50975611644699        1.50975724212917        1.50975837634266     
   1.50975939396161        1.50976040641780        1.50976136334943     
   1.50976234924671        1.50976320261914        1.50976403566067     
   1.50976486248856        1.50976563354183        1.50976636460132     
   1.50976713487818        1.50976778935227        1.50976848985026     
   1.50976913021909        1.50976976926336        1.50977033224617     
   1.50977095419395        1.50977148687888        1.50977202297857     
   1.50977252417665        1.50977300588846        1.50977352023030     
   1.50977399247115        1.50977441593681        1.50977485297923     
   1.50977530219062        1.50977570495572        1.50977612314637     
   1.50977651392817        1.50977685709085        1.50977725198938     
   1.50977759464968        1.50977795064258        1.50977827062379     
   1.50977861516204        1.50977891924285        1.50977923636210     
   1.50977953997836        1.50977980761619        1.50978011853206     
   1.50978038702946        1.50978067517199        1.50978094094838     
   1.50978120107445        1.50978146940178        1.50978172284548     
   1.50978196102064        1.50978216833927        1.50978243473892     
   1.50978263022390        1.50978287750871        1.50978309944921     
   1.50978333068863        1.50978351850887        1.50978374066240     
   1.50978390382763        1.50978410919755        1.50978429675381     
   1.50978449666843        1.50978473284836        1.50978488530041     
   1.50978509090251        1.50978524901462        1.50978539831605     
   1.50978556226922        1.50978575739783        1.50978591521755     
   1.50978606118392        1.50978619112275        1.50978636124650     
   1.50978652707903        1.50978670865703        1.50978683528620     
   1.50978698710179        1.50978713025124        1.50978729808359     
   1.50978743158875        1.50978755491624        1.50978767740836     
   1.50978781193237        1.50978795393670        1.50978807181629     
   1.50978820377308        1.50978831350299        1.50978844542018     
   1.50978854740140        1.50978866226728        1.50978876882484     
   1.50978891585314        1.50978900790886        1.50978913368960     
   1.50978924608307        1.50978937015909        1.50978944544350     
   1.50978954961017        1.50978965492061        1.50978980561307     
   1.50978988517806        1.50978995955615        1.50979009662590     
   1.50979012383881        1.50979023885095        1.50979034774306     
   1.50979045092320        1.50979050077701        1.50979060157845     
   1.50979069049132        1.50979077264135        1.50979087534521     
   1.50979097581012        1.50979103571014        1.50979114424309     
   1.50979121035125        1.50979128372764        1.50979133605504     
   1.50979144651789        1.50979152216169        1.50979159455773     
   1.50979164893646        1.50979175744505        1.50979179809286     
   1.50979186432776        1.50979192639472        1.50979201289804     
   1.50979204187891        1.50979214737329        1.50979222352445     
   1.50979229474442        1.50979233624450        1.50979238723089     
   1.50979243846664        1.50979252941888        1.50979254390624     
   1.50979263533183        1.50979267130042        1.50979275834270     
   1.50979276185718        1.50979286010781        1.50979292358175     
   1.50979297871494        1.50979301668981        1.50979305651692     
   1.50979313935781        1.50979314325722        1.50979323257036     
   1.50979328477885        1.50979334634795        1.50979335051064     
   1.50979337206788        1.50979343950710        1.50979343926346     
   1.50979354632438        1.50979358038063        1.50979359936897     
   1.50979365716209        1.50979366579495        1.50979368011487     
   1.50979372130936        1.50979382057417        1.50979379719402     
   1.50979385903594        1.50979387568744        1.50979390478423     
   1.50979391285275        1.50979397107760        1.50979393815927     
   1.50979396625879        1.50979396260116        1.50979397179749     
   1.50979398694321        1.50979398657991        1.50979399814265     
   1.50979399771998        1.50979403663540        1.50979403509789     
   1.50979405121854        1.50979414986928        1.50979426305163     
  0.682097684226430       0.681220706873137       0.684607201277285     
  0.683149302398305       0.682538001793674       0.682163113475183     
  0.681925949133894       0.681777543663552       0.681683215757092     
  0.681622856402510       0.681583107356544       0.681556318786112     
  0.681536935383547       0.681521233391421       0.681507153403891     
  0.681493758303179       0.681480367170802       0.681466953428559     
  0.681453403222793       0.681439833886031       0.681426485764545     
  0.681413351364346       0.681400657748428       0.681388576176429     
  0.681377158086805       0.681366598969895       0.681356817118021     
  0.681347901097062       0.681340566305610       0.681335469443253     
  0.681330889093942       0.681326840046602       0.681323202729157     
  0.681320069196180       0.681317371948764       0.681315017736133     
  0.681313030497486       0.681311342191830       0.681309959011601     
  0.681308761869611       0.681307835034560       0.681307060868251     
  0.681306797398245       0.681307134005119       0.681307518821353     
  0.681307925408436       0.681308382968227       0.681308930103756     
  0.681309586888585       0.681310616920413       0.681306546422119     
  0.681308379639184       0.681309753669777       0.681310908046924     
  0.681311944473171       0.681312899107756       0.681313761838585     
  0.681314556803096       0.681315346202284       0.681316053176207     
  0.681316748591666       0.681317416475764       0.681318049855242     
  0.681318672553016       0.681319235897825       0.681319806210003     
  0.681320324007331       0.681320845339251       0.681321315271245     
  0.681321798278402       0.681322260114467       0.681322683820071     
  0.681323103834478       0.681323492008500       0.681323887484691     
  0.681324240772097       0.681324593559425       0.681324927849436     
  0.681325275840397       0.681325575626800       0.681325868216982     
  0.681326160383389       0.681326431890305       0.681326688543970     
  0.681326961221901       0.681327189920255       0.681327438128116     
  0.681327662600923       0.681327887981223       0.681328083947609     
  0.681328303566642       0.681328489636586       0.681328676849218     
  0.681328849497517       0.681329015387886       0.681329193230491     
  0.681329354920476       0.681329497185813       0.681329644348385     
  0.681329795967295       0.681329930027728       0.681330069891148     
  0.681330199796915       0.681330310488612       0.681330441016762     
  0.681330551043293       0.681330666600124       0.681330767277977     
  0.681330878188302       0.681330972850864       0.681331072662245     
  0.681331167138055       0.681331247118224       0.681331343933831     
  0.681331424571655       0.681331512359668       0.681331591622063     
  0.681331668287762       0.681331748706637       0.681331823641267     
  0.681331892284023       0.681331948824146       0.681332029267590     
  0.681332081329563       0.681332152959095       0.681332216175977     
  0.681332282787694       0.681332332235362       0.681332395955426     
  0.681332436027997       0.681332492701142       0.681332542319874     
  0.681332596957250       0.681332665678796       0.681332702719415     
  0.681332761268095       0.681332801260957       0.681332838201792     
  0.681332879778036       0.681332935151861       0.681332974431168     
  0.681333009922485       0.681333038415744       0.681333082496537     
  0.681333124485517       0.681333174036081       0.681333202433218     
  0.681333241076193       0.681333276122187       0.681333321999842     
  0.681333354843281       0.681333384064853       0.681333413846491     
  0.681333447789761       0.681333484728503       0.681333512409756     
  0.681333545706780       0.681333570638673       0.681333604193273     
  0.681333626159335       0.681333652598016       0.681333676059658     
  0.681333715542535       0.681333734348063       0.681333765397743     
  0.681333791670766       0.681333823701341       0.681333836645586     
  0.681333860412749       0.681333885035874       0.681333928232754     
  0.681333944709541       0.681333958195429       0.681333997580726     
  0.681333993546401       0.681334024309709       0.681334051595537     
  0.681334077484718       0.681334081844908       0.681334106922994     
  0.681334126901665       0.681334144544085       0.681334170687405     
  0.681334195547659       0.681334205589814       0.681334234476242     
  0.681334247816455       0.681334263478775       0.681334271538273     
  0.681334302450517       0.681334319757679       0.681334337063407     
  0.681334346713236       0.681334377988362       0.681334382672934     
  0.681334396990505       0.681334409088664       0.681334431478766     
  0.681334431712245       0.681334461726295       0.681334481227783     
  0.681334499020467       0.681334505479613       0.681334514995587     
  0.681334524600319       0.681334550141713       0.681334546301929     
  0.681334571721406       0.681334575511521       0.681334599223621     
  0.681334590045561       0.681334617855372       0.681334632740269     
  0.681334645166215       0.681334651259521       0.681334657036603     
  0.681334680877607       0.681334673240957       0.681334699189121     
  0.681334710793049       0.681334727251021       0.681334720775629     
  0.681334720821341       0.681334738340130       0.681334728077798     
  0.681334760296472       0.681334763669926       0.681334760864132     
  0.681334773854983       0.681334766697092       0.681334760642070     
  0.681334763773789       0.681334790749481       0.681334769262154     
  0.681334780930966       0.681334773253316       0.681334769940631     
  0.681334756914874       0.681334763698725       0.681334731968046     
  0.681334723311122       0.681334700071444       0.681334679079833     
  0.681334658498448       0.681334629860312       0.681334602812992     
  0.681334568404215       0.681334546395602       0.681334506585447     
  0.681334469759784       0.681334463047571       0.681334458528243     
 -1.544664737480606E-004 -2.645123541821450E-003 -1.905076456616585E-003
 -1.408319953058904E-003 -1.021328635029510E-003 -7.120562116477830E-004
 -4.660753347902481E-004 -2.769807670241134E-004 -1.344962998524456E-004
 -3.040637082650980E-005  4.306865114345192E-005  9.211373940446409E-005
  1.225021746609779E-004  1.391542332078211E-004  1.458916520029752E-004
  1.455918075248816E-004  1.406565145321447E-004  1.327286180303863E-004
  1.231855318979904E-004  1.129607521568683E-004  1.026515004671693E-004
  9.279986866786873E-005  8.362148057427347E-005  7.522811907210946E-005
  6.770214808372606E-005  6.095711839081168E-005  5.503089288611591E-005
  4.981084607905342E-005  4.510343037580581E-005  4.072644278418118E-005
  3.692743916795910E-005  3.360296622858273E-005  3.076163859035013E-005
  2.823695280189779E-005  2.600271858529104E-005  2.406080253579739E-005
  2.232153807475146E-005  2.077887397188189E-005  1.937313480334830E-005
  1.815402650119967E-005  1.700715275189205E-005  1.599317339336589E-005
  1.496150459520563E-005  1.387652665871372E-005  1.287594831758322E-005
  1.197227093967040E-005  1.112400582308208E-005  1.028237604963770E-005
  9.417417406862995E-006  8.253674721801194E-006  1.095607366294143E-005
  9.433426447967392E-006  8.440554458029181E-006  7.675130869945857E-006
  7.015614764488453E-006  6.424836674353397E-006  5.922727314213684E-006
  5.481665162763265E-006  5.024532775304666E-006  4.652400264838490E-006
  4.275909978497528E-006  3.916468733863805E-006  3.585084834306075E-006
  3.253208254344071E-006  2.983658684743370E-006  2.692176642848743E-006
  2.455749178818955E-006  2.202990192204051E-006  2.004662274044282E-006
  1.778818821814390E-006  1.569554319474671E-006  1.399884951401295E-006
  1.225602420348583E-006  1.082740123470582E-006  9.212786662277957E-007
  8.051310384763269E-007  6.798041617416853E-007  5.692920941244258E-007
  4.324296146303438E-007  3.502796065618356E-007  2.687675905091447E-007
  1.794459997591522E-007  1.084319811724355E-007  4.808505044965936E-008
 -4.118911572047147E-008 -8.109771214715101E-008 -1.532959281195830E-007
 -2.025366310518990E-007 -2.593995534411424E-007 -2.849362278315162E-007
 -3.473555892356905E-007 -3.722296872449430E-007 -4.048664693962266E-007
 -4.252704208313037E-007 -4.428522621795832E-007 -4.824533654084684E-007
 -5.065820000913831E-007 -5.112124710584832E-007 -5.278697860379533E-007
 -5.558558095537562E-007 -5.656768122043282E-007 -5.877942841866505E-007
 -6.008970231544464E-007 -5.938073800541260E-007 -6.167584502891852E-007
 -6.173454034601894E-007 -6.288410577584101E-007 -6.252754588279262E-007
 -6.384029661372830E-007 -6.342464343183244E-007 -6.400536680989154E-007
 -6.423712695366982E-007 -6.295185516999144E-007 -6.417518490312923E-007
 -6.360452905033950E-007 -6.426778259210582E-007 -6.409249810035927E-007
 -6.385955109770009E-007 -6.434227795311234E-007 -6.432649861360037E-007
 -6.372255160975669E-007 -6.180991721721146E-007 -6.317760820501974E-007
 -6.115197679188453E-007 -6.190551800457362E-007 -6.171966849621642E-007
 -6.215441811088675E-007 -6.055351080803995E-007 -6.092074287677654E-007
 -5.845010977736435E-007 -5.832998538884917E-007 -5.750871984658310E-007
 -5.751560241259653E-007 -5.948948378769831E-007 -5.743962007632567E-007
 -5.822296361822306E-007 -5.673511840665041E-007 -5.496808778470037E-007
 -5.402374322759480E-007 -5.493987298476785E-007 -5.397214531764118E-007
 -5.260991545523596E-007 -5.054562465926504E-007 -5.067473549185799E-007
 -5.071586134423021E-007 -5.178164212453678E-007 -5.017622032184941E-007
 -4.997656122988707E-007 -4.941829143506271E-007 -5.027841804854418E-007
 -4.950430580620277E-007 -4.829821145596676E-007 -4.721753001257220E-007
 -4.681331036457965E-007 -4.688478224795987E-007 -4.583059636266467E-007
 -4.558551453224715E-007 -4.432801253116598E-007 -4.428735724323933E-007
 -4.283015398820765E-007 -4.209643506106764E-007 -4.108908325901456E-007
 -4.223610640926813E-007 -4.075672606669392E-007 -4.096837800662415E-007
 -4.062324169696845E-007 -4.101686557627111E-007 -3.900394587373355E-007
 -3.849359226656063E-007 -3.816592963905074E-007 -4.025373634428717E-007
 -3.884846196269284E-007 -3.713810454603512E-007 -3.876616437997559E-007
 -3.487946247190136E-007 -3.554277564772481E-007 -3.591356617406434E-007
 -3.612410719374253E-007 -3.363581489375129E-007 -3.387523752106725E-007
 -3.356362892916388E-007 -3.300996974593854E-007 -3.359627527023317E-007
 -3.407001905884497E-007 -3.261437218385821E-007 -3.363228439958843E-007
 -3.263184145837896E-007 -3.199295543188993E-007 -3.042343295254599E-007
 -3.185064171029244E-007 -3.157798073313829E-007 -3.125739916025305E-007
 -3.002172980366980E-007 -3.159354087637090E-007 -2.976746692299011E-007
 -2.926518633203743E-007 -2.858026237925994E-007 -2.925216519104294E-007
 -2.711411792761510E-007 -2.889173656100792E-007 -2.930617922857714E-007
 -2.948129994985682E-007 -2.818011470252240E-007 -2.734283767521726E-007
 -2.659104701995115E-007 -2.795061681266897E-007 -2.553580217960513E-007
 -2.700170119657266E-007 -2.572364851682217E-007 -2.708185134628780E-007
 -2.425631231665116E-007 -2.629288373788631E-007 -2.667534528123076E-007
 -2.670393363061830E-007 -2.590161956887799E-007 -2.515719181167431E-007
 -2.673299617611292E-007 -2.431826838409824E-007 -2.628120018193411E-007
 -2.642115429768285E-007 -2.712742557477275E-007 -2.491454546070513E-007
 -2.362828308338924E-007 -2.472804382067812E-007 -2.241114030591700E-007
 -2.564670419540550E-007 -2.522436650621494E-007 -2.406443287110897E-007
 -2.498773650281669E-007 -2.343830562866251E-007 -2.220722960121065E-007
 -2.239628205370637E-007 -2.572616818660478E-007 -2.292105461163833E-007
 -2.450020100197033E-007 -2.379283425300096E-007 -2.382976834845143E-007
 -2.286332593048187E-007 -2.463164892328280E-007 -2.179168002385505E-007
 -2.225028158004927E-007 -2.125011715489866E-007 -2.104622454887383E-007
 -2.138020917670548E-007 -2.119849261867211E-007 -2.182375910530649E-007
 -2.214153503255970E-007 -2.473115048424180E-007 -2.567210931306914E-007
 -2.777628288375874E-007 -3.445022738230392E-007 -4.203496894001750E-007
