          1.329616
          1.329059
          1.328778
          1.328553
          1.328377
          1.328244
          1.328145
          1.328073
          1.328022
          1.327987
          1.327965
          1.327952
          1.327945
          1.327943
          1.327944
          1.327947
          1.327951
          1.327956
          1.327960
          1.327965
          1.327969
          1.327973
          1.327977
          1.327980
          1.327983
          1.327986
          1.327989
          1.327991
          1.327993
          1.327995
          1.327996
          1.327998
          1.328000
          1.328001
          1.328002
          1.328004
          1.328005
          1.328006
          1.328008
          1.328009
          1.328010
          1.328012
          1.328013
          1.328014
          1.328015
          1.328016
          1.328017
          1.328018
          1.328019
          1.328020
          1.328022
          1.328023
          1.328023
          1.328024
          1.328025
          1.328025
          1.328026
          1.328027
          1.328027
          1.328028
          1.328029
          1.328029
          1.328030
          1.328031
          1.328031
          1.328032
          1.328032
          1.328033
          1.328033
          1.328034
          1.328034
          1.328035
          1.328035
          1.328036
          1.328036
          1.328037
          1.328037
          1.328038
          1.328038
          1.328038
          1.328039
          1.328039
          1.328039
          1.328040
          1.328040
          1.328041
          1.328041
          1.328041
          1.328042
          1.328042
          1.328042
          1.328042
          1.328043
          1.328043
          1.328043
          1.328044
          1.328044
          1.328044
          1.328044
          1.328045
          1.328045
          1.328045
          1.328045
          1.328046
          1.328046
          1.328046
          1.328046
          1.328046
          1.328047
          1.328047
          1.328047
          1.328047
          1.328047
          1.328048
          1.328048
          1.328048
          1.328048
          1.328048
          1.328049
          1.328049
          1.328049
          1.328049
          1.328049
          1.328049
          1.328050
          1.328050
          1.328050
          1.328050
          1.328050
          1.328050
          1.328050
          1.328051
          1.328051
          1.328051
          1.328051
          1.328051
          1.328051
          1.328051
          1.328051
          1.328052
          1.328052
          1.328052
          1.328052
          1.328052
          1.328052
          1.328052
          1.328052
          1.328053
          1.328053
          1.328053
          1.328053
          1.328053
          1.328053
          1.328053
          1.328053
          1.328053
          1.328054
          1.328054
          1.328054
          1.328054
          1.328054
          1.328054
          1.328054
          1.328054
          1.328054
          1.328054
          1.328054
          1.328055
          1.328055
          1.328055
          1.328055
          1.328055
          1.328055
          1.328055
          1.328055
          1.328055
          1.328055
          1.328055
          1.328055
          1.328055
          1.328056
          1.328056
          1.328056
          1.328056
          1.328056
          1.328056
          1.328056
          1.328056
          1.328056
          1.328056
          1.328056
          1.328056
          1.328056
          1.328056
          1.328056
          1.328056
          1.328056
          1.328057
          1.328057
          1.328057
          1.328057
          1.328057
          1.328057
          1.328057
          1.328057
          1.328057
          1.328057
          1.328057
          1.328057
          1.328057
          1.328057
          1.328057
          1.328057
          1.328057
          1.328057
          1.328057
          1.328057
          1.328057
          1.328058
          1.328058
          1.328058
          1.328058
          1.328058
          1.328058
          1.328058
          1.328058
          1.328058
          1.328058
          1.328058
          1.328058
          1.328058
          1.328058
          1.328058
          1.328058
          1.328058
          1.328058
          1.328058
          1.328058
          1.328058
          1.328058
          1.328058
          1.328058
          1.328058
          1.328058
          1.328058
          1.328058
          1.328058
          1.328058
          1.328058
          1.328058
          1.328058
          1.328058
