         12.775457
         12.771800
         12.772063
         12.772344
         12.772621
         12.772878
         12.773111
         12.773320
         12.773508
         12.773675
         12.773826
         12.773960
         12.774080
         12.774187
         12.774284
         12.774370
         12.774447
         12.774516
         12.774578
         12.774634
         12.774684
         12.774728
         12.774769
         12.774806
         12.774838
         12.774868
         12.774895
         12.774920
         12.774942
         12.774962
         12.774980
         12.774997
         12.775012
         12.775026
         12.775039
         12.775051
         12.775062
         12.775072
         12.775082
         12.775090
         12.775099
         12.775106
         12.775114
         12.775120
         12.775127
         12.775133
         12.775139
         12.775145
         12.775150
         12.775156
         12.775161
         12.775166
         12.775170
         12.775175
         12.775180
         12.775184
         12.775188
         12.775193
         12.775197
         12.775201
         12.775205
         12.775209
         12.775213
         12.775217
         12.775221
         12.775225
         12.775229
         12.775232
         12.775236
         12.775240
         12.775243
         12.775247
         12.775250
         12.775254
         12.775257
         12.775261
         12.775264
         12.775267
         12.775271
         12.775274
         12.775277
         12.775280
         12.775283
         12.775286
         12.775289
         12.775292
         12.775295
         12.775298
         12.775301
         12.775304
         12.775307
         12.775310
         12.775312
         12.775315
         12.775318
         12.775320
         12.775323
         12.775325
         12.775328
         12.775330
         12.775333
         12.775335
         12.775337
         12.775340
         12.775342
         12.775344
         12.775347
         12.775349
         12.775351
         12.775353
         12.775355
         12.775357
         12.775359
         12.775361
         12.775363
         12.775365
         12.775367
         12.775368
         12.775370
         12.775372
         12.775374
         12.775375
         12.775377
         12.775379
         12.775381
         12.775382
         12.775384
         12.775385
         12.775387
         12.775388
         12.775390
         12.775391
         12.775393
         12.775394
         12.775396
         12.775397
         12.775398
         12.775400
         12.775401
         12.775402
         12.775403
         12.775405
         12.775406
         12.775407
         12.775408
         12.775409
         12.775410
         12.775411
         12.775412
         12.775413
         12.775414
         12.775415
         12.775416
         12.775417
         12.775418
         12.775419
         12.775420
         12.775421
         12.775422
         12.775423
         12.775424
         12.775425
         12.775426
         12.775427
         12.775428
         12.775429
         12.775429
         12.775430
         12.775431
         12.775432
         12.775432
         12.775433
         12.775434
         12.775435
         12.775435
         12.775436
         12.775436
         12.775437
         12.775438
         12.775438
         12.775439
         12.775439
         12.775440
         12.775440
         12.775441
         12.775441
         12.775442
         12.775442
         12.775443
         12.775443
         12.775444
         12.775444
         12.775445
         12.775446
         12.775446
         12.775447
         12.775447
         12.775448
         12.775449
         12.775449
         12.775450
         12.775450
         12.775451
         12.775451
         12.775452
         12.775452
         12.775452
         12.775453
         12.775453
         12.775453
         12.775453
         12.775453
         12.775454
         12.775454
         12.775454
         12.775454
         12.775454
         12.775454
         12.775454
         12.775454
         12.775454
         12.775455
         12.775455
         12.775455
         12.775456
         12.775456
         12.775457
         12.775458
         12.775458
         12.775459
         12.775460
         12.775460
         12.775461
         12.775462
         12.775462
         12.775463
         12.775463
         12.775464
         12.775464
         12.775464
         12.775464
         12.775464
         12.775464
         12.775464
         12.775463
         12.775463
         12.775463
         12.775462
         12.775462
         12.775461
         12.775461
         12.775460
         12.775460
