          0.586893
          0.586973
          0.587047
          0.587110
          0.587164
          0.587212
          0.587256
          0.587296
          0.587332
          0.587366
          0.587397
          0.587425
          0.587451
          0.587475
          0.587497
          0.587518
          0.587537
          0.587554
          0.587570
          0.587585
          0.587599
          0.587612
          0.587623
          0.587634
          0.587644
          0.587654
          0.587662
          0.587670
          0.587678
          0.587685
          0.587691
          0.587697
          0.587702
          0.587707
          0.587712
          0.587716
          0.587720
          0.587724
          0.587728
          0.587731
          0.587734
          0.587737
          0.587739
          0.587742
          0.587744
          0.587746
          0.587748
          0.587750
          0.587752
          0.587753
          0.587755
          0.587756
          0.587757
          0.587759
          0.587760
          0.587761
          0.587762
          0.587763
          0.587764
          0.587764
          0.587765
          0.587766
          0.587766
          0.587767
          0.587768
          0.587768
          0.587769
          0.587769
          0.587770
          0.587770
          0.587771
          0.587771
          0.587771
          0.587772
          0.587772
          0.587772
          0.587773
          0.587773
          0.587773
          0.587773
          0.587774
          0.587774
          0.587774
          0.587774
          0.587775
          0.587775
          0.587775
          0.587775
          0.587775
          0.587775
          0.587776
          0.587776
          0.587776
          0.587776
          0.587776
          0.587776
          0.587776
          0.587777
          0.587777
          0.587777
          0.587777
          0.587777
          0.587777
          0.587777
          0.587777
          0.587777
          0.587778
          0.587778
          0.587778
          0.587778
          0.587778
          0.587778
          0.587778
          0.587778
          0.587778
          0.587778
          0.587778
          0.587778
          0.587779
          0.587779
          0.587779
          0.587779
          0.587779
          0.587779
          0.587779
          0.587779
          0.587779
          0.587779
          0.587779
          0.587779
          0.587779
          0.587779
          0.587779
          0.587779
          0.587779
          0.587780
          0.587780
          0.587780
          0.587780
          0.587780
          0.587780
          0.587780
          0.587780
          0.587780
          0.587780
          0.587780
          0.587780
          0.587780
          0.587780
          0.587780
          0.587780
          0.587780
          0.587780
          0.587780
          0.587780
          0.587780
          0.587780
          0.587780
          0.587780
          0.587780
          0.587780
          0.587781
          0.587781
          0.587781
          0.587781
          0.587781
          0.587781
          0.587781
          0.587781
          0.587781
          0.587781
          0.587781
          0.587781
          0.587781
          0.587781
          0.587781
          0.587781
          0.587781
          0.587781
          0.587781
          0.587781
          0.587781
          0.587781
          0.587781
          0.587781
          0.587781
          0.587781
          0.587781
          0.587781
          0.587781
          0.587781
          0.587781
          0.587781
          0.587781
          0.587781
          0.587781
          0.587781
          0.587781
          0.587781
          0.587781
          0.587781
          0.587781
          0.587781
          0.587781
          0.587781
          0.587781
          0.587781
          0.587781
          0.587781
          0.587781
          0.587781
          0.587781
          0.587781
          0.587781
          0.587781
          0.587781
          0.587781
          0.587781
          0.587781
          0.587781
          0.587781
          0.587781
          0.587782
          0.587782
          0.587782
          0.587782
          0.587782
          0.587782
          0.587782
          0.587782
          0.587782
          0.587782
          0.587782
          0.587782
          0.587782
          0.587782
          0.587782
          0.587782
          0.587782
          0.587782
          0.587782
          0.587782
          0.587782
          0.587782
          0.587782
          0.587782
          0.587782
          0.587782
          0.587782
          0.587782
          0.587781
          0.587781
