          0.270128
          0.270151
          0.270181
          0.270210
          0.270237
          0.270261
          0.270282
          0.270300
          0.270316
          0.270330
          0.270343
          0.270353
          0.270362
          0.270370
          0.270377
          0.270383
          0.270388
          0.270393
          0.270396
          0.270400
          0.270402
          0.270404
          0.270406
          0.270408
          0.270409
          0.270410
          0.270411
          0.270411
          0.270411
          0.270412
          0.270412
          0.270412
          0.270412
          0.270412
          0.270412
          0.270411
          0.270411
          0.270411
          0.270411
          0.270410
          0.270410
          0.270410
          0.270409
          0.270409
          0.270409
          0.270408
          0.270408
          0.270408
          0.270408
          0.270407
          0.270407
          0.270407
          0.270406
          0.270406
          0.270406
          0.270406
          0.270406
          0.270405
          0.270405
          0.270405
          0.270405
          0.270405
          0.270405
          0.270405
          0.270404
          0.270404
          0.270404
          0.270404
          0.270404
          0.270404
          0.270404
          0.270404
          0.270404
          0.270404
          0.270404
          0.270404
          0.270404
          0.270404
          0.270404
          0.270404
          0.270404
          0.270404
          0.270404
          0.270404
          0.270404
          0.270404
          0.270403
          0.270403
          0.270403
          0.270403
          0.270403
          0.270403
          0.270404
          0.270404
          0.270404
          0.270404
          0.270404
          0.270404
          0.270404
          0.270404
          0.270404
          0.270404
          0.270404
          0.270404
          0.270404
          0.270404
          0.270404
          0.270404
          0.270404
          0.270404
          0.270404
          0.270404
          0.270404
          0.270404
          0.270404
          0.270404
          0.270404
          0.270404
          0.270404
          0.270404
          0.270404
          0.270404
          0.270404
          0.270404
          0.270404
          0.270404
          0.270404
          0.270404
          0.270404
          0.270404
          0.270404
          0.270404
          0.270404
          0.270404
          0.270404
          0.270404
          0.270404
          0.270404
          0.270404
          0.270404
          0.270404
          0.270404
          0.270404
          0.270404
          0.270404
          0.270404
          0.270404
          0.270404
          0.270404
          0.270404
          0.270404
          0.270404
          0.270404
          0.270404
          0.270404
          0.270404
          0.270404
          0.270404
          0.270404
          0.270404
          0.270404
          0.270404
          0.270404
          0.270404
          0.270404
          0.270404
          0.270404
          0.270404
          0.270404
          0.270404
          0.270404
          0.270404
          0.270404
          0.270404
          0.270404
          0.270404
          0.270404
          0.270404
          0.270404
          0.270404
          0.270404
          0.270404
          0.270404
          0.270404
          0.270404
          0.270404
          0.270404
          0.270404
          0.270404
          0.270404
          0.270404
          0.270404
          0.270404
          0.270404
          0.270404
          0.270404
          0.270404
          0.270404
          0.270404
          0.270404
          0.270405
          0.270405
          0.270405
          0.270405
          0.270405
          0.270405
          0.270405
          0.270405
          0.270404
          0.270404
          0.270404
          0.270404
          0.270404
          0.270404
          0.270404
          0.270404
          0.270404
          0.270404
          0.270404
          0.270404
          0.270404
          0.270404
          0.270404
          0.270404
          0.270404
          0.270404
          0.270405
          0.270405
          0.270405
          0.270405
          0.270405
          0.270405
          0.270405
          0.270405
          0.270405
          0.270405
          0.270405
          0.270405
          0.270405
          0.270405
          0.270405
          0.270405
          0.270405
          0.270405
          0.270405
          0.270405
          0.270404
          0.270404
          0.270404
          0.270404
          0.270404
          0.270404
