         11.506565
         11.506288
         11.506042
         11.505830
         11.505653
         11.505507
         11.505389
         11.505294
         11.505220
         11.505163
         11.505122
         11.505095
         11.505078
         11.505071
         11.505073
         11.505081
         11.505095
         11.505113
         11.505136
         11.505162
         11.505190
         11.505220
         11.505252
         11.505284
         11.505318
         11.505352
         11.505386
         11.505420
         11.505453
         11.505487
         11.505520
         11.505552
         11.505583
         11.505614
         11.505644
         11.505673
         11.505701
         11.505728
         11.505754
         11.505780
         11.505804
         11.505828
         11.505851
         11.505872
         11.505894
         11.505914
         11.505933
         11.505952
         11.505970
         11.505987
         11.506004
         11.506020
         11.506035
         11.506050
         11.506064
         11.506077
         11.506090
         11.506103
         11.506115
         11.506126
         11.506138
         11.506148
         11.506159
         11.506169
         11.506178
         11.506188
         11.506196
         11.506205
         11.506213
         11.506222
         11.506229
         11.506237
         11.506244
         11.506251
         11.506258
         11.506265
         11.506271
         11.506278
         11.506284
         11.506290
         11.506296
         11.506301
         11.506307
         11.506312
         11.506317
         11.506322
         11.506327
         11.506332
         11.506337
         11.506341
         11.506346
         11.506350
         11.506354
         11.506358
         11.506363
         11.506367
         11.506370
         11.506374
         11.506378
         11.506382
         11.506385
         11.506389
         11.506392
         11.506396
         11.506399
         11.506402
         11.506405
         11.506409
         11.506412
         11.506415
         11.506418
         11.506420
         11.506423
         11.506426
         11.506429
         11.506431
         11.506434
         11.506437
         11.506439
         11.506442
         11.506444
         11.506446
         11.506449
         11.506451
         11.506453
         11.506456
         11.506458
         11.506460
         11.506462
         11.506464
         11.506466
         11.506468
         11.506470
         11.506472
         11.506474
         11.506476
         11.506478
         11.506480
         11.506481
         11.506483
         11.506485
         11.506486
         11.506488
         11.506490
         11.506491
         11.506493
         11.506494
         11.506496
         11.506497
         11.506499
         11.506500
         11.506502
         11.506503
         11.506504
         11.506506
         11.506507
         11.506508
         11.506510
         11.506511
         11.506512
         11.506513
         11.506514
         11.506516
         11.506517
         11.506518
         11.506519
         11.506520
         11.506521
         11.506522
         11.506523
         11.506524
         11.506525
         11.506526
         11.506527
         11.506528
         11.506529
         11.506530
         11.506531
         11.506532
         11.506533
         11.506534
         11.506534
         11.506535
         11.506536
         11.506537
         11.506537
         11.506538
         11.506539
         11.506540
         11.506540
         11.506541
         11.506542
         11.506542
         11.506543
         11.506544
         11.506544
         11.506545
         11.506546
         11.506546
         11.506547
         11.506548
         11.506548
         11.506549
         11.506549
         11.506550
         11.506551
         11.506551
         11.506552
         11.506552
         11.506553
         11.506553
         11.506554
         11.506554
         11.506555
         11.506555
         11.506555
         11.506556
         11.506556
         11.506556
         11.506557
         11.506557
         11.506557
         11.506558
         11.506558
         11.506558
         11.506559
         11.506559
         11.506559
         11.506560
         11.506560
         11.506561
         11.506561
         11.506562
         11.506562
         11.506563
         11.506563
         11.506564
         11.506564
         11.506565
         11.506565
         11.506565
         11.506566
         11.506566
         11.506566
         11.506567
         11.506567
         11.506567
         11.506567
         11.506567
         11.506567
         11.506567
         11.506567
         11.506567
