          0.407579
          0.407572
          0.407571
          0.407570
          0.407567
          0.407564
          0.407561
          0.407558
          0.407556
          0.407554
          0.407551
          0.407549
          0.407547
          0.407546
          0.407544
          0.407543
          0.407541
          0.407540
          0.407539
          0.407538
          0.407537
          0.407537
          0.407536
          0.407535
          0.407535
          0.407534
          0.407534
          0.407533
          0.407533
          0.407532
          0.407532
          0.407532
          0.407531
          0.407531
          0.407531
          0.407531
          0.407530
          0.407530
          0.407530
          0.407530
          0.407530
          0.407530
          0.407529
          0.407529
          0.407529
          0.407529
          0.407529
          0.407529
          0.407529
          0.407529
          0.407529
          0.407529
          0.407529
          0.407529
          0.407529
          0.407529
          0.407529
          0.407529
          0.407528
          0.407528
          0.407528
          0.407528
          0.407528
          0.407528
          0.407528
          0.407528
          0.407528
          0.407528
          0.407528
          0.407528
          0.407528
          0.407528
          0.407528
          0.407528
          0.407528
          0.407528
          0.407528
          0.407528
          0.407528
          0.407528
          0.407528
          0.407528
          0.407528
          0.407528
          0.407528
          0.407528
          0.407528
          0.407528
          0.407528
          0.407528
          0.407528
          0.407528
          0.407528
          0.407528
          0.407528
          0.407528
          0.407528
          0.407528
          0.407528
          0.407528
          0.407528
          0.407528
          0.407528
          0.407528
          0.407528
          0.407528
          0.407528
          0.407528
          0.407528
          0.407528
          0.407528
          0.407528
          0.407528
          0.407528
          0.407528
          0.407528
          0.407528
          0.407528
          0.407528
          0.407528
          0.407528
          0.407528
          0.407528
          0.407528
          0.407528
          0.407528
          0.407528
          0.407528
          0.407528
          0.407528
          0.407528
          0.407528
          0.407528
          0.407528
          0.407528
          0.407528
          0.407528
          0.407528
          0.407528
          0.407528
          0.407528
          0.407528
          0.407528
          0.407528
          0.407528
          0.407528
          0.407528
          0.407528
          0.407528
          0.407528
          0.407528
          0.407528
          0.407528
          0.407528
          0.407528
          0.407528
          0.407528
          0.407528
          0.407528
          0.407528
          0.407528
          0.407528
          0.407528
          0.407528
          0.407528
          0.407528
          0.407528
          0.407528
          0.407528
          0.407528
          0.407528
          0.407528
          0.407528
          0.407528
          0.407528
          0.407528
          0.407528
          0.407528
          0.407528
          0.407528
          0.407527
          0.407527
          0.407527
          0.407527
          0.407527
          0.407527
          0.407527
          0.407527
          0.407527
          0.407527
          0.407527
          0.407527
          0.407527
          0.407527
          0.407528
          0.407528
          0.407528
          0.407528
          0.407528
          0.407528
          0.407528
          0.407528
          0.407528
          0.407528
          0.407528
          0.407527
          0.407527
          0.407527
          0.407527
          0.407527
          0.407527
          0.407527
          0.407527
          0.407527
          0.407527
          0.407527
          0.407527
          0.407527
          0.407527
          0.407527
          0.407527
          0.407527
          0.407527
          0.407527
          0.407527
          0.407527
          0.407527
          0.407527
          0.407527
          0.407527
          0.407528
          0.407528
          0.407528
          0.407528
          0.407528
          0.407528
          0.407528
          0.407528
          0.407528
          0.407527
          0.407527
          0.407527
          0.407527
          0.407527
          0.407527
          0.407527
          0.407527
          0.407527
          0.407527
          0.407527
          0.407527
          0.407527
