          1.000127
          1.000126
          1.000116
          1.000103
          1.000090
          1.000079
          1.000069
          1.000060
          1.000052
          1.000045
          1.000039
          1.000034
          1.000029
          1.000025
          1.000021
          1.000018
          1.000015
          1.000013
          1.000010
          1.000009
          1.000007
          1.000006
          1.000004
          1.000003
          1.000003
          1.000002
          1.000001
          1.000001
          1.000000
          1.000000
          1.000000
          0.999999
          0.999999
          0.999999
          0.999999
          0.999999
          0.999999
          0.999999
          0.999999
          0.999999
          0.999999
          0.999999
          0.999999
          0.999999
          0.999999
          0.999999
          0.999999
          0.999999
          0.999999
          0.999999
          0.999999
          0.999999
          0.999999
          0.999999
          0.999999
          0.999999
          1.000000
          1.000000
          1.000000
          1.000000
          1.000000
          1.000000
          1.000000
          1.000000
          1.000000
          1.000000
          1.000000
          1.000000
          1.000000
          1.000000
          1.000000
          1.000000
          1.000000
          1.000000
          1.000000
          1.000000
          1.000000
          1.000000
          1.000000
          1.000000
          1.000000
          1.000000
          1.000000
          1.000000
          1.000000
          1.000000
          1.000000
          1.000000
          1.000000
          1.000000
          1.000000
          1.000000
          1.000000
          1.000000
          1.000000
          1.000000
          1.000000
          1.000000
          1.000000
          1.000000
          1.000000
          1.000000
          1.000000
          1.000000
          1.000000
          1.000000
          1.000000
          1.000000
          1.000000
          1.000000
          1.000000
          1.000000
          1.000000
          1.000000
          1.000000
          1.000000
          1.000000
          1.000000
          1.000000
          1.000000
          1.000000
          1.000000
          1.000000
          1.000000
          1.000000
          1.000000
          1.000000
          1.000000
          1.000000
          1.000000
          1.000000
          1.000000
          1.000000
          1.000000
          1.000000
          1.000000
          1.000000
          1.000000
          1.000000
          1.000000
          1.000000
          1.000000
          1.000000
          1.000000
          1.000000
          1.000000
          1.000000
          1.000000
          1.000000
          1.000000
          1.000000
          1.000000
          1.000000
          1.000000
          1.000000
          1.000000
          1.000000
          1.000000
          1.000000
          1.000000
          1.000000
          1.000000
          1.000000
          1.000000
          1.000000
          1.000000
          1.000000
          1.000000
          1.000000
          1.000000
          1.000000
          1.000000
          1.000000
          1.000000
          1.000000
          1.000000
          1.000000
          1.000000
          1.000000
          1.000000
          1.000000
          1.000000
          1.000000
          1.000000
          1.000000
          1.000000
          1.000000
          1.000000
          1.000000
          1.000000
          1.000000
          1.000000
          1.000000
          1.000000
          1.000000
          1.000000
          1.000000
          1.000000
          1.000000
          1.000000
          1.000000
          1.000000
          1.000000
          1.000000
          1.000000
          1.000000
          1.000000
          1.000000
          1.000000
          1.000000
          1.000000
          1.000000
          1.000000
          1.000000
          1.000000
          1.000000
          1.000000
          1.000000
          1.000000
          1.000000
          1.000000
          1.000000
          1.000000
          1.000000
          1.000000
          1.000000
          1.000000
          1.000000
          1.000000
          1.000000
          1.000000
          1.000000
          1.000000
          1.000000
          1.000000
          1.000000
          1.000000
          1.000000
          1.000000
          1.000000
          1.000000
          1.000000
          1.000000
          1.000000
          1.000000
          1.000000
          1.000000
          1.000000
          1.000000
          1.000000
          1.000000
          1.000000
