          0.999633
          0.999673
          0.999719
          0.999765
          0.999806
          0.999842
          0.999874
          0.999901
          0.999925
          0.999945
          0.999963
          0.999978
          0.999991
          1.000002
          1.000011
          1.000018
          1.000025
          1.000030
          1.000034
          1.000038
          1.000040
          1.000042
          1.000044
          1.000044
          1.000045
          1.000045
          1.000045
          1.000045
          1.000044
          1.000044
          1.000043
          1.000042
          1.000041
          1.000040
          1.000039
          1.000037
          1.000036
          1.000035
          1.000034
          1.000033
          1.000031
          1.000030
          1.000029
          1.000028
          1.000027
          1.000026
          1.000025
          1.000024
          1.000023
          1.000022
          1.000021
          1.000020
          1.000020
          1.000019
          1.000018
          1.000017
          1.000017
          1.000016
          1.000015
          1.000015
          1.000014
          1.000014
          1.000013
          1.000013
          1.000012
          1.000012
          1.000012
          1.000011
          1.000011
          1.000010
          1.000010
          1.000010
          1.000009
          1.000009
          1.000009
          1.000009
          1.000008
          1.000008
          1.000008
          1.000008
          1.000007
          1.000007
          1.000007
          1.000007
          1.000007
          1.000007
          1.000006
          1.000006
          1.000006
          1.000006
          1.000006
          1.000006
          1.000006
          1.000005
          1.000005
          1.000005
          1.000005
          1.000005
          1.000005
          1.000005
          1.000005
          1.000005
          1.000004
          1.000004
          1.000004
          1.000004
          1.000004
          1.000004
          1.000004
          1.000004
          1.000004
          1.000004
          1.000004
          1.000004
          1.000004
          1.000003
          1.000003
          1.000003
          1.000003
          1.000003
          1.000003
          1.000003
          1.000003
          1.000003
          1.000003
          1.000003
          1.000003
          1.000003
          1.000003
          1.000003
          1.000003
          1.000003
          1.000003
          1.000003
          1.000002
          1.000002
          1.000002
          1.000002
          1.000002
          1.000002
          1.000002
          1.000002
          1.000002
          1.000002
          1.000002
          1.000002
          1.000002
          1.000002
          1.000002
          1.000002
          1.000002
          1.000002
          1.000002
          1.000002
          1.000002
          1.000002
          1.000002
          1.000002
          1.000002
          1.000002
          1.000002
          1.000002
          1.000002
          1.000002
          1.000001
          1.000001
          1.000001
          1.000001
          1.000001
          1.000001
          1.000001
          1.000001
          1.000001
          1.000001
          1.000001
          1.000001
          1.000001
          1.000001
          1.000001
          1.000001
          1.000001
          1.000001
          1.000001
          1.000001
          1.000001
          1.000001
          1.000001
          1.000001
          1.000001
          1.000001
          1.000001
          1.000001
          1.000001
          1.000001
          1.000001
          1.000001
          1.000001
          1.000001
          1.000001
          1.000001
          1.000001
          1.000001
          1.000001
          1.000001
          1.000001
          1.000001
          1.000001
          1.000001
          1.000001
          1.000001
          1.000001
          1.000001
          1.000001
          1.000001
          1.000001
          1.000000
          1.000000
          1.000000
          1.000000
          1.000000
          1.000000
          1.000000
          1.000000
          1.000000
          1.000000
          1.000000
          1.000001
          1.000001
          1.000001
          1.000001
          1.000001
          1.000001
          1.000001
          1.000001
          1.000001
          1.000001
          1.000001
          1.000001
          1.000001
          1.000001
          1.000001
          1.000000
          1.000000
          1.000000
          1.000000
          1.000000
          1.000000
          1.000000
          1.000000
          1.000000
          1.000000
          1.000000
