          0.240896
          0.241805
          0.241801
          0.241721
          0.241620
          0.241522
          0.241432
          0.241351
          0.241277
          0.241211
          0.241152
          0.241099
          0.241051
          0.241008
          0.240970
          0.240935
          0.240904
          0.240876
          0.240851
          0.240828
          0.240808
          0.240790
          0.240773
          0.240758
          0.240745
          0.240733
          0.240723
          0.240713
          0.240705
          0.240697
          0.240690
          0.240684
          0.240678
          0.240673
          0.240669
          0.240665
          0.240661
          0.240658
          0.240655
          0.240652
          0.240650
          0.240648
          0.240646
          0.240644
          0.240643
          0.240641
          0.240640
          0.240639
          0.240638
          0.240637
          0.240636
          0.240636
          0.240635
          0.240635
          0.240634
          0.240634
          0.240633
          0.240633
          0.240633
          0.240632
          0.240632
          0.240632
          0.240632
          0.240631
          0.240631
          0.240631
          0.240631
          0.240631
          0.240631
          0.240631
          0.240630
          0.240630
          0.240630
          0.240630
          0.240630
          0.240630
          0.240630
          0.240630
          0.240630
          0.240630
          0.240630
          0.240630
          0.240630
          0.240630
          0.240630
          0.240630
          0.240630
          0.240630
          0.240630
          0.240630
          0.240630
          0.240630
          0.240630
          0.240630
          0.240630
          0.240630
          0.240630
          0.240630
          0.240630
          0.240630
          0.240630
          0.240630
          0.240630
          0.240630
          0.240630
          0.240630
          0.240630
          0.240630
          0.240630
          0.240630
          0.240630
          0.240630
          0.240630
          0.240630
          0.240630
          0.240630
          0.240630
          0.240630
          0.240630
          0.240630
          0.240630
          0.240630
          0.240630
          0.240630
          0.240630
          0.240630
          0.240630
          0.240630
          0.240630
          0.240630
          0.240630
          0.240630
          0.240630
          0.240630
          0.240630
          0.240630
          0.240630
          0.240630
          0.240630
          0.240630
          0.240630
          0.240630
          0.240630
          0.240630
          0.240630
          0.240630
          0.240630
          0.240630
          0.240630
          0.240630
          0.240630
          0.240630
          0.240630
          0.240630
          0.240630
          0.240630
          0.240630
          0.240630
          0.240630
          0.240630
          0.240630
          0.240630
          0.240630
          0.240630
          0.240630
          0.240630
          0.240630
          0.240630
          0.240630
          0.240630
          0.240630
          0.240630
          0.240630
          0.240630
          0.240630
          0.240630
          0.240630
          0.240630
          0.240630
          0.240630
          0.240630
          0.240630
          0.240630
          0.240630
          0.240630
          0.240630
          0.240630
          0.240630
          0.240630
          0.240630
          0.240630
          0.240630
          0.240630
          0.240630
          0.240630
          0.240630
          0.240630
          0.240630
          0.240630
          0.240630
          0.240630
          0.240630
          0.240630
          0.240630
          0.240630
          0.240630
          0.240629
          0.240629
          0.240629
          0.240629
          0.240629
          0.240629
          0.240629
          0.240629
          0.240629
          0.240629
          0.240629
          0.240629
          0.240630
          0.240630
          0.240630
          0.240630
          0.240630
          0.240630
          0.240630
          0.240630
          0.240630
          0.240630
          0.240630
          0.240630
          0.240630
          0.240630
          0.240630
          0.240630
          0.240630
          0.240630
          0.240630
          0.240629
          0.240629
          0.240629
          0.240629
          0.240629
          0.240629
          0.240629
          0.240629
          0.240629
          0.240629
          0.240629
          0.240629
          0.240629
          0.240629
          0.240629
