          0.038049
          0.038902
          0.038941
          0.038930
          0.038901
          0.038869
          0.038838
          0.038811
          0.038787
          0.038765
          0.038746
          0.038729
          0.038714
          0.038701
          0.038690
          0.038680
          0.038671
          0.038663
          0.038657
          0.038651
          0.038646
          0.038641
          0.038637
          0.038634
          0.038631
          0.038629
          0.038627
          0.038625
          0.038623
          0.038622
          0.038621
          0.038620
          0.038619
          0.038619
          0.038618
          0.038618
          0.038618
          0.038618
          0.038617
          0.038617
          0.038617
          0.038617
          0.038617
          0.038617
          0.038618
          0.038618
          0.038618
          0.038618
          0.038618
          0.038618
          0.038618
          0.038619
          0.038619
          0.038619
          0.038619
          0.038619
          0.038619
          0.038619
          0.038620
          0.038620
          0.038620
          0.038620
          0.038620
          0.038620
          0.038620
          0.038620
          0.038621
          0.038621
          0.038621
          0.038621
          0.038621
          0.038621
          0.038621
          0.038621
          0.038621
          0.038621
          0.038621
          0.038621
          0.038621
          0.038621
          0.038621
          0.038621
          0.038621
          0.038621
          0.038622
          0.038622
          0.038622
          0.038622
          0.038622
          0.038622
          0.038622
          0.038622
          0.038622
          0.038622
          0.038622
          0.038622
          0.038622
          0.038622
          0.038622
          0.038622
          0.038622
          0.038622
          0.038622
          0.038622
          0.038622
          0.038622
          0.038622
          0.038622
          0.038622
          0.038622
          0.038622
          0.038622
          0.038622
          0.038622
          0.038622
          0.038622
          0.038622
          0.038622
          0.038622
          0.038622
          0.038622
          0.038622
          0.038622
          0.038622
          0.038622
          0.038622
          0.038622
          0.038622
          0.038622
          0.038622
          0.038622
          0.038622
          0.038622
          0.038622
          0.038622
          0.038622
          0.038622
          0.038622
          0.038622
          0.038622
          0.038622
          0.038622
          0.038622
          0.038622
          0.038622
          0.038622
          0.038622
          0.038622
          0.038622
          0.038622
          0.038622
          0.038622
          0.038622
          0.038622
          0.038622
          0.038622
          0.038622
          0.038622
          0.038622
          0.038622
          0.038622
          0.038622
          0.038622
          0.038622
          0.038622
          0.038622
          0.038622
          0.038622
          0.038622
          0.038622
          0.038622
          0.038622
          0.038622
          0.038622
          0.038622
          0.038622
          0.038622
          0.038622
          0.038622
          0.038622
          0.038622
          0.038622
          0.038622
          0.038622
          0.038622
          0.038622
          0.038622
          0.038622
          0.038622
          0.038622
          0.038622
          0.038622
          0.038622
          0.038622
          0.038622
          0.038622
          0.038622
          0.038622
          0.038622
          0.038622
          0.038622
          0.038622
          0.038622
          0.038622
          0.038622
          0.038622
          0.038622
          0.038622
          0.038621
          0.038621
          0.038621
          0.038621
          0.038621
          0.038621
          0.038621
          0.038621
          0.038621
          0.038621
          0.038621
          0.038621
          0.038622
          0.038622
          0.038622
          0.038622
          0.038622
          0.038622
          0.038622
          0.038622
          0.038622
          0.038622
          0.038622
          0.038622
          0.038622
          0.038622
          0.038622
          0.038622
          0.038622
          0.038622
          0.038622
          0.038621
          0.038621
          0.038621
          0.038621
          0.038621
          0.038621
          0.038621
          0.038621
          0.038621
          0.038621
          0.038621
          0.038621
          0.038621
