          0.202847
          0.202903
          0.202859
          0.202790
          0.202720
          0.202654
          0.202594
          0.202540
          0.202491
          0.202446
          0.202406
          0.202370
          0.202337
          0.202307
          0.202280
          0.202255
          0.202233
          0.202212
          0.202194
          0.202177
          0.202162
          0.202148
          0.202136
          0.202124
          0.202114
          0.202105
          0.202096
          0.202088
          0.202081
          0.202075
          0.202069
          0.202064
          0.202059
          0.202054
          0.202050
          0.202047
          0.202043
          0.202040
          0.202037
          0.202035
          0.202033
          0.202030
          0.202029
          0.202027
          0.202025
          0.202024
          0.202022
          0.202021
          0.202020
          0.202019
          0.202018
          0.202017
          0.202016
          0.202016
          0.202015
          0.202014
          0.202014
          0.202013
          0.202013
          0.202012
          0.202012
          0.202012
          0.202011
          0.202011
          0.202011
          0.202011
          0.202010
          0.202010
          0.202010
          0.202010
          0.202010
          0.202009
          0.202009
          0.202009
          0.202009
          0.202009
          0.202009
          0.202009
          0.202009
          0.202009
          0.202009
          0.202009
          0.202008
          0.202008
          0.202008
          0.202008
          0.202008
          0.202008
          0.202008
          0.202008
          0.202008
          0.202008
          0.202008
          0.202008
          0.202008
          0.202008
          0.202008
          0.202008
          0.202008
          0.202008
          0.202008
          0.202008
          0.202008
          0.202008
          0.202008
          0.202008
          0.202008
          0.202008
          0.202008
          0.202008
          0.202008
          0.202008
          0.202008
          0.202008
          0.202008
          0.202008
          0.202008
          0.202008
          0.202008
          0.202008
          0.202008
          0.202008
          0.202008
          0.202008
          0.202008
          0.202008
          0.202008
          0.202008
          0.202008
          0.202008
          0.202008
          0.202008
          0.202008
          0.202008
          0.202008
          0.202008
          0.202008
          0.202008
          0.202008
          0.202008
          0.202008
          0.202008
          0.202008
          0.202008
          0.202008
          0.202008
          0.202008
          0.202008
          0.202008
          0.202008
          0.202008
          0.202008
          0.202008
          0.202008
          0.202008
          0.202008
          0.202008
          0.202008
          0.202008
          0.202008
          0.202008
          0.202008
          0.202008
          0.202008
          0.202008
          0.202008
          0.202008
          0.202008
          0.202008
          0.202008
          0.202008
          0.202008
          0.202008
          0.202008
          0.202008
          0.202008
          0.202008
          0.202008
          0.202008
          0.202008
          0.202008
          0.202008
          0.202008
          0.202008
          0.202008
          0.202008
          0.202008
          0.202008
          0.202008
          0.202008
          0.202008
          0.202008
          0.202008
          0.202008
          0.202008
          0.202008
          0.202008
          0.202008
          0.202008
          0.202008
          0.202008
          0.202008
          0.202008
          0.202008
          0.202008
          0.202008
          0.202008
          0.202008
          0.202008
          0.202008
          0.202008
          0.202008
          0.202008
          0.202008
          0.202008
          0.202008
          0.202008
          0.202008
          0.202008
          0.202008
          0.202008
          0.202008
          0.202008
          0.202008
          0.202008
          0.202008
          0.202008
          0.202008
          0.202008
          0.202008
          0.202008
          0.202008
          0.202008
          0.202008
          0.202008
          0.202008
          0.202008
          0.202008
          0.202008
          0.202008
          0.202008
          0.202008
          0.202008
          0.202008
          0.202008
          0.202008
          0.202008
          0.202008
          0.202008
          0.202008
          0.202008
          0.202008
