          1.761488
          1.762011
          1.762140
          1.762106
          1.762029
          1.761949
          1.761876
          1.761810
          1.761751
          1.761700
          1.761655
          1.761615
          1.761580
          1.761550
          1.761524
          1.761501
          1.761482
          1.761465
          1.761450
          1.761438
          1.761427
          1.761418
          1.761411
          1.761404
          1.761399
          1.761394
          1.761391
          1.761388
          1.761386
          1.761384
          1.761383
          1.761382
          1.761381
          1.761381
          1.761381
          1.761381
          1.761382
          1.761382
          1.761383
          1.761384
          1.761385
          1.761385
          1.761386
          1.761387
          1.761388
          1.761389
          1.761390
          1.761391
          1.761393
          1.761394
          1.761395
          1.761396
          1.761397
          1.761397
          1.761398
          1.761399
          1.761400
          1.761401
          1.761402
          1.761403
          1.761404
          1.761404
          1.761405
          1.761406
          1.761406
          1.761407
          1.761408
          1.761408
          1.761409
          1.761409
          1.761410
          1.761411
          1.761411
          1.761412
          1.761412
          1.761412
          1.761413
          1.761413
          1.761414
          1.761414
          1.761415
          1.761415
          1.761415
          1.761416
          1.761416
          1.761416
          1.761417
          1.761417
          1.761417
          1.761417
          1.761418
          1.761418
          1.761418
          1.761418
          1.761419
          1.761419
          1.761419
          1.761419
          1.761420
          1.761420
          1.761420
          1.761420
          1.761420
          1.761421
          1.761421
          1.761421
          1.761421
          1.761421
          1.761422
          1.761422
          1.761422
          1.761422
          1.761422
          1.761422
          1.761423
          1.761423
          1.761423
          1.761423
          1.761423
          1.761423
          1.761423
          1.761423
          1.761424
          1.761424
          1.761424
          1.761424
          1.761424
          1.761424
          1.761424
          1.761424
          1.761425
          1.761425
          1.761425
          1.761425
          1.761425
          1.761425
          1.761425
          1.761425
          1.761425
          1.761426
          1.761426
          1.761426
          1.761426
          1.761426
          1.761426
          1.761426
          1.761426
          1.761426
          1.761426
          1.761426
          1.761426
          1.761426
          1.761426
          1.761427
          1.761427
          1.761427
          1.761427
          1.761427
          1.761427
          1.761427
          1.761427
          1.761427
          1.761427
          1.761427
          1.761427
          1.761427
          1.761428
          1.761428
          1.761428
          1.761428
          1.761428
          1.761428
          1.761428
          1.761428
          1.761428
          1.761428
          1.761428
          1.761428
          1.761428
          1.761428
          1.761428
          1.761428
          1.761428
          1.761428
          1.761428
          1.761428
          1.761428
          1.761428
          1.761428
          1.761428
          1.761428
          1.761429
          1.761429
          1.761429
          1.761429
          1.761429
          1.761429
          1.761429
          1.761429
          1.761429
          1.761429
          1.761429
          1.761429
          1.761429
          1.761429
          1.761429
          1.761429
          1.761429
          1.761429
          1.761429
          1.761429
          1.761429
          1.761429
          1.761429
          1.761429
          1.761429
          1.761429
          1.761429
          1.761429
          1.761429
          1.761429
          1.761429
          1.761429
          1.761429
          1.761429
          1.761429
          1.761430
          1.761430
          1.761430
          1.761430
          1.761430
          1.761430
          1.761430
          1.761431
          1.761431
          1.761431
          1.761431
          1.761431
          1.761431
          1.761431
          1.761431
          1.761430
          1.761430
          1.761430
          1.761430
          1.761430
          1.761429
          1.761429
          1.761429
          1.761429
          1.761429
          1.761428
