          1.509847
          1.510295
          1.510406
          1.510377
          1.510311
          1.510242
          1.510179
          1.510123
          1.510073
          1.510029
          1.509990
          1.509956
          1.509926
          1.509900
          1.509878
          1.509858
          1.509841
          1.509827
          1.509814
          1.509804
          1.509795
          1.509787
          1.509780
          1.509775
          1.509770
          1.509767
          1.509764
          1.509761
          1.509759
          1.509758
          1.509757
          1.509756
          1.509756
          1.509755
          1.509755
          1.509756
          1.509756
          1.509756
          1.509757
          1.509757
          1.509758
          1.509759
          1.509760
          1.509761
          1.509761
          1.509762
          1.509763
          1.509764
          1.509765
          1.509766
          1.509767
          1.509768
          1.509768
          1.509769
          1.509770
          1.509771
          1.509772
          1.509772
          1.509773
          1.509774
          1.509774
          1.509775
          1.509776
          1.509776
          1.509777
          1.509777
          1.509778
          1.509779
          1.509779
          1.509780
          1.509780
          1.509780
          1.509781
          1.509781
          1.509782
          1.509782
          1.509783
          1.509783
          1.509783
          1.509784
          1.509784
          1.509784
          1.509784
          1.509785
          1.509785
          1.509785
          1.509786
          1.509786
          1.509786
          1.509786
          1.509787
          1.509787
          1.509787
          1.509787
          1.509787
          1.509788
          1.509788
          1.509788
          1.509788
          1.509788
          1.509789
          1.509789
          1.509789
          1.509789
          1.509789
          1.509789
          1.509790
          1.509790
          1.509790
          1.509790
          1.509790
          1.509790
          1.509790
          1.509791
          1.509791
          1.509791
          1.509791
          1.509791
          1.509791
          1.509791
          1.509791
          1.509792
          1.509792
          1.509792
          1.509792
          1.509792
          1.509792
          1.509792
          1.509792
          1.509792
          1.509793
          1.509793
          1.509793
          1.509793
          1.509793
          1.509793
          1.509793
          1.509793
          1.509793
          1.509793
          1.509793
          1.509793
          1.509794
          1.509794
          1.509794
          1.509794
          1.509794
          1.509794
          1.509794
          1.509794
          1.509794
          1.509794
          1.509794
          1.509794
          1.509794
          1.509794
          1.509794
          1.509794
          1.509795
          1.509795
          1.509795
          1.509795
          1.509795
          1.509795
          1.509795
          1.509795
          1.509795
          1.509795
          1.509795
          1.509795
          1.509795
          1.509795
          1.509795
          1.509795
          1.509795
          1.509795
          1.509795
          1.509795
          1.509795
          1.509795
          1.509795
          1.509796
          1.509796
          1.509796
          1.509796
          1.509796
          1.509796
          1.509796
          1.509796
          1.509796
          1.509796
          1.509796
          1.509796
          1.509796
          1.509796
          1.509796
          1.509796
          1.509796
          1.509796
          1.509796
          1.509796
          1.509797
          1.509797
          1.509797
          1.509797
          1.509797
          1.509797
          1.509797
          1.509797
          1.509797
          1.509797
          1.509796
          1.509796
          1.509796
          1.509796
          1.509796
          1.509796
          1.509796
          1.509796
          1.509796
          1.509796
          1.509796
          1.509796
          1.509796
          1.509797
          1.509797
          1.509797
          1.509797
          1.509797
          1.509797
          1.509797
          1.509797
          1.509798
          1.509798
          1.509798
          1.509798
          1.509798
          1.509798
          1.509798
          1.509798
          1.509798
          1.509798
          1.509797
          1.509797
          1.509797
          1.509797
          1.509797
          1.509796
          1.509796
          1.509796
          1.509796
          1.509796
