          0.008651
          0.008660
          0.008662
          0.008661
          0.008659
          0.008656
          0.008655
          0.008653
          0.008651
          0.008650
          0.008648
          0.008647
          0.008646
          0.008645
          0.008644
          0.008644
          0.008643
          0.008642
          0.008642
          0.008641
          0.008641
          0.008641
          0.008640
          0.008640
          0.008640
          0.008640
          0.008639
          0.008639
          0.008639
          0.008639
          0.008639
          0.008639
          0.008639
          0.008639
          0.008639
          0.008638
          0.008638
          0.008638
          0.008638
          0.008638
          0.008638
          0.008638
          0.008638
          0.008638
          0.008638
          0.008638
          0.008638
          0.008638
          0.008638
          0.008638
          0.008638
          0.008638
          0.008638
          0.008638
          0.008638
          0.008638
          0.008638
          0.008638
          0.008638
          0.008638
          0.008638
          0.008638
          0.008638
          0.008638
          0.008638
          0.008638
          0.008638
          0.008638
          0.008638
          0.008638
          0.008638
          0.008638
          0.008638
          0.008638
          0.008638
          0.008638
          0.008638
          0.008638
          0.008638
          0.008638
          0.008638
          0.008638
          0.008638
          0.008638
          0.008638
          0.008638
          0.008638
          0.008638
          0.008638
          0.008638
          0.008638
          0.008638
          0.008638
          0.008638
          0.008638
          0.008638
          0.008638
          0.008638
          0.008638
          0.008638
          0.008638
          0.008638
          0.008638
          0.008638
          0.008638
          0.008638
          0.008638
          0.008638
          0.008638
          0.008638
          0.008638
          0.008638
          0.008638
          0.008638
          0.008638
          0.008638
          0.008638
          0.008638
          0.008638
          0.008638
          0.008638
          0.008638
          0.008638
          0.008638
          0.008638
          0.008638
          0.008638
          0.008638
          0.008638
          0.008638
          0.008638
          0.008638
          0.008638
          0.008638
          0.008638
          0.008638
          0.008638
          0.008638
          0.008638
          0.008638
          0.008638
          0.008638
          0.008638
          0.008638
          0.008638
          0.008638
          0.008638
          0.008638
          0.008638
          0.008638
          0.008638
          0.008638
          0.008638
          0.008638
          0.008638
          0.008638
          0.008638
          0.008638
          0.008638
          0.008638
          0.008638
          0.008638
          0.008638
          0.008638
          0.008638
          0.008638
          0.008638
          0.008638
          0.008638
          0.008638
          0.008638
          0.008638
          0.008638
          0.008638
          0.008638
          0.008638
          0.008637
          0.008637
          0.008637
          0.008637
          0.008637
          0.008637
          0.008637
          0.008637
          0.008637
          0.008637
          0.008637
          0.008637
          0.008637
          0.008637
          0.008637
          0.008637
          0.008637
          0.008637
          0.008637
          0.008637
          0.008637
          0.008637
          0.008637
          0.008637
          0.008637
          0.008637
          0.008637
          0.008637
          0.008637
          0.008637
          0.008637
          0.008637
          0.008637
          0.008637
          0.008637
          0.008637
          0.008637
          0.008637
          0.008637
          0.008637
          0.008637
          0.008637
          0.008637
          0.008637
          0.008637
          0.008637
          0.008637
          0.008637
          0.008637
          0.008637
          0.008637
          0.008637
          0.008637
          0.008637
          0.008637
          0.008637
          0.008637
          0.008637
          0.008637
          0.008637
          0.008637
          0.008637
          0.008637
          0.008637
          0.008637
          0.008637
          0.008637
          0.008637
          0.008637
          0.008637
          0.008637
          0.008637
          0.008637
          0.008637
          0.008637
          0.008637
          1.000127
          1.000126
          1.000116
          1.000103
          1.000090
          1.000079
          1.000069
          1.000060
          1.000052
          1.000045
          1.000039
          1.000034
          1.000029
          1.000025
          1.000021
          1.000018
          1.000015
          1.000013
          1.000010
          1.000009
          1.000007
          1.000006
          1.000004
          1.000003
          1.000003
          1.000002
          1.000001
          1.000001
          1.000000
          1.000000
          1.000000
          0.999999
          0.999999
          0.999999
          0.999999
          0.999999
          0.999999
          0.999999
          0.999999
          0.999999
          0.999999
          0.999999
          0.999999
          0.999999
          0.999999
          0.999999
          0.999999
          0.999999
          0.999999
          0.999999
          0.999999
          0.999999
          0.999999
          0.999999
          0.999999
          0.999999
          1.000000
          1.000000
          1.000000
          1.000000
          1.000000
          1.000000
          1.000000
          1.000000
          1.000000
          1.000000
          1.000000
          1.000000
          1.000000
          1.000000
          1.000000
          1.000000
          1.000000
          1.000000
          1.000000
          1.000000
          1.000000
          1.000000
          1.000000
          1.000000
          1.000000
          1.000000
          1.000000
          1.000000
          1.000000
          1.000000
          1.000000
          1.000000
          1.000000
          1.000000
          1.000000
          1.000000
          1.000000
          1.000000
          1.000000
          1.000000
          1.000000
          1.000000
          1.000000
          1.000000
          1.000000
          1.000000
          1.000000
          1.000000
          1.000000
          1.000000
          1.000000
          1.000000
          1.000000
          1.000000
          1.000000
          1.000000
          1.000000
          1.000000
          1.000000
          1.000000
          1.000000
          1.000000
          1.000000
          1.000000
          1.000000
          1.000000
          1.000000
          1.000000
          1.000000
          1.000000
          1.000000
          1.000000
          1.000000
          1.000000
          1.000000
          1.000000
          1.000000
          1.000000
          1.000000
          1.000000
          1.000000
          1.000000
          1.000000
          1.000000
          1.000000
          1.000000
          1.000000
          1.000000
          1.000000
          1.000000
          1.000000
          1.000000
          1.000000
          1.000000
          1.000000
          1.000000
          1.000000
          1.000000
          1.000000
          1.000000
          1.000000
          1.000000
          1.000000
          1.000000
          1.000000
          1.000000
          1.000000
          1.000000
          1.000000
          1.000000
          1.000000
          1.000000
          1.000000
          1.000000
          1.000000
          1.000000
          1.000000
          1.000000
          1.000000
          1.000000
          1.000000
          1.000000
          1.000000
          1.000000
          1.000000
          1.000000
          1.000000
          1.000000
          1.000000
          1.000000
          1.000000
          1.000000
          1.000000
          1.000000
          1.000000
          1.000000
          1.000000
          1.000000
          1.000000
          1.000000
          1.000000
          1.000000
          1.000000
          1.000000
          1.000000
          1.000000
          1.000000
          1.000000
          1.000000
          1.000000
          1.000000
          1.000000
          1.000000
          1.000000
          1.000000
          1.000000
          1.000000
          1.000000
          1.000000
          1.000000
          1.000000
          1.000000
          1.000000
          1.000000
          1.000000
          1.000000
          1.000000
          1.000000
          1.000000
          1.000000
          1.000000
          1.000000
          1.000000
          1.000000
          1.000000
          1.000000
          1.000000
          1.000000
          1.000000
          1.000000
          1.000000
          1.000000
          1.000000
          1.000000
          1.000000
          1.000000
          1.000000
          1.000000
          1.000000
          1.000000
          1.000000
          1.000000
          1.000000
          1.000000
          1.000000
          1.000000
          1.509847
          1.510295
          1.510406
          1.510377
          1.510311
          1.510242
          1.510179
          1.510123
          1.510073
          1.510029
          1.509990
          1.509956
          1.509926
          1.509900
          1.509878
          1.509858
          1.509841
          1.509827
          1.509814
          1.509804
          1.509795
          1.509787
          1.509780
          1.509775
          1.509770
          1.509767
          1.509764
          1.509761
          1.509759
          1.509758
          1.509757
          1.509756
          1.509756
          1.509755
          1.509755
          1.509755
          1.509756
          1.509756
          1.509757
          1.509757
          1.509758
          1.509759
          1.509760
          1.509761
          1.509761
          1.509762
          1.509763
          1.509764
          1.509765
          1.509766
          1.509767
          1.509768
          1.509768
          1.509769
          1.509770
          1.509771
          1.509772
          1.509772
          1.509773
          1.509774
          1.509774
          1.509775
          1.509776
          1.509776
          1.509777
          1.509777
          1.509778
          1.509779
          1.509779
          1.509780
          1.509780
          1.509780
          1.509781
          1.509781
          1.509782
          1.509782
          1.509782
          1.509783
          1.509783
          1.509784
          1.509784
          1.509784
          1.509784
          1.509785
          1.509785
          1.509785
          1.509786
          1.509786
          1.509786
          1.509786
          1.509787
          1.509787
          1.509787
          1.509787
          1.509787
          1.509788
          1.509788
          1.509788
          1.509788
          1.509788
          1.509789
          1.509789
          1.509789
          1.509789
          1.509789
          1.509789
          1.509790
          1.509790
          1.509790
          1.509790
          1.509790
          1.509790
          1.509790
          1.509791
          1.509791
          1.509791
          1.509791
          1.509791
          1.509791
          1.509791
          1.509791
          1.509792
          1.509792
          1.509792
          1.509792
          1.509792
          1.509792
          1.509792
          1.509792
          1.509792
          1.509793
          1.509793
          1.509793
          1.509793
          1.509793
          1.509793
          1.509793
          1.509793
          1.509793
          1.509793
          1.509793
          1.509793
          1.509793
          1.509794
          1.509794
          1.509794
          1.509794
          1.509794
          1.509794
          1.509794
          1.509794
          1.509794
          1.509794
          1.509794
          1.509794
          1.509794
          1.509794
          1.509794
          1.509795
          1.509795
          1.509795
          1.509795
          1.509795
          1.509795
          1.509795
          1.509795
          1.509795
          1.509795
          1.509795
          1.509795
          1.509795
          1.509795
          1.509795
          1.509795
          1.509795
          1.509795
          1.509795
          1.509795
          1.509795
          1.509795
          1.509795
          1.509796
          1.509796
          1.509796
          1.509796
          1.509796
          1.509796
          1.509796
          1.509796
          1.509796
          1.509796
          1.509796
          1.509796
          1.509796
          1.509796
          1.509796
          1.509796
          1.509796
          1.509796
          1.509796
          1.509796
          1.509797
          1.509797
          1.509797
          1.509797
          1.509797
          1.509797
          1.509797
          1.509797
          1.509797
          1.509797
          1.509796
          1.509796
          1.509796
          1.509796
          1.509796
          1.509796
          1.509796
          1.509796
          1.509796
          1.509796
          1.509796
          1.509796
          1.509796
          1.509797
          1.509797
          1.509797
          1.509797
          1.509797
          1.509797
          1.509797
          1.509797
          1.509798
          1.509798
          1.509798
          1.509798
          1.509798
          1.509798
          1.509798
          1.509798
          1.509798
          1.509798
          1.509797
          1.509797
          1.509797
          1.509797
          1.509797
          1.509796
          1.509796
          1.509796
          1.509796
          1.509796
          0.677788
          0.677814
          0.677914
          0.678019
          0.678115
          0.678203
          0.678282
          0.678354
          0.678419
          0.678479
          0.678532
          0.678581
          0.678626
          0.678667
          0.678704
          0.678738
          0.678770
          0.678798
          0.678824
          0.678848
          0.678870
          0.678890
          0.678908
          0.678925
          0.678940
          0.678954
          0.678967
          0.678979
          0.678989
          0.678999
          0.679008
          0.679017
          0.679024
          0.679031
          0.679038
          0.679043
          0.679049
          0.679054
          0.679058
          0.679063
          0.679066
          0.679070
          0.679073
          0.679076
          0.679079
          0.679082
          0.679084
          0.679086
          0.679088
          0.679090
          0.679092
          0.679093
          0.679095
          0.679096
          0.679097
          0.679099
          0.679100
          0.679101
          0.679102
          0.679103
          0.679103
          0.679104
          0.679105
          0.679105
          0.679106
          0.679107
          0.679107
          0.679107
          0.679108
          0.679108
          0.679109
          0.679109
          0.679109
          0.679110
          0.679110
          0.679110
          0.679111
          0.679111
          0.679111
          0.679111
          0.679111
          0.679112
          0.679112
          0.679112
          0.679112
          0.679112
          0.679112
          0.679112
          0.679112
          0.679113
          0.679113
          0.679113
          0.679113
          0.679113
          0.679113
          0.679113
          0.679113
          0.679113
          0.679113
          0.679113
          0.679113
          0.679114
          0.679114
          0.679114
          0.679114
          0.679114
          0.679114
          0.679114
          0.679114
          0.679114
          0.679114
          0.679114
          0.679114
          0.679114
          0.679114
          0.679114
          0.679114
          0.679114
          0.679114
          0.679114
          0.679114
          0.679114
          0.679114
          0.679114
          0.679114
          0.679114
          0.679114
          0.679114
          0.679114
          0.679114
          0.679115
          0.679115
          0.679115
          0.679115
          0.679115
          0.679115
          0.679115
          0.679115
          0.679115
          0.679115
          0.679115
          0.679115
          0.679115
          0.679115
          0.679115
          0.679115
          0.679115
          0.679115
          0.679115
          0.679115
          0.679115
          0.679115
          0.679115
          0.679115
          0.679115
          0.679115
          0.679115
          0.679115
          0.679115
          0.679115
          0.679115
          0.679115
          0.679115
          0.679115
          0.679115
          0.679115
          0.679115
          0.679115
          0.679115
          0.679115
          0.679115
          0.679115
          0.679115
          0.679115
          0.679115
          0.679115
          0.679115
          0.679115
          0.679115
          0.679115
          0.679115
          0.679115
          0.679115
          0.679115
          0.679115
          0.679115
          0.679115
          0.679115
          0.679115
          0.679115
          0.679115
          0.679115
          0.679115
          0.679115
          0.679115
          0.679115
          0.679115
          0.679115
          0.679115
          0.679115
          0.679115
          0.679115
          0.679115
          0.679115
          0.679115
          0.679115
          0.679115
          0.679115
          0.679115
          0.679115
          0.679115
          0.679115
          0.679115
          0.679115
          0.679115
          0.679115
          0.679115
          0.679115
          0.679115
          0.679115
          0.679115
          0.679115
          0.679115
          0.679115
          0.679115
          0.679115
          0.679115
          0.679116
          0.679116
          0.679116
          0.679116
          0.679116
          0.679116
          0.679116
          0.679116
          0.679116
          0.679116
          0.679116
          0.679116
          0.679116
          0.679116
          0.679115
          0.679115
          0.679115
          0.679115
          0.679115
          0.679115
          0.679115
          0.679115
          0.679115
          0.679115
          0.679115
         -0.002740
         -0.000442
         -0.000510
         -0.000486
         -0.000437
         -0.000387
         -0.000340
         -0.000298
         -0.000261
         -0.000228
         -0.000198
         -0.000172
         -0.000150
         -0.000129
         -0.000112
         -0.000096
         -0.000082
         -0.000070
         -0.000060
         -0.000051
         -0.000043
         -0.000036
         -0.000030
         -0.000024
         -0.000020
         -0.000016
         -0.000012
         -0.000009
         -0.000007
         -0.000005
         -0.000003
         -0.000001
          0.000000
          0.000001
          0.000002
          0.000003
          0.000003
          0.000004
          0.000004
          0.000004
          0.000005
          0.000005
          0.000005
          0.000005
          0.000005
          0.000005
          0.000005
          0.000005
          0.000004
          0.000004
          0.000004
          0.000004
          0.000004
          0.000004
          0.000003
          0.000003
          0.000003
          0.000003
          0.000003
          0.000003
          0.000002
          0.000002
          0.000002
          0.000002
          0.000002
          0.000002
          0.000002
          0.000001
          0.000001
          0.000001
          0.000001
          0.000001
          0.000001
          0.000001
          0.000001
          0.000001
          0.000001
          0.000001
          0.000001
          0.000000
          0.000000
          0.000000
          0.000000
          0.000000
          0.000000
          0.000000
          0.000000
          0.000000
          0.000000
          0.000000
          0.000000
          0.000000
          0.000000
          0.000000
          0.000000
          0.000000
          0.000000
          0.000000
          0.000000
          0.000000
         -0.000000
         -0.000000
         -0.000000
         -0.000000
         -0.000000
         -0.000000
         -0.000000
         -0.000000
         -0.000000
         -0.000000
         -0.000000
         -0.000000
         -0.000000
          0.000000
          0.000000
          0.000000
          0.000000
          0.000000
          0.000000
          0.000000
          0.000000
          0.000000
          0.000000
          0.000000
          0.000000
          0.000000
          0.000000
          0.000000
          0.000000
          0.000000
          0.000000
          0.000000
          0.000000
          0.000000
          0.000000
          0.000000
          0.000000
          0.000000
          0.000000
          0.000000
          0.000000
          0.000000
          0.000000
          0.000000
          0.000000
          0.000000
          0.000000
          0.000000
          0.000000
          0.000000
          0.000000
          0.000000
          0.000000
          0.000000
          0.000000
          0.000000
          0.000000
          0.000000
          0.000000
          0.000000
          0.000000
          0.000000
          0.000000
          0.000000
          0.000000
          0.000000
          0.000000
          0.000000
          0.000000
          0.000000
          0.000000
          0.000000
          0.000000
          0.000000
          0.000000
          0.000000
          0.000000
          0.000000
          0.000000
          0.000000
          0.000000
          0.000000
          0.000000
          0.000000
          0.000000
          0.000000
          0.000000
          0.000000
          0.000000
          0.000000
          0.000000
          0.000000
          0.000000
          0.000000
          0.000000
          0.000000
          0.000000
          0.000000
          0.000000
          0.000000
          0.000000
          0.000000
          0.000000
          0.000000
          0.000000
          0.000000
          0.000000
          0.000000
          0.000000
          0.000000
          0.000000
          0.000000
          0.000000
          0.000000
          0.000000
          0.000000
          0.000000
          0.000000
          0.000001
          0.000001
          0.000001
          0.000001
          0.000000
          0.000000
          0.000000
          0.000000
          0.000000
          0.000000
          0.000000
          0.000000
         -0.000000
         -0.000000
         -0.000000
         -0.000000
         -0.000000
         -0.000000
         -0.000000
         -0.000000
         -0.000000
         -0.000000
         -0.000000
         -0.000000
          0.000000
          0.000000
          0.000000
          0.000000
          0.000001
          0.000001
          0.000001
          0.000001
          0.000001
          0.000001
