  8.651171858887695E-003  8.660055226682555E-003  8.661912504328637E-003
  8.660696126771710E-003  8.658620956028970E-003  8.656491447070312E-003
  8.654506649833122E-003  8.652707759811216E-003  8.651090805738173E-003
  8.649640291195563E-003  8.648339828391288E-003  8.647178159792244E-003
  8.646144440128369E-003  8.645225911327246E-003  8.644407424028274E-003
  8.643678326317950E-003  8.643030709091221E-003  8.642455796952293E-003
  8.641945477022777E-003  8.641492478719868E-003  8.641089778065176E-003
  8.640732250167166E-003  8.640414834496143E-003  8.640132815066662E-003
  8.639882409906473E-003  8.639660033297780E-003  8.639462066326948E-003
  8.639286483182669E-003  8.639130714995388E-003  8.638992449474348E-003
  8.638869818759918E-003  8.638761244701101E-003  8.638665022284357E-003
  8.638579500930428E-003  8.638503696507238E-003  8.638436414459622E-003
  8.638376738612041E-003  8.638323883616867E-003  8.638276961822651E-003
  8.638235262293851E-003  8.638198380494493E-003  8.638165551406618E-003
  8.638136370726477E-003  8.638110384254117E-003  8.638087271333654E-003
  8.638066730309235E-003  8.638048281710465E-003  8.638031716031284E-003
  8.638016924101759E-003  8.638003570257471E-003  8.637991463273938E-003
  8.637980491026402E-003  8.637970321338102E-003  8.637961091498367E-003
  8.637952480818200E-003  8.637944602276876E-003  8.637937098072396E-003
  8.637929947584097E-003  8.637923268470704E-003  8.637916861784785E-003
  8.637910686784864E-003  8.637904773943420E-003  8.637898980814580E-003
  8.637893303455929E-003  8.637887679822308E-003  8.637882203444329E-003
  8.637876758006955E-003  8.637871388144615E-003  8.637866074830813E-003
  8.637860692927175E-003  8.637855378145676E-003  8.637850084215767E-003
  8.637844850010273E-003  8.637839526520807E-003  8.637834238199115E-003
  8.637828998060360E-003  8.637823674918861E-003  8.637818459931708E-003
  8.637813189102074E-003  8.637807932406887E-003  8.637802725570841E-003
  8.637797483634132E-003  8.637792301514038E-003  8.637787165497565E-003
  8.637782040005315E-003  8.637776918750383E-003  8.637771819789019E-003
  8.637766864878674E-003  8.637761854655120E-003  8.637756862552566E-003
  8.637751999183782E-003  8.637747127918677E-003  8.637742225622190E-003
  8.637737504818098E-003  8.637732718184625E-003  8.637727992663678E-003
  8.637723379130685E-003  8.637718696360572E-003  8.637714013913030E-003
  8.637709584717013E-003  8.637705056307456E-003  8.637700599089028E-003
  8.637696173369715E-003  8.637691716426003E-003  8.637687435963727E-003
  8.637683074135137E-003  8.637678847595488E-003  8.637674623312514E-003
  8.637670438848563E-003  8.637666292177541E-003  8.637662334648469E-003
  8.637658226179302E-003  8.637654263764298E-003  8.637650337011863E-003
  8.637646583209252E-003  8.637642770305902E-003  8.637639123001117E-003
  8.637635514888555E-003  8.637631929860246E-003  8.637628491007864E-003
  8.637625095548763E-003  8.637621650776577E-003  8.637618450217606E-003
  8.637615315886943E-003  8.637612202157452E-003  8.637609065701607E-003
  8.637605971508968E-003  8.637603154329831E-003  8.637600170626040E-003
  8.637597304613097E-003  8.637594448750317E-003  8.637591608064255E-003
  8.637588901684081E-003  8.637586046809647E-003  8.637583335896095E-003
  8.637580599631047E-003  8.637577851276081E-003  8.637575142257879E-003
  8.637572465413102E-003  8.637569706903164E-003  8.637567025573327E-003
  8.637564348784448E-003  8.637561692072866E-003  8.637559091888208E-003
  8.637556456581687E-003  8.637554018065955E-003  8.637551552727206E-003
  8.637549065071254E-003  8.637546716928582E-003  8.637544439704412E-003
  8.637542274291088E-003  8.637540106661380E-003  8.637538176239952E-003
  8.637536171548249E-003  8.637534388130710E-003  8.637532623062032E-003
  8.637530988011283E-003  8.637529364926778E-003  8.637527910237230E-003
  8.637526344696677E-003  8.637525012687013E-003  8.637523639216197E-003
  8.637522289992297E-003  8.637520974270754E-003  8.637519565628084E-003
  8.637518213557604E-003  8.637516744221226E-003  8.637515265827218E-003
  8.637513661747389E-003  8.637512035692936E-003  8.637510392126905E-003
  8.637508638230151E-003  8.637506770569878E-003  8.637504862609748E-003
  8.637502890467443E-003  8.637500927800780E-003  8.637498923064953E-003
  8.637496954544749E-003  8.637494843316563E-003  8.637492966768887E-003
  8.637491072198814E-003  8.637489293357685E-003  8.637487623495952E-003
  8.637486034323764E-003  8.637484740441030E-003  8.637483484500982E-003
  8.637482562488584E-003  8.637481730485232E-003  8.637481096431929E-003
  8.637480649784242E-003  8.637480390722948E-003  8.637480287339351E-003
  8.637480244001990E-003  8.637480359752260E-003  8.637480423077461E-003
  8.637480610526381E-003  8.637480696208582E-003  8.637480816492540E-003
  8.637480664266775E-003  8.637480487051668E-003  8.637480068501110E-003
  8.637479443991947E-003  8.637478503910827E-003  8.637477365176624E-003
  8.637475929180547E-003  8.637474181605060E-003  8.637472236584575E-003
  8.637470015342258E-003  8.637467560849035E-003  8.637465045725396E-003
  8.637462391442481E-003  8.637459605039352E-003  8.637456953157667E-003
  8.637454358775790E-003  8.637451968264239E-003  8.637449773354870E-003
  8.637447913486177E-003  8.637446431200036E-003  8.637445323488939E-003
  8.637444753520155E-003  8.637444618085273E-003  8.637445025662457E-003
  8.637445976889145E-003  8.637447358980387E-003  8.637449070929996E-003
  8.637451297726509E-003  8.637453776556156E-003  8.637456461364226E-003
  8.637459079606320E-003  8.637461959745955E-003  8.637464485359349E-003
  8.637466757422330E-003  8.637468663423908E-003  8.637469994573285E-003
  8.637470768415549E-003  8.637470698953396E-003  8.637469891276199E-003
  8.637468260063902E-003  8.637465818605980E-003  8.637462542945923E-003
  8.637458420345724E-003  8.637453646059619E-003  8.637448234752591E-003
  8.637442316435286E-003  8.637436087321952E-003  8.637429689305892E-003
  8.637423298548014E-003  8.637417260403788E-003  8.637411550053044E-003
  8.637406334987593E-003  8.637401635558539E-003  8.637398358485439E-003
   1.00012703656129        1.00012585370192        1.00011558861060     
   1.00010282872699        1.00009039089244        1.00007906930374     
   1.00006896215481        1.00005999926122        1.00005207434544     
   1.00004508064700        1.00003891993560        1.00003350350249     
   1.00002874892754        1.00002458011017        1.00002092880316     
   1.00001773613049        1.00001494957884        1.00001252129189     
   1.00001040872090        1.00000857422215        1.00000698451356     
   1.00000561055536        1.00000442633100        1.00000340884908     
   1.00000253793924        1.00000179564709        1.00000116614120     
   1.00000063574751        1.00000019190289       0.999999823568410     
  0.999999521057392       0.999999275754720       0.999999079946913     
  0.999998926915211       0.999998810902690       0.999998726688263     
  0.999998669739336       0.999998636029728       0.999998621969544     
  0.999998624479858       0.999998640875018       0.999998668668689     
  0.999998705827349       0.999998750527068       0.999998801192311     
  0.999998856415253       0.999998914944139       0.999998975811382     
  0.999999038149188       0.999999101132859       0.999999164131010     
  0.999999226617484       0.999999288114063       0.999999348346360     
  0.999999406922505       0.999999463654828       0.999999518258998     
  0.999999570683849       0.999999620872894       0.999999668678072     
  0.999999714079411       0.999999757075320       0.999999797634286     
  0.999999835813530       0.999999871666241       0.999999905281305     
  0.999999936678474       0.999999965950306       0.999999993157701     
   1.00000001837108        1.00000004173937        1.00000006331683     
   1.00000008318467        1.00000010139969        1.00000011811321     
   1.00000013338905        1.00000014728185        1.00000015993224     
   1.00000017135003        1.00000018165506        1.00000019091314     
   1.00000019916919        1.00000020652124        1.00000021300310     
   1.00000021865382        1.00000022353695        1.00000022771938     
   1.00000023125061        1.00000023410048        1.00000023637018     
   1.00000023811212        1.00000023930043        1.00000024000200     
   1.00000024029815        1.00000024012416        1.00000023958530     
   1.00000023869709        1.00000023744178        1.00000023592412     
   1.00000023419835        1.00000023215012        1.00000022990424     
   1.00000022746543        1.00000022486934        1.00000022218652     
   1.00000021935437        1.00000021648123        1.00000021352694     
   1.00000021054103        1.00000020754683        1.00000020456674     
   1.00000020152712        1.00000019857509        1.00000019565570     
   1.00000019279046        1.00000018990623        1.00000018708656     
   1.00000018425927        1.00000018143921        1.00000017864608     
   1.00000017581994        1.00000017296847        1.00000017015577     
   1.00000016725059        1.00000016424429        1.00000016115668     
   1.00000015803371        1.00000015487437        1.00000015152515     
   1.00000014813363        1.00000014464904        1.00000014109640     
   1.00000013749816        1.00000013380088        1.00000013013894     
   1.00000012644640        1.00000012277981        1.00000011918159     
   1.00000011565896        1.00000011223115        1.00000010898850     
   1.00000010591177        1.00000010303601        1.00000010038243     
   1.00000009794701        1.00000009578257        1.00000009378993     
   1.00000009201830        1.00000009050662        1.00000008918271     
   1.00000008802400        1.00000008697433        1.00000008605379     
   1.00000008511466        1.00000008422136        1.00000008323374     
   1.00000008215228        1.00000008089650        1.00000007946540     
   1.00000007775477        1.00000007584457        1.00000007358432     
   1.00000007101491        1.00000006813058        1.00000006492547     
   1.00000006147829        1.00000005777073        1.00000005390308     
   1.00000004990774        1.00000004589750        1.00000004191836     
   1.00000003801737        1.00000003430676        1.00000003089982     
   1.00000002786239        1.00000002527747        1.00000002317629     
   1.00000002162575        1.00000002063871        1.00000002033889     
   1.00000002059315        1.00000002144014        1.00000002281782     
   1.00000002466474        1.00000002693116        1.00000002941710     
   1.00000003209125        1.00000003471609        1.00000003721339     
   1.00000003942718        1.00000004120758        1.00000004239992     
   1.00000004287444        1.00000004256326        1.00000004133342     
   1.00000003919861        1.00000003605906        1.00000003197317     
   1.00000002691645        1.00000002107769        1.00000001448994     
   1.00000000734246       0.999999999808655       0.999999992146688     
  0.999999984542537       0.999999977257097       0.999999970568057     
  0.999999964682448       0.999999959863474       0.999999956342061     
  0.999999954233186       0.999999953702156       0.999999954900442     
  0.999999957789362       0.999999962372468       0.999999968538668     
  0.999999976170735       0.999999985039971       0.999999994868797     
   1.00000000536777        1.00000001612029        1.00000002676210     
   1.00000003684244        1.00000004590304        1.00000005354786     
   1.00000005944635        1.00000006314128        1.00000006435982     
   1.00000006286570        1.00000005861383        1.00000005135805     
   1.00000004129007        1.00000002855200        1.00000001339080     
  0.999999996222522       0.999999977474688       0.999999957802289     
  0.999999937811133       0.999999918195746       0.999999899663334     
  0.999999882953966       0.999999868827997       0.999999857922066     
  0.999999850866015       0.999999848188463       0.999999850275629     
  0.999999857395830       0.999999869665492       0.999999886935072     
  0.999999909038420       0.999999935648123       0.999999966370373     
   1.50984687104027        1.51029537035401        1.51040579440229     
   1.51037655098482        1.51031069819601        1.51024228086882     
   1.51017911997339        1.51012263839231        1.51007263042243     
   1.51002850698562        1.50998965587748        1.50995561737202     
   1.50992594519868        1.50990014639581        1.50987769279844     
   1.50985819891643        1.50984136120526        1.50982686286643     
   1.50981441640488        1.50980376846479        1.50979468031746     
   1.50978697076035        1.50978046559149        1.50977500578451     
   1.50977046299081        1.50976671729316        1.50976365238482     
   1.50976119830146        1.50975927058309        1.50975779552407     
   1.50975671347561        1.50975597367176        1.50975552385818     
   1.50975531533026        1.50975531790953        1.50975549651438     
   1.50975582484021        1.50975628012986        1.50975683758822     
   1.50975747824859        1.50975819148835        1.50975895679423     
   1.50975976432172        1.50976060306113        1.50976146549859     
   1.50976234501301        1.50976322991440        1.50976411649805     
   1.50976500324971        1.50976588288862        1.50976675165945     
   1.50976760847072        1.50976844579300        1.50976926949297     
   1.50977007195810        1.50977085825575        1.50977161964883     
   1.50977235762915        1.50977307694298        1.50977377318932     
   1.50977444661365        1.50977509944085        1.50977572899915     
   1.50977633639895        1.50977692110221        1.50977748681832     
   1.50977803143398        1.50977855695205        1.50977906373203     
   1.50977954941477        1.50978001857757        1.50978047082587     
   1.50978090763614        1.50978132590011        1.50978172983205     
   1.50978212028080        1.50978249428995        1.50978285769303     
   1.50978320642418        1.50978354332701        1.50978386949549     
   1.50978418326018        1.50978448757496        1.50978478265994     
   1.50978506778849        1.50978534314165        1.50978560987509     
   1.50978587137609        1.50978612262664        1.50978636583601     
   1.50978660452012        1.50978683506405        1.50978705713426     
   1.50978727694603        1.50978748761198        1.50978769312238     
   1.50978789492866        1.50978808817689        1.50978827521870     
   1.50978846294598        1.50978864165830        1.50978881658063     
   1.50978898640105        1.50978915006919        1.50978931284258     
   1.50978946792892        1.50978962155269        1.50978977010588     
   1.50978991475706        1.50979005567356        1.50979019658207     
   1.50979032883412        1.50979046078976        1.50979058925868     
   1.50979071818064        1.50979084117994        1.50979096478373     
   1.50979108538071        1.50979120301741        1.50979132083518     
   1.50979143614523        1.50979154690715        1.50979166100600     
   1.50979177333705        1.50979188287596        1.50979198872839     
   1.50979209297125        1.50979220161071        1.50979230234308     
   1.50979240358136        1.50979250215153        1.50979259818661     
   1.50979269466089        1.50979278408132        1.50979287478248     
   1.50979296149723        1.50979304504069        1.50979312689282     
   1.50979320632449        1.50979328067088        1.50979335449418     
   1.50979342537234        1.50979349398174        1.50979356134303     
   1.50979362528639        1.50979369180327        1.50979375486614     
   1.50979381513810        1.50979387716219        1.50979393872197     
   1.50979400134281        1.50979406189722        1.50979412740127     
   1.50979418908821        1.50979425547512        1.50979432066366     
   1.50979438816619        1.50979445476051        1.50979452460425     
   1.50979459038862        1.50979466150606        1.50979472999036     
   1.50979479794017        1.50979486523880        1.50979492858075     
   1.50979499190503        1.50979505043309        1.50979510687016     
   1.50979515798093        1.50979520646760        1.50979525219625     
   1.50979529247530        1.50979532736031        1.50979535872531     
   1.50979538581100        1.50979541074928        1.50979543197987     
   1.50979545165458        1.50979546550080        1.50979548392474     
   1.50979549968074        1.50979551709439        1.50979553609425     
   1.50979555629307        1.50979558381798        1.50979561179429     
   1.50979564872678        1.50979568817394        1.50979573341943     
   1.50979578420281        1.50979584087370        1.50979590233780     
   1.50979596626704        1.50979603539130        1.50979610377135     
   1.50979617605789        1.50979624584135        1.50979631646766     
   1.50979637933381        1.50979644072791        1.50979649420811     
   1.50979654045777        1.50979657592610        1.50979660356750     
   1.50979662021258        1.50979662507828        1.50979662089305     
   1.50979660525536        1.50979657953544        1.50979654827337     
   1.50979650926177        1.50979646310239        1.50979641752809     
   1.50979637069775        1.50979632736471        1.50979628767321     
   1.50979625625498        1.50979623527372        1.50979622519754     
   1.50979623134354        1.50979625177522        1.50979629016805     
   1.50979634683963        1.50979641963317        1.50979650601349     
   1.50979661135268        1.50979672813545        1.50979685511390     
   1.50979698480408        1.50979712532463        1.50979725878093     
   1.50979738744078        1.50979750688393        1.50979761014550     
   1.50979769684543        1.50979775736114        1.50979779373801     
   1.50979780191190        1.50979778112483        1.50979772979722     
   1.50979764685857        1.50979753701139        1.50979740012497     
   1.50979724029215        1.50979706291604        1.50979687260914     
   1.50979667555856        1.50979648240438        1.50979629350876     
   1.50979611562264        1.50979595173519        1.50979584022064     
  0.677787701750953       0.677813690520291       0.677913549556228     
  0.678018534096357       0.678115331068099       0.678203032789242     
  0.678282334788492       0.678354167096348       0.678419347502087     
  0.678478561899725       0.678532405219113       0.678581446566699     
  0.678626194092232       0.678667065939532       0.678704388397279     
  0.678738477963338       0.678769641225229       0.678798140897235     
  0.678824209959833       0.678848058335513       0.678869870684910     
  0.678889826921564       0.678908087517184       0.678924796373836     
  0.678940089156410       0.678954087984776       0.678966899554493     
  0.678978633989718       0.678989385097112       0.678999237295819     
  0.679008269416208       0.679016554444951       0.679024155805288     
  0.679031129329366       0.679037530988130       0.679043409119359     
  0.679048809152145       0.679053772985511       0.679058336807344     
  0.679062534182936       0.679066398357125       0.679069955470622     
  0.679073231864160       0.679076250840347       0.679079034531311     
  0.679081603044367       0.679083972355505       0.679086159065010     
  0.679088179508673       0.679090046149639       0.679091771150398     
  0.679093366396779       0.679094840247455       0.679096204883992     
  0.679097467114666       0.679098637035861       0.679099719236999     
  0.679100720632319       0.679101649473124       0.679102510200273     
  0.679103307975614       0.679104048365207       0.679104734744163     
  0.679105371313688       0.679105961410085       0.679106509771161     
  0.679107018731904       0.679107491756136       0.679107931568166     
  0.679108339413920       0.679108718992022       0.679109072270368     
  0.679109401667580       0.679109707467286       0.679109992535356     
  0.679110258757191       0.679110506213587       0.679110738143646     
  0.679110954232896       0.679111156201866       0.679111345520035     
  0.679111522303421       0.679111688331164       0.679111844424490     
  0.679111990906599       0.679112128297445       0.679112257398640     
  0.679112380156824       0.679112495103931       0.679112603186627     
  0.679112706133172       0.679112803050207       0.679112893818527     
  0.679112981067145       0.679113062703411       0.679113140079023     
  0.679113214155688       0.679113283283731       0.679113348177501     
  0.679113411919590       0.679113471289549       0.679113527836134     
  0.679113581427307       0.679113631556193       0.679113680555298     
  0.679113726079099       0.679113770320319       0.679113812232560     
  0.679113852226083       0.679113890431545       0.679113928630058     
  0.679113963461326       0.679113997795843       0.679114030900799     
  0.679114064341147       0.679114095831795       0.679114127563357     
  0.679114158491703       0.679114188351342       0.679114218461352     
  0.679114247914789       0.679114275603842       0.679114304588837     
  0.679114333372264       0.679114361245367       0.679114387530171     
  0.679114412856004       0.679114439928877       0.679114464243596     
  0.679114488256866       0.679114511084435       0.679114532683843     
  0.679114554344841       0.679114573169537       0.679114591989115     
  0.679114609336324       0.679114625239108       0.679114640301876     
  0.679114654569459       0.679114666896962       0.679114678935873     
  0.679114690218039       0.679114700963590       0.679114711686892     
  0.679114721579798       0.679114733122709       0.679114744314996     
  0.679114754974583       0.679114766889167       0.679114779617417     
  0.679114793628770       0.679114807704383       0.679114824321227     
  0.679114840360148       0.679114858582996       0.679114877036898     
  0.679114896648026       0.679114916102164       0.679114936830630     
  0.679114955856986       0.679114976422452       0.679114995838589     
  0.679115014344177       0.679115031898160       0.679115047029438     
  0.679115061088854       0.679115072340311       0.679115081695783     
  0.679115088034936       0.679115092400673       0.679115095081327     
  0.679115095223525       0.679115092782067       0.679115088705590     
  0.679115083107007       0.679115077050481       0.679115070357461     
  0.679115064066305       0.679115056602529       0.679115052129132     
  0.679115048659403       0.679115047595421       0.679115049152954     
  0.679115053151725       0.679115061992283       0.679115073181323     
  0.679115089543886       0.679115108665564       0.679115131184827     
  0.679115156793443       0.679115185187230       0.679115215647438     
  0.679115246628364       0.679115278621692       0.679115308969495     
  0.679115338870111       0.679115365669965       0.679115390156469     
  0.679115408766926       0.679115423500327       0.679115432126902     
  0.679115434699960       0.679115430034816       0.679115419406767     
  0.679115402209849       0.679115378511512       0.679115350018992     
  0.679115316624128       0.679115279409858       0.679115241042525     
  0.679115201743085       0.679115162268613       0.679115126326003     
  0.679115094251132       0.679115068279646       0.679115049065494     
  0.679115038584183       0.679115037828091       0.679115046978257     
  0.679115067743318       0.679115099016575       0.679115141398893     
  0.679115194350098       0.679115255834915       0.679115323493331     
  0.679115398030794       0.679115475597074       0.679115553990223     
  0.679115628734962       0.679115701677859       0.679115765264089     
  0.679115818586239       0.679115859457792       0.679115884731227     
  0.679115893842683       0.679115883465376       0.679115854508855     
  0.679115806674606       0.679115740899038       0.679115658156446     
  0.679115559762356       0.679115449612791       0.679115330192745     
  0.679115205227554       0.679115079376544       0.679114956885544     
  0.679114842314011       0.679114741967724       0.679114658095041     
  0.679114594247881       0.679114552205209       0.679114543763962     
 -2.740310913783262E-003 -4.420561201850852E-004 -5.100532237320145E-004
 -4.857184761991032E-004 -4.370302611876237E-004 -3.867639570481853E-004
 -3.402112568961441E-004 -2.983522826248705E-004 -2.610473884566559E-004
 -2.278898008721414E-004 -1.984562088663479E-004 -1.724326920503856E-004
 -1.495153013402293E-004 -1.293657495800977E-004 -1.116154323709900E-004
 -9.599652735027243E-005 -8.229992289797986E-005 -7.030532579317449E-005
 -5.981207794525178E-005 -5.064264440437034E-005 -4.262891665217148E-005
 -3.564380128391902E-005 -2.956450067014598E-005 -2.427835887965026E-005
 -1.969423666829535E-005 -1.572667143800596E-005 -1.229210268511244E-005
 -9.340268622662465E-006 -6.810359782117691E-006 -4.648813008460553E-006
 -2.812026136523841E-006 -1.262760246582097E-006  3.758251621164631E-008
  1.125316269253908E-006  2.023272012754818E-006  2.757941540730305E-006
  3.349575404266297E-006  3.815781879347336E-006  4.175727765078469E-006
  4.444458375647720E-006  4.630888141525554E-006  4.751070604946683E-006
  4.813383905737029E-006  4.827040764811606E-006  4.798634600545255E-006
  4.734124023103294E-006  4.643075403057701E-006  4.529305459027183E-006
  4.394898378857477E-006  4.246165276579319E-006  4.086739194460884E-006
  3.918361899042179E-006  3.747354327633596E-006  3.570350387921831E-006
  3.393595954118052E-006  3.214216517162265E-006  3.039194230952069E-006
  2.868215743090198E-006  2.698483029213098E-006  2.533744292778479E-006
  2.374397061009640E-006  2.219381305252585E-006  2.071150505329375E-006
  1.929386121120975E-006  1.794942853002150E-006  1.665566032656999E-006
  1.543208126573955E-006  1.426761805292670E-006  1.316317352206143E-006
  1.213964017159695E-006  1.116698442360375E-006  1.025125184214742E-006
  9.383962517979458E-007  8.590864432500516E-007  7.844078165921803E-007
  7.139577448181008E-007  6.501198013168096E-007  5.888688192913377E-007
  5.333447444069805E-007  4.817420901248590E-007  4.333828195866652E-007
  3.896867955335946E-007  3.486538140386325E-007  3.103080377508470E-007
  2.752976736164625E-007  2.436247804741328E-007  2.146322644082522E-007
  1.859291815496051E-007  1.613016522734387E-007  1.392341503508363E-007
  1.173057391575458E-007  9.821737710892268E-008  8.231129339086924E-008
  6.517793074079377E-008  5.184918248485201E-008  3.954974882662413E-008
  2.726961449489800E-008  1.859313629229721E-008  1.192178536811035E-008
  2.267173006980577E-009 -3.293801879550563E-009 -8.438508709862532E-009
 -1.222352441939700E-008 -1.374138726029384E-008 -1.686392950986298E-008
 -1.657720864869128E-008 -1.733298697173882E-008 -1.647394442090966E-008
 -1.479945651763816E-008 -1.236492717291117E-008 -1.192853713867501E-008
 -7.057854957979291E-009 -3.766796394594866E-009  2.658729760657971E-010
  2.231103881412840E-009  6.789692477817936E-009  9.282920587015943E-009
  1.233632392532656E-008  1.602403208452302E-008  1.804384569024278E-008
  2.039346907929910E-008  2.466461028583770E-008  2.511373964580036E-008
  2.542854130023334E-008  2.640384437416852E-008  2.875252418826325E-008
  3.102773757950625E-008  2.879452314188322E-008  3.098096219829191E-008
  3.157913189978791E-008  3.286271368804947E-008  3.473721228938519E-008
  3.498957553320967E-008  3.911537566395857E-008  4.110954304522503E-008
  4.469780028029482E-008  4.936801310245217E-008  5.406138137351961E-008
  5.922281883748604E-008  6.687794399798357E-008  7.375734459524177E-008
  8.156377499225790E-008  8.986569066833743E-008  9.794416594901347E-008
  1.074598144553351E-007  1.140159989851460E-007  1.220379941628324E-007
  1.311641216179116E-007  1.381389054367425E-007  1.445459013503300E-007
  1.493723326224785E-007  1.549203676622574E-007  1.561892901394089E-007
  1.595392679638455E-007  1.588659590894621E-007  1.584170060592684E-007
  1.557253056886253E-007  1.531437499235406E-007  1.476263970828656E-007
  1.445461311022916E-007  1.370554707578376E-007  1.308604692553865E-007
  1.244668880844080E-007  1.178735872585935E-007  1.134876727101824E-007
  1.083908270930317E-007  1.060299470814757E-007  1.043670284585639E-007
  1.057256972737123E-007  1.080969876588839E-007  1.115170615988071E-007
  1.179056171808892E-007  1.272430552305552E-007  1.381456718906777E-007
  1.511589329939367E-007  1.647701787243265E-007  1.801150533324224E-007
  1.956628701485010E-007  2.146738100242454E-007  2.296404271325342E-007
  2.458326933574480E-007  2.602761992505049E-007  2.731043446530229E-007
  2.847291921979688E-007  2.907972122107306E-007  2.963970514589819E-007
  2.954605021161511E-007  2.927572565188549E-007  2.859885000118563E-007
  2.753709095933085E-007  2.607182835275632E-007  2.427831681414295E-007
  2.232898216216094E-007  2.002217337404873E-007  1.778280520759166E-007
  1.526337699816226E-007  1.291918216904999E-007  1.049188045176033E-007
  8.595230462713904E-008  6.754170635680146E-008  5.419105983471221E-008
  4.526319567753563E-008  4.316396773355420E-008  4.562847205873971E-008
  5.482213073465366E-008  7.120517185178110E-008  9.270123006398433E-008
  1.210137864880403E-007  1.552026533828782E-007  1.919797646408565E-007
  2.330110745383561E-007  2.780244758934877E-007  3.215858654852852E-007
  3.652165479844631E-007  4.057369307310752E-007  4.432678434701617E-007
  4.747475478459187E-007  4.989420632377763E-007  5.157694125722393E-007
  5.216584934487889E-007  5.183047255159273E-007  5.032650944241540E-007
  4.764388226936817E-007  4.395991698122831E-007  3.946395821905674E-007
  3.376725838439985E-007  2.740353062762663E-007  2.045198171030577E-007
  1.344131707478627E-007  5.746474353379844E-008 -1.370879215196054E-008
 -8.109405492717530E-008 -1.419744422000450E-007 -1.917754311618342E-007
 -2.306463692268003E-007 -2.521591826550991E-007 -2.581867529740152E-007
 -2.462783727447434E-007 -2.162436087044575E-007 -1.672088769405173E-007
 -9.857512100464632E-008 -1.386365567151929E-008  8.700957618657018E-008
  2.013130468107448E-007  3.253494708084705E-007  4.561868537538526E-007
  5.899240000094269E-007  7.194456218317626E-007  8.451366047515858E-007
  9.629667772828650E-007  1.071722813947077E-006  1.146375787045575E-006
