          1.268998
          1.268975
          1.268963
          1.268952
          1.268940
          1.268929
          1.268919
          1.268909
          1.268901
          1.268894
          1.268888
          1.268883
          1.268878
          1.268875
          1.268872
          1.268869
          1.268867
          1.268865
          1.268864
          1.268863
          1.268862
          1.268862
          1.268861
          1.268861
          1.268861
          1.268861
          1.268862
          1.268862
          1.268862
          1.268863
          1.268863
          1.268864
          1.268864
          1.268865
          1.268866
          1.268866
          1.268867
          1.268868
          1.268868
          1.268869
          1.268869
          1.268870
          1.268871
          1.268871
          1.268872
          1.268872
          1.268873
          1.268873
          1.268874
          1.268874
          1.268875
          1.268875
          1.268876
          1.268876
          1.268877
          1.268877
          1.268878
          1.268878
          1.268878
          1.268879
          1.268879
          1.268879
          1.268880
          1.268880
          1.268880
          1.268881
          1.268881
          1.268881
          1.268882
          1.268882
          1.268882
          1.268882
          1.268883
          1.268883
          1.268883
          1.268883
          1.268884
          1.268884
          1.268884
          1.268884
          1.268884
          1.268885
          1.268885
          1.268885
          1.268885
          1.268885
          1.268885
          1.268886
          1.268886
          1.268886
          1.268886
          1.268886
          1.268886
          1.268886
          1.268887
          1.268887
          1.268887
          1.268887
          1.268887
          1.268887
          1.268887
          1.268887
          1.268888
          1.268888
          1.268888
          1.268888
          1.268888
          1.268888
          1.268888
          1.268888
          1.268888
          1.268889
          1.268889
          1.268889
          1.268889
          1.268889
          1.268889
          1.268889
          1.268889
          1.268889
          1.268889
          1.268889
          1.268889
          1.268890
          1.268890
          1.268890
          1.268890
          1.268890
          1.268890
          1.268890
          1.268890
          1.268890
          1.268890
          1.268890
          1.268890
          1.268890
          1.268890
          1.268890
          1.268891
          1.268891
          1.268891
          1.268891
          1.268891
          1.268891
          1.268891
          1.268891
          1.268891
          1.268891
          1.268891
          1.268891
          1.268891
          1.268891
          1.268891
          1.268891
          1.268891
          1.268891
          1.268891
          1.268891
          1.268891
          1.268891
          1.268892
          1.268892
          1.268892
          1.268892
          1.268892
          1.268892
          1.268892
          1.268892
          1.268892
          1.268892
          1.268892
          1.268892
          1.268892
          1.268892
          1.268892
          1.268892
          1.268892
          1.268892
          1.268892
          1.268892
          1.268892
          1.268892
          1.268892
          1.268892
          1.268892
          1.268892
          1.268892
          1.268892
          1.268892
          1.268892
          1.268892
          1.268892
          1.268892
          1.268892
          1.268893
          1.268893
          1.268893
          1.268893
          1.268893
          1.268893
          1.268893
          1.268893
          1.268893
          1.268893
          1.268893
          1.268893
          1.268893
          1.268893
          1.268893
          1.268893
          1.268893
          1.268893
          1.268893
          1.268893
          1.268893
          1.268893
          1.268893
          1.268893
          1.268893
          1.268893
          1.268893
          1.268893
          1.268893
          1.268893
          1.268893
          1.268893
          1.268893
          1.268893
          1.268893
          1.268893
          1.268893
          1.268893
          1.268893
          1.268893
          1.268893
          1.268893
          1.268893
          1.268893
          1.268893
          1.268893
          1.268893
          1.268893
          1.268893
          1.268893
          1.268893
          1.268893
          1.268893
          1.268893
          1.268893
          1.268893
          1.268893
          1.268893
