         13.371165
         13.366736
         13.367335
         13.367821
         13.368209
         13.368526
         13.368793
         13.369022
         13.369225
         13.369406
         13.369571
         13.369722
         13.369862
         13.369991
         13.370111
         13.370223
         13.370328
         13.370425
         13.370515
         13.370599
         13.370677
         13.370750
         13.370817
         13.370880
         13.370938
         13.370992
         13.371042
         13.371088
         13.371132
         13.371172
         13.371209
         13.371244
         13.371277
         13.371307
         13.371335
         13.371362
         13.371386
         13.371409
         13.371431
         13.371450
         13.371469
         13.371486
         13.371502
         13.371517
         13.371530
         13.371543
         13.371554
         13.371564
         13.371573
         13.371582
         13.371589
         13.371595
         13.371601
         13.371605
         13.371609
         13.371612
         13.371615
         13.371617
         13.371619
         13.371620
         13.371620
         13.371620
         13.371620
         13.371619
         13.371618
         13.371617
         13.371616
         13.371614
         13.371612
         13.371609
         13.371607
         13.371604
         13.371601
         13.371599
         13.371596
         13.371592
         13.371589
         13.371586
         13.371582
         13.371579
         13.371576
         13.371572
         13.371568
         13.371565
         13.371561
         13.371558
         13.371554
         13.371550
         13.371547
         13.371543
         13.371539
         13.371536
         13.371532
         13.371528
         13.371525
         13.371521
         13.371517
         13.371514
         13.371510
         13.371506
         13.371503
         13.371499
         13.371495
         13.371492
         13.371488
         13.371485
         13.371481
         13.371478
         13.371474
         13.371471
         13.371467
         13.371464
         13.371461
         13.371458
         13.371454
         13.371451
         13.371448
         13.371445
         13.371442
         13.371439
         13.371436
         13.371433
         13.371430
         13.371427
         13.371425
         13.371422
         13.371419
         13.371417
         13.371414
         13.371412
         13.371409
         13.371407
         13.371404
         13.371402
         13.371400
         13.371397
         13.371395
         13.371392
         13.371390
         13.371388
         13.371385
         13.371383
         13.371381
         13.371379
         13.371376
         13.371374
         13.371372
         13.371369
         13.371367
         13.371365
         13.371363
         13.371360
         13.371358
         13.371356
         13.371354
         13.371352
         13.371350
         13.371348
         13.371346
         13.371344
         13.371342
         13.371340
         13.371338
         13.371337
         13.371335
         13.371333
         13.371332
         13.371330
         13.371329
         13.371327
         13.371326
         13.371325
         13.371323
         13.371322
         13.371321
         13.371319
         13.371318
         13.371317
         13.371316
         13.371314
         13.371313
         13.371312
         13.371311
         13.371309
         13.371308
         13.371307
         13.371305
         13.371304
         13.371302
         13.371301
         13.371300
         13.371298
         13.371297
         13.371295
         13.371294
         13.371292
         13.371291
         13.371290
         13.371288
         13.371287
         13.371286
         13.371285
         13.371284
         13.371283
         13.371281
         13.371281
         13.371280
         13.371279
         13.371278
         13.371277
         13.371277
         13.371276
         13.371276
         13.371275
         13.371275
         13.371274
         13.371274
         13.371274
         13.371273
         13.371273
         13.371272
         13.371272
         13.371272
         13.371271
         13.371271
         13.371270
         13.371270
         13.371269
         13.371269
         13.371268
         13.371267
         13.371267
         13.371266
         13.371265
         13.371265
         13.371264
         13.371263
         13.371262
         13.371262
         13.371261
         13.371261
         13.371260
         13.371260
         13.371260
         13.371260
         13.371260
         13.371260
         13.371260
         13.371261
         13.371262
         13.371263
         13.371264
         13.371265
