          0.614535
          0.614767
          0.614798
          0.614822
          0.614845
          0.614864
          0.614882
          0.614899
          0.614915
          0.614930
          0.614944
          0.614958
          0.614971
          0.614983
          0.614995
          0.615006
          0.615017
          0.615027
          0.615036
          0.615045
          0.615053
          0.615061
          0.615068
          0.615075
          0.615082
          0.615088
          0.615093
          0.615099
          0.615104
          0.615109
          0.615114
          0.615118
          0.615122
          0.615126
          0.615130
          0.615133
          0.615137
          0.615140
          0.615143
          0.615146
          0.615149
          0.615151
          0.615154
          0.615156
          0.615158
          0.615161
          0.615163
          0.615165
          0.615167
          0.615168
          0.615171
          0.615172
          0.615173
          0.615175
          0.615176
          0.615177
          0.615178
          0.615179
          0.615180
          0.615181
          0.615182
          0.615183
          0.615184
          0.615185
          0.615185
          0.615186
          0.615187
          0.615188
          0.615188
          0.615189
          0.615190
          0.615190
          0.615191
          0.615191
          0.615192
          0.615192
          0.615193
          0.615193
          0.615193
          0.615194
          0.615194
          0.615194
          0.615195
          0.615195
          0.615195
          0.615196
          0.615196
          0.615196
          0.615196
          0.615196
          0.615197
          0.615197
          0.615197
          0.615197
          0.615197
          0.615197
          0.615197
          0.615197
          0.615197
          0.615198
          0.615198
          0.615198
          0.615198
          0.615198
          0.615198
          0.615198
          0.615198
          0.615198
          0.615198
          0.615198
          0.615198
          0.615198
          0.615198
          0.615198
          0.615198
          0.615198
          0.615198
          0.615198
          0.615198
          0.615198
          0.615198
          0.615197
          0.615197
          0.615197
          0.615197
          0.615197
          0.615197
          0.615197
          0.615197
          0.615197
          0.615197
          0.615197
          0.615197
          0.615197
          0.615197
          0.615197
          0.615197
          0.615197
          0.615197
          0.615197
          0.615197
          0.615196
          0.615196
          0.615196
          0.615196
          0.615196
          0.615196
          0.615196
          0.615196
          0.615196
          0.615196
          0.615196
          0.615196
          0.615196
          0.615196
          0.615196
          0.615195
          0.615195
          0.615195
          0.615195
          0.615195
          0.615195
          0.615195
          0.615195
          0.615195
          0.615195
          0.615195
          0.615195
          0.615195
          0.615195
          0.615195
          0.615195
          0.615195
          0.615195
          0.615195
          0.615195
          0.615195
          0.615195
          0.615194
          0.615194
          0.615194
          0.615194
          0.615194
          0.615194
          0.615194
          0.615194
          0.615194
          0.615194
          0.615194
          0.615194
          0.615194
          0.615194
          0.615194
          0.615194
          0.615194
          0.615194
          0.615193
          0.615193
          0.615193
          0.615193
          0.615193
          0.615193
          0.615193
          0.615193
          0.615193
          0.615193
          0.615193
          0.615193
          0.615193
          0.615193
          0.615193
          0.615193
          0.615193
          0.615193
          0.615193
          0.615193
          0.615193
          0.615193
          0.615193
          0.615193
          0.615193
          0.615193
          0.615193
          0.615193
          0.615193
          0.615193
          0.615193
          0.615193
          0.615193
          0.615192
          0.615192
          0.615192
          0.615192
          0.615192
          0.615192
          0.615192
          0.615192
          0.615192
          0.615192
          0.615192
          0.615192
          0.615192
          0.615192
          0.615192
          0.615192
          0.615192
          0.615192
          0.615192
          0.615192
          0.615191
          0.615191
          0.615191
