          1.328061
          1.329444
          1.329809
          1.329990
          1.330052
          1.330037
          1.329971
          1.329874
          1.329761
          1.329641
          1.329519
          1.329401
          1.329288
          1.329182
          1.329084
          1.328993
          1.328910
          1.328835
          1.328766
          1.328704
          1.328647
          1.328596
          1.328550
          1.328508
          1.328470
          1.328435
          1.328404
          1.328376
          1.328350
          1.328327
          1.328306
          1.328286
          1.328269
          1.328253
          1.328238
          1.328225
          1.328212
          1.328201
          1.328191
          1.328182
          1.328173
          1.328165
          1.328158
          1.328152
          1.328146
          1.328140
          1.328135
          1.328130
          1.328126
          1.328122
          1.328119
          1.328115
          1.328112
          1.328110
          1.328107
          1.328105
          1.328102
          1.328100
          1.328098
          1.328097
          1.328095
          1.328093
          1.328092
          1.328090
          1.328089
          1.328087
          1.328086
          1.328085
          1.328084
          1.328083
          1.328082
          1.328081
          1.328080
          1.328079
          1.328078
          1.328078
          1.328077
          1.328076
          1.328075
          1.328075
          1.328074
          1.328073
          1.328073
          1.328072
          1.328072
          1.328071
          1.328071
          1.328070
          1.328070
          1.328070
          1.328069
          1.328069
          1.328068
          1.328068
          1.328068
          1.328067
          1.328067
          1.328067
          1.328067
          1.328066
          1.328066
          1.328066
          1.328066
          1.328066
          1.328065
          1.328065
          1.328065
          1.328065
          1.328065
          1.328065
          1.328064
          1.328064
          1.328064
          1.328064
          1.328064
          1.328064
          1.328064
          1.328064
          1.328063
          1.328063
          1.328063
          1.328063
          1.328063
          1.328063
          1.328063
          1.328063
          1.328063
          1.328063
          1.328062
          1.328062
          1.328062
          1.328062
          1.328062
          1.328062
          1.328062
          1.328062
          1.328062
          1.328062
          1.328062
          1.328062
          1.328062
          1.328062
          1.328062
          1.328062
          1.328062
          1.328062
          1.328062
          1.328062
          1.328062
          1.328062
          1.328062
          1.328062
          1.328062
          1.328062
          1.328062
          1.328062
          1.328062
          1.328062
          1.328062
          1.328062
          1.328062
          1.328062
          1.328062
          1.328062
          1.328061
          1.328061
          1.328061
          1.328061
          1.328061
          1.328061
          1.328061
          1.328061
          1.328061
          1.328061
          1.328061
          1.328061
          1.328061
          1.328061
          1.328061
          1.328061
          1.328061
          1.328061
          1.328061
          1.328061
          1.328061
          1.328061
          1.328061
          1.328061
          1.328061
          1.328061
          1.328061
          1.328061
          1.328061
          1.328061
          1.328061
          1.328061
          1.328061
          1.328061
          1.328061
          1.328061
          1.328061
          1.328061
          1.328061
          1.328061
          1.328061
          1.328061
          1.328061
          1.328061
          1.328061
          1.328061
          1.328061
          1.328061
          1.328061
          1.328061
          1.328061
          1.328061
          1.328061
          1.328061
          1.328061
          1.328061
          1.328061
          1.328061
          1.328061
          1.328061
          1.328061
          1.328061
          1.328061
          1.328061
          1.328061
          1.328061
          1.328061
          1.328061
          1.328061
          1.328061
          1.328061
          1.328061
          1.328061
          1.328061
          1.328061
          1.328061
          1.328061
          1.328061
          1.328061
          1.328061
          1.328061
          1.328061
          1.328061
          1.328061
          1.328061
          1.328061
          1.328061
          1.328061
          1.328061
