          0.004100
          0.004061
          0.004020
          0.003979
          0.003947
          0.003920
          0.003898
          0.003863
          0.003831
          0.003790
          0.003751
          0.003713
          0.003677
          0.003639
          0.003602
          0.003567
          0.003531
          0.003496
          0.003462
          0.003426
          0.003392
          0.003358
          0.003325
          0.003292
          0.003262
          0.003229
          0.003195
          0.003168
          0.003133
          0.003100
          0.003068
          0.003037
          0.003006
          0.002976
          0.002946
          0.002916
          0.002888
          0.002858
          0.002829
          0.002802
          0.002773
          0.002746
          0.002718
          0.002690
          0.002665
          0.002638
          0.002611
          0.002585
          0.002559
          0.002534
          0.002508
          0.002483
          0.002459
          0.002434
          0.002410
          0.002385
          0.002362
          0.002339
          0.002314
          0.002291
          0.002268
          0.002246
          0.002223
          0.002201
          0.002179
          0.002157
          0.002136
          0.002114
          0.002093
          0.002072
          0.002051
          0.002030
          0.002010
          0.001990
          0.001970
          0.001950
          0.001931
          0.001911
          0.001892
          0.001874
          0.001855
          0.001837
          0.001819
          0.001800
          0.001781
          0.001764
          0.001746
          0.001730
          0.001711
          0.001694
          0.001677
          0.001661
          0.001643
          0.001627
          0.001604
          0.001596
          0.001588
          0.001577
          0.001564
          0.001550
          0.001535
          0.001524
          0.001507
          0.001491
          0.001476
          0.001461
          0.001446
          0.001432
          0.001417
          0.001403
          0.001389
          0.001375
          0.001361
          0.001346
          0.001332
          0.001318
          0.001305
          0.001292
          0.001279
          0.001266
          0.001253
          0.001241
          0.001228
          0.001216
          0.001201
          0.001190
          0.001179
          0.001168
          0.001156
          0.001145
          0.001133
          0.001122
          0.001112
          0.001102
          0.001089
          0.001078
          0.001066
          0.001055
          0.001045
          0.001034
          0.001024
          0.001013
          0.001004
          0.000993
          0.000983
          0.000974
          0.000964
          0.000954
          0.000945
          0.000935
          0.000926
          0.000917
          0.000908
          0.000899
          0.000889
          0.000881
          0.000872
          0.000863
          0.000855
          0.000847
          0.000838
          0.000830
          0.000821
          0.000813
          0.000805
          0.000797
          0.000789
          0.000781
          0.000773
          0.000766
          0.000758
          0.000750
          0.000743
          0.000735
          0.000728
          0.000721
          0.000713
          0.000706
          0.000699
          0.000692
          0.000685
          0.000678
          0.000672
          0.000665
          0.000658
          0.000652
          0.000645
          0.000638
          0.000632
          0.000626
          0.000620
          0.000613
          0.000607
          0.000601
          0.000595
          0.000589
          0.000583
          0.000578
          0.000572
          0.000566
          0.000560
          0.000555
          0.000549
          0.000543
          0.000538
          0.000532
          0.000527
          0.000522
          0.000516
          0.000512
          0.000506
          0.000502
          0.000498
          0.000493
          0.000487
          0.000482
          0.000477
          0.000472
          0.000468
          0.000463
          0.000458
          0.000454
          0.000449
          0.000444
          0.000440
          0.000436
          0.000432
          0.000427
          0.000423
          0.000419
          0.000415
          0.000410
          0.000406
          0.000402
          0.000398
          0.000394
          0.000390
          0.000386
          0.000382
          0.000379
          0.000375
          0.000371
          0.000367
          0.000364
          0.000360
          0.000356
          0.000353
          0.000349
          0.000346
          0.000342
          0.000339
          0.000336
          0.000332
          0.000328
          0.000325
          0.000322
          0.000319
          0.000316
          0.000313
          0.000309
          0.000306
          0.000303
          0.000300
          0.000297
          0.000294
          0.000291
          0.000288
          0.000286
          0.000283
          0.000280
          0.000277
          0.000274
          0.000272
          0.000269
          0.000266
          0.000263
          0.000261
          0.000258
          0.000256
          0.000253
          0.000251
          0.000248
          0.000246
          0.000243
          0.000241
          0.000238
          0.000236
          0.000234
          0.000231
          0.000229
          0.000227
          0.000224
          0.000222
          0.000220
          0.000218
          0.000215
          0.000213
          0.000211
          0.000209
          0.000207
          0.000205
          0.000203
          0.000201
          0.000198
          0.000195
          0.000192
          0.000190
          0.000188
          0.000185
          0.000183
          0.000181
          0.000179
          0.000177
          0.000175
          0.000174
          0.000172
          0.000170
          0.000168
          0.000167
          0.000165
          0.000163
          0.000162
          0.000160
          0.000158
          0.000157
          0.000155
          0.000154
          0.000152
          0.000151
          0.000149
          0.000148
          0.000146
          0.000145
          0.000143
          0.000142
          0.000140
          0.000139
          0.000138
          0.000136
          0.000135
          0.000135
          0.000135
          0.000134
          0.000134
          0.000133
          0.000132
          0.000131
          0.000130
          0.000129
          0.000128
          0.000127
          0.000126
          0.000124
          0.000123
          0.000122
          0.000121
          0.000120
          0.000118
          0.000117
          0.000116
          0.000115
          0.000114
          0.000113
          0.000112
          0.000111
          0.000109
          0.000108
          0.000107
          0.000106
          0.000105
          0.000104
          0.000103
          0.000102
          0.000101
          0.000100
          0.000099
          0.000098
          0.000097
          0.000096
          0.000095
          0.000094
          0.000093
          0.000092
          0.000091
          0.000090
          0.000089
          0.000089
          0.000088
          0.000087
          0.000086
          0.000085
          0.000084
          0.000083
          0.000083
          0.000082
          0.000081
          0.000080
          0.000079
          0.000079
          0.000078
          0.000077
          0.000076
          0.000075
          0.000075
          0.000074
          0.000073
          0.000072
          0.000072
          0.000071
          0.000070
          0.000070
          0.000069
          0.000068
          0.000068
          0.000067
          0.000066
          0.000065
          0.000065
          0.000064
          0.000064
          0.000063
          0.000062
          0.000062
          0.000061
          0.000060
          0.000060
          0.000059
          0.000059
          0.000058
          0.000057
          0.000057
          0.000056
          0.000056
          0.000055
          0.000055
          0.000054
          0.000054
          0.000053
          0.000053
          0.000052
          0.000051
          0.000051
          0.000050
          0.000050
          0.000049
          0.000049
          0.000048
          0.000048
          0.000047
          0.000047
          0.000047
          0.000046
          0.000046
          0.000045
          0.000045
          0.000044
          0.000044
          0.000043
          0.000043
          0.000043
          0.000042
          0.000042
          0.000041
          0.000041
          0.000040
          0.000040
          0.000040
          0.000039
          0.000039
          0.000038
          0.000038
          0.000038
          0.000037
          0.000037
          0.000037
          0.000036
          0.000036
          0.000035
          0.000035
          0.000035
          0.000034
          0.000034
          0.000034
          0.000033
          0.000033
          0.000033
          0.000032
          0.000032
          0.000032
          0.000031
          0.000031
          0.000031
          0.000031
          0.000030
          0.000030
          0.000030
          0.000029
          0.000029
          0.000029
          0.000028
          0.000028
          0.000028
          0.000028
          0.000027
          0.000027
          0.000027
          0.000027
          0.000026
          0.000026
          0.000026
          0.000025
          0.000025
          0.000025
          0.000025
          0.000024
          0.000024
          0.000024
          0.000024
          0.000023
          0.000023
          0.000023
          0.000023
          0.000023
          0.000022
          0.000022
          0.000022
          0.000022
          0.000021
          0.000021
          0.000021
          0.000021
          0.000021
          0.000020
          0.000020
          0.000020
          0.000020
          0.000020
          0.000019
          0.000019
          0.000019
          0.000019
          0.000019
          0.000018
          0.000018
          0.000018
          0.000018
          0.000018
          0.000018
          0.000017
          0.000017
          0.000017
          0.000017
          0.000017
          0.000017
          0.000016
          0.000016
          0.000016
          0.000016
          0.000016
          0.000016
          0.000015
          0.000015
          0.000015
          0.000015
          0.000015
          0.000015
          0.000015
          0.000014
          0.000014
          0.000014
          0.000014
          0.000014
          0.000014
          0.000014
          0.000013
          0.000013
          0.000013
          0.000013
          0.000013
          0.000013
          0.000013
          0.000012
          0.000012
          0.000012
          0.000012
          0.000012
          0.000012
          0.000012
          0.000012
          0.000012
          0.000011
          0.000011
          0.000011
          0.000011
          0.000011
          0.000011
          0.000011
          0.000011
          0.000011
          0.000010
          0.000010
          0.000010
          0.000010
          0.000010
          0.000010
          0.000010
          0.000010
          0.000010
          0.000010
          0.000009
          0.000009
          0.000009
          0.000009
          0.000009
          0.000009
          0.000009
          0.000009
          0.000009
          0.000009
          0.000009
          0.000008
          0.000008
          0.000008
          0.000008
          0.000008
          0.000008
          0.000008
          0.000008
          0.000008
          0.000008
          0.000008
          0.000008
          0.000007
          0.000007
          0.000007
          0.000007
          0.000007
          0.000007
          0.000007
          0.000007
          0.000007
          0.000007
          0.000007
          0.000007
          0.000007
          0.000007
          0.000006
          0.000006
          0.000006
          0.000006
          0.000006
          0.000006
          0.000006
          0.000006
          0.000006
          0.000006
          0.000006
          0.000006
          0.000006
          0.000006
          0.000006
          0.000006
          0.000006
          0.000005
          0.000005
          0.000005
          0.000005
          0.000005
          0.000005
          0.000005
          0.000005
          0.000005
          0.000005
          0.000005
          0.000005
          0.000005
          0.000005
          0.000005
          0.000005
          0.000005
          0.000005
          0.000005
          0.000005
          0.000004
          0.000004
          0.000004
          0.000004
          0.000004
          0.000004
          0.000004
          0.000004
          0.000004
          0.000004
          0.000004
          0.000004
          0.000004
          0.000004
          0.000004
          0.000004
          0.000004
          0.000004
          0.000004
          0.000004
          0.000004
          0.000004
          0.000004
          0.000004
          0.000004
          0.000003
          0.000003
          0.000003
          0.000003
          0.000003
          0.000003
          0.000003
          0.000003
          0.000003
          0.000003
          0.000003
          0.000003
          0.000003
          0.000003
          0.000003
          0.000003
          0.000003
          0.000003
          0.000003
          0.000003
          0.000003
          0.000003
          0.000003
          0.000003
          0.000003
          0.000003
          0.000003
          0.000003
          0.000003
          0.000003
          0.000003
          0.000003
          0.000003
          0.000002
          0.000002
          0.000002
          0.000002
          0.000002
          0.000002
          0.000002
          0.000002
          0.000002
          0.000002
          0.000002
          0.000002
          0.000002
          0.000002
          0.000002
          0.000002
          0.000002
          0.000002
          0.000002
          0.000002
          0.000002
          0.000002
          0.000002
          0.000002
          0.000002
          0.000002
          0.000002
          0.000002
          0.000002
          0.000002
          0.000002
          0.000002
          0.000002
          0.000002
          0.000002
          0.000002
          0.000002
          0.000002
          0.000002
          0.000002
          0.000002
          0.000002
          0.000002
          0.000002
          0.000002
          0.000002
          0.000002
          0.000002
          0.000002
          0.000002
          0.000002
          0.000001
          0.000001
          0.000001
          0.000001
          0.000001
          0.000001
          0.000001
          0.000001
          0.000001
          0.000001
          0.000001
          0.000001
          0.000001
          0.000001
          0.000001
          0.000001
          0.000001
          0.000001
          0.000001
          0.000001
          0.000001
          0.000001
          0.000001
          0.000001
          0.000001
          0.000001
          0.000001
          0.000001
          0.000001
          0.000001
          0.000001
          0.000001
          0.000001
          0.000001
          0.000001
          0.000001
          0.000001
          0.000001
          0.000001
