         12.043104
         12.042747
         12.042426
         12.042144
         12.041899
         12.041689
         12.041513
         12.041368
         12.041251
         12.041160
         12.041092
         12.041045
         12.041016
         12.041003
         12.041005
         12.041018
         12.041043
         12.041077
         12.041118
         12.041166
         12.041219
         12.041276
         12.041337
         12.041400
         12.041466
         12.041533
         12.041601
         12.041669
         12.041737
         12.041805
         12.041873
         12.041939
         12.042005
         12.042069
         12.042132
         12.042194
         12.042254
         12.042313
         12.042370
         12.042425
         12.042478
         12.042530
         12.042580
         12.042628
         12.042675
         12.042719
         12.042762
         12.042803
         12.042843
         12.042881
         12.042917
         12.042951
         12.042984
         12.043016
         12.043046
         12.043074
         12.043101
         12.043126
         12.043151
         12.043173
         12.043195
         12.043215
         12.043235
         12.043253
         12.043270
         12.043286
         12.043301
         12.043315
         12.043328
         12.043340
         12.043351
         12.043362
         12.043372
         12.043381
         12.043389
         12.043397
         12.043404
         12.043410
         12.043416
         12.043422
         12.043427
         12.043431
         12.043435
         12.043439
         12.043442
         12.043444
         12.043447
         12.043449
         12.043451
         12.043452
         12.043453
         12.043454
         12.043455
         12.043455
         12.043455
         12.043455
         12.043455
         12.043454
         12.043454
         12.043453
         12.043452
         12.043451
         12.043449
         12.043448
         12.043446
         12.043445
         12.043443
         12.043441
         12.043439
         12.043437
         12.043435
         12.043433
         12.043431
         12.043428
         12.043426
         12.043424
         12.043421
         12.043419
         12.043416
         12.043414
         12.043411
         12.043409
         12.043406
         12.043404
         12.043401
         12.043399
         12.043396
         12.043393
         12.043391
         12.043388
         12.043386
         12.043383
         12.043381
         12.043378
         12.043376
         12.043373
         12.043371
         12.043368
         12.043366
         12.043363
         12.043361
         12.043358
         12.043356
         12.043354
         12.043351
         12.043349
         12.043346
         12.043344
         12.043342
         12.043339
         12.043337
         12.043335
         12.043332
         12.043330
         12.043328
         12.043325
         12.043323
         12.043321
         12.043318
         12.043316
         12.043314
         12.043312
         12.043310
         12.043308
         12.043306
         12.043303
         12.043301
         12.043299
         12.043297
         12.043296
         12.043294
         12.043292
         12.043290
         12.043288
         12.043286
         12.043285
         12.043283
         12.043281
         12.043280
         12.043278
         12.043277
         12.043275
         12.043273
         12.043272
         12.043270
         12.043269
         12.043267
         12.043266
         12.043264
         12.043263
         12.043261
         12.043260
         12.043258
         12.043257
         12.043255
         12.043254
         12.043252
         12.043251
         12.043249
         12.043248
         12.043246
         12.043245
         12.043244
         12.043242
         12.043241
         12.043240
         12.043238
         12.043237
         12.043236
         12.043235
         12.043233
         12.043232
         12.043231
         12.043230
         12.043229
         12.043228
         12.043227
         12.043226
         12.043226
         12.043225
         12.043224
         12.043223
         12.043222
         12.043222
         12.043221
         12.043220
         12.043220
         12.043219
         12.043218
         12.043218
         12.043217
         12.043216
         12.043215
         12.043215
         12.043214
         12.043213
         12.043213
         12.043212
         12.043211
         12.043211
         12.043210
         12.043209
         12.043209
         12.043208
         12.043207
         12.043207
         12.043206
         12.043206
         12.043206
         12.043205
         12.043205
         12.043205
         12.043205
