          0.426687
          0.426755
          0.426733
          0.426711
          0.426694
          0.426679
          0.426665
          0.426654
          0.426644
          0.426635
          0.426627
          0.426620
          0.426614
          0.426609
          0.426604
          0.426600
          0.426596
          0.426592
          0.426589
          0.426586
          0.426583
          0.426580
          0.426578
          0.426575
          0.426573
          0.426571
          0.426569
          0.426567
          0.426565
          0.426563
          0.426561
          0.426560
          0.426558
          0.426557
          0.426556
          0.426554
          0.426553
          0.426552
          0.426551
          0.426550
          0.426549
          0.426548
          0.426547
          0.426547
          0.426546
          0.426545
          0.426544
          0.426544
          0.426543
          0.426543
          0.426542
          0.426542
          0.426541
          0.426540
          0.426540
          0.426539
          0.426539
          0.426538
          0.426538
          0.426537
          0.426537
          0.426536
          0.426536
          0.426536
          0.426535
          0.426535
          0.426535
          0.426535
          0.426534
          0.426534
          0.426534
          0.426534
          0.426534
          0.426533
          0.426533
          0.426533
          0.426533
          0.426533
          0.426533
          0.426533
          0.426532
          0.426532
          0.426532
          0.426532
          0.426532
          0.426532
          0.426532
          0.426532
          0.426532
          0.426532
          0.426532
          0.426532
          0.426531
          0.426531
          0.426531
          0.426531
          0.426531
          0.426531
          0.426531
          0.426531
          0.426531
          0.426531
          0.426531
          0.426531
          0.426531
          0.426531
          0.426531
          0.426531
          0.426531
          0.426531
          0.426531
          0.426531
          0.426531
          0.426531
          0.426531
          0.426531
          0.426531
          0.426531
          0.426531
          0.426531
          0.426531
          0.426531
          0.426531
          0.426531
          0.426531
          0.426531
          0.426531
          0.426531
          0.426531
          0.426531
          0.426531
          0.426531
          0.426531
          0.426531
          0.426531
          0.426531
          0.426531
          0.426531
          0.426531
          0.426531
          0.426531
          0.426531
          0.426531
          0.426531
          0.426531
          0.426530
          0.426530
          0.426530
          0.426530
          0.426530
          0.426530
          0.426530
          0.426530
          0.426530
          0.426530
          0.426530
          0.426530
          0.426530
          0.426530
          0.426530
          0.426530
          0.426530
          0.426530
          0.426530
          0.426530
          0.426530
          0.426530
          0.426530
          0.426530
          0.426530
          0.426530
          0.426530
          0.426530
          0.426530
          0.426531
          0.426531
          0.426531
          0.426531
          0.426531
          0.426531
          0.426531
          0.426530
          0.426530
          0.426530
          0.426530
          0.426530
          0.426530
          0.426530
          0.426530
          0.426530
          0.426530
          0.426530
          0.426530
          0.426530
          0.426530
          0.426530
          0.426530
          0.426530
          0.426530
          0.426530
          0.426530
          0.426530
          0.426530
          0.426530
          0.426530
          0.426530
          0.426530
          0.426530
          0.426530
          0.426530
          0.426530
          0.426530
          0.426530
          0.426530
          0.426530
          0.426530
          0.426530
          0.426531
          0.426531
          0.426531
          0.426531
          0.426531
          0.426531
          0.426531
          0.426531
          0.426530
          0.426530
          0.426530
          0.426530
          0.426530
          0.426530
          0.426530
          0.426530
          0.426530
          0.426530
          0.426530
          0.426530
          0.426530
          0.426530
          0.426530
          0.426530
          0.426530
          0.426530
          0.426530
          0.426530
          0.426530
          0.426530
          0.426530
          0.426530
          0.426530
          0.426530
          0.426530
