          0.686787
          0.686418
          0.685124
          0.684318
          0.683710
          0.683243
          0.682881
          0.682598
          0.682401
          0.682249
          0.682119
          0.682012
          0.681920
          0.681840
          0.681771
          0.681711
          0.681658
          0.681612
          0.681571
          0.681535
          0.681502
          0.681474
          0.681449
          0.681427
          0.681407
          0.681390
          0.681376
          0.681363
          0.681351
          0.681342
          0.681336
          0.681331
          0.681327
          0.681323
          0.681320
          0.681318
          0.681316
          0.681314
          0.681313
          0.681312
          0.681311
          0.681311
          0.681310
          0.681310
          0.681311
          0.681311
          0.681312
          0.681313
          0.681314
          0.681315
          0.681310
          0.681311
          0.681313
          0.681314
          0.681315
          0.681316
          0.681317
          0.681318
          0.681319
          0.681320
          0.681320
          0.681321
          0.681322
          0.681322
          0.681323
          0.681324
          0.681324
          0.681325
          0.681326
          0.681326
          0.681327
          0.681327
          0.681328
          0.681328
          0.681329
          0.681329
          0.681330
          0.681330
          0.681331
          0.681331
          0.681331
          0.681332
          0.681332
          0.681332
          0.681333
          0.681333
          0.681333
          0.681334
          0.681334
          0.681334
          0.681334
          0.681335
          0.681335
          0.681335
          0.681335
          0.681335
          0.681335
          0.681336
          0.681336
          0.681336
          0.681336
          0.681336
          0.681336
          0.681336
          0.681336
          0.681336
          0.681336
          0.681337
          0.681337
          0.681337
          0.681337
          0.681337
          0.681337
          0.681337
          0.681337
          0.681337
          0.681337
          0.681337
          0.681337
          0.681337
          0.681337
          0.681337
          0.681337
          0.681337
          0.681337
          0.681337
          0.681337
          0.681338
          0.681338
          0.681338
          0.681338
          0.681338
          0.681338
          0.681338
          0.681338
          0.681338
          0.681338
          0.681338
          0.681338
          0.681338
          0.681338
          0.681338
          0.681337
          0.681337
          0.681337
          0.681337
          0.681337
          0.681337
          0.681337
          0.681337
          0.681337
          0.681337
          0.681337
          0.681337
          0.681337
          0.681337
          0.681337
          0.681337
          0.681337
          0.681337
          0.681337
          0.681337
          0.681337
          0.681337
          0.681337
          0.681337
          0.681337
          0.681337
          0.681337
          0.681337
          0.681337
          0.681337
          0.681337
          0.681337
          0.681337
          0.681337
          0.681337
          0.681337
          0.681337
          0.681337
          0.681337
          0.681337
          0.681337
          0.681337
          0.681337
          0.681337
          0.681337
          0.681337
          0.681337
          0.681337
          0.681337
          0.681337
          0.681337
          0.681337
          0.681337
          0.681337
          0.681337
          0.681336
          0.681336
          0.681336
          0.681336
          0.681336
          0.681336
          0.681336
          0.681336
          0.681337
          0.681337
          0.681337
          0.681337
          0.681337
          0.681337
          0.681337
          0.681337
          0.681337
          0.681337
          0.681337
          0.681337
          0.681337
          0.681337
          0.681337
          0.681337
          0.681337
          0.681337
          0.681337
          0.681337
          0.681337
          0.681337
          0.681337
          0.681337
          0.681337
          0.681337
          0.681337
          0.681336
          0.681336
          0.681336
          0.681336
          0.681336
          0.681336
          0.681336
          0.681336
          0.681336
          0.681336
          0.681336
          0.681336
          0.681336
          0.681336
          0.681336
          0.681336
          0.681336
          0.681336
          0.681336
          0.681336
