          0.251590
          0.252801
          0.252871
          0.252879
          0.252856
          0.252812
          0.252757
          0.252695
          0.252631
          0.252567
          0.252504
          0.252445
          0.252390
          0.252339
          0.252291
          0.252248
          0.252208
          0.252172
          0.252140
          0.252110
          0.252084
          0.252060
          0.252038
          0.252019
          0.252002
          0.251986
          0.251972
          0.251959
          0.251948
          0.251938
          0.251929
          0.251921
          0.251913
          0.251907
          0.251901
          0.251895
          0.251890
          0.251886
          0.251882
          0.251879
          0.251876
          0.251873
          0.251870
          0.251868
          0.251866
          0.251864
          0.251862
          0.251861
          0.251859
          0.251858
          0.251857
          0.251856
          0.251855
          0.251855
          0.251854
          0.251853
          0.251853
          0.251852
          0.251852
          0.251852
          0.251851
          0.251851
          0.251851
          0.251850
          0.251850
          0.251850
          0.251850
          0.251850
          0.251850
          0.251850
          0.251850
          0.251850
          0.251849
          0.251849
          0.251849
          0.251849
          0.251849
          0.251849
          0.251849
          0.251849
          0.251849
          0.251849
          0.251849
          0.251849
          0.251849
          0.251849
          0.251849
          0.251849
          0.251849
          0.251849
          0.251849
          0.251849
          0.251849
          0.251849
          0.251849
          0.251849
          0.251849
          0.251849
          0.251849
          0.251849
          0.251849
          0.251849
          0.251849
          0.251849
          0.251849
          0.251849
          0.251849
          0.251849
          0.251849
          0.251849
          0.251849
          0.251849
          0.251849
          0.251849
          0.251850
          0.251850
          0.251850
          0.251850
          0.251850
          0.251850
          0.251850
          0.251850
          0.251850
          0.251850
          0.251850
          0.251850
          0.251850
          0.251850
          0.251850
          0.251850
          0.251850
          0.251850
          0.251850
          0.251850
          0.251850
          0.251850
          0.251850
          0.251850
          0.251850
          0.251850
          0.251850
          0.251850
          0.251850
          0.251850
          0.251850
          0.251850
          0.251850
          0.251850
          0.251850
          0.251850
          0.251850
          0.251850
          0.251850
          0.251850
          0.251850
          0.251850
          0.251850
          0.251850
          0.251850
          0.251850
          0.251850
          0.251850
          0.251850
          0.251850
          0.251850
          0.251850
          0.251850
          0.251850
          0.251850
          0.251850
          0.251850
          0.251850
          0.251850
          0.251850
          0.251850
          0.251850
          0.251850
          0.251850
          0.251850
          0.251850
          0.251850
          0.251850
          0.251850
          0.251850
          0.251850
          0.251850
          0.251850
          0.251850
          0.251850
          0.251850
          0.251850
          0.251850
          0.251850
          0.251850
          0.251850
          0.251850
          0.251850
          0.251850
          0.251850
          0.251850
          0.251850
          0.251850
          0.251850
          0.251850
          0.251850
          0.251850
          0.251850
          0.251850
          0.251850
          0.251850
          0.251850
          0.251850
          0.251850
          0.251850
          0.251850
          0.251850
          0.251850
          0.251850
          0.251850
          0.251850
          0.251850
          0.251850
          0.251850
          0.251850
          0.251850
          0.251850
          0.251850
          0.251850
          0.251850
          0.251850
          0.251850
          0.251850
          0.251850
          0.251850
          0.251850
          0.251850
          0.251850
          0.251850
          0.251850
          0.251850
          0.251850
          0.251850
          0.251850
          0.251850
          0.251850
          0.251850
          0.251850
          0.251850
          0.251850
          0.251850
          0.251850
          0.251850
