          0.039701
          0.040790
          0.040800
          0.040787
          0.040769
          0.040748
          0.040725
          0.040701
          0.040676
          0.040653
          0.040630
          0.040609
          0.040589
          0.040570
          0.040553
          0.040537
          0.040523
          0.040510
          0.040498
          0.040487
          0.040478
          0.040469
          0.040462
          0.040455
          0.040449
          0.040444
          0.040439
          0.040435
          0.040432
          0.040429
          0.040426
          0.040424
          0.040422
          0.040420
          0.040418
          0.040417
          0.040416
          0.040415
          0.040414
          0.040414
          0.040413
          0.040413
          0.040412
          0.040412
          0.040412
          0.040412
          0.040411
          0.040411
          0.040411
          0.040411
          0.040411
          0.040411
          0.040411
          0.040412
          0.040412
          0.040412
          0.040412
          0.040412
          0.040412
          0.040413
          0.040413
          0.040413
          0.040413
          0.040414
          0.040414
          0.040414
          0.040414
          0.040415
          0.040415
          0.040415
          0.040415
          0.040415
          0.040416
          0.040416
          0.040416
          0.040416
          0.040417
          0.040417
          0.040417
          0.040417
          0.040417
          0.040418
          0.040418
          0.040418
          0.040418
          0.040418
          0.040418
          0.040419
          0.040419
          0.040419
          0.040419
          0.040419
          0.040419
          0.040419
          0.040419
          0.040420
          0.040420
          0.040420
          0.040420
          0.040420
          0.040420
          0.040420
          0.040420
          0.040420
          0.040420
          0.040420
          0.040420
          0.040420
          0.040421
          0.040421
          0.040421
          0.040421
          0.040421
          0.040421
          0.040421
          0.040421
          0.040421
          0.040421
          0.040421
          0.040421
          0.040421
          0.040421
          0.040421
          0.040421
          0.040421
          0.040421
          0.040421
          0.040421
          0.040421
          0.040421
          0.040422
          0.040422
          0.040422
          0.040422
          0.040422
          0.040422
          0.040422
          0.040422
          0.040422
          0.040422
          0.040422
          0.040422
          0.040422
          0.040422
          0.040422
          0.040422
          0.040422
          0.040422
          0.040422
          0.040422
          0.040422
          0.040422
          0.040422
          0.040422
          0.040422
          0.040422
          0.040422
          0.040422
          0.040422
          0.040422
          0.040422
          0.040422
          0.040422
          0.040422
          0.040422
          0.040422
          0.040422
          0.040422
          0.040422
          0.040422
          0.040422
          0.040422
          0.040422
          0.040422
          0.040422
          0.040422
          0.040422
          0.040422
          0.040422
          0.040422
          0.040422
          0.040422
          0.040422
          0.040422
          0.040422
          0.040422
          0.040422
          0.040422
          0.040422
          0.040422
          0.040422
          0.040422
          0.040422
          0.040422
          0.040422
          0.040422
          0.040422
          0.040422
          0.040422
          0.040422
          0.040422
          0.040422
          0.040422
          0.040422
          0.040422
          0.040422
          0.040422
          0.040422
          0.040422
          0.040422
          0.040422
          0.040422
          0.040422
          0.040422
          0.040422
          0.040422
          0.040422
          0.040422
          0.040422
          0.040422
          0.040422
          0.040422
          0.040422
          0.040422
          0.040422
          0.040422
          0.040422
          0.040422
          0.040422
          0.040422
          0.040422
          0.040422
          0.040422
          0.040422
          0.040422
          0.040422
          0.040422
          0.040422
          0.040422
          0.040422
          0.040422
          0.040422
          0.040422
          0.040422
          0.040422
          0.040422
          0.040422
          0.040422
          0.040422
          0.040422
          0.040423
          0.040423
