          0.211889
          0.212011
          0.212071
          0.212092
          0.212086
          0.212064
          0.212032
          0.211994
          0.211954
          0.211914
          0.211874
          0.211837
          0.211801
          0.211769
          0.211738
          0.211711
          0.211686
          0.211663
          0.211642
          0.211623
          0.211606
          0.211591
          0.211577
          0.211564
          0.211552
          0.211542
          0.211533
          0.211524
          0.211516
          0.211509
          0.211503
          0.211497
          0.211492
          0.211487
          0.211482
          0.211478
          0.211474
          0.211471
          0.211468
          0.211465
          0.211462
          0.211460
          0.211458
          0.211456
          0.211454
          0.211452
          0.211451
          0.211449
          0.211448
          0.211447
          0.211446
          0.211445
          0.211444
          0.211443
          0.211442
          0.211441
          0.211441
          0.211440
          0.211440
          0.211439
          0.211438
          0.211438
          0.211437
          0.211437
          0.211437
          0.211436
          0.211436
          0.211435
          0.211435
          0.211435
          0.211434
          0.211434
          0.211434
          0.211433
          0.211433
          0.211433
          0.211433
          0.211432
          0.211432
          0.211432
          0.211432
          0.211432
          0.211431
          0.211431
          0.211431
          0.211431
          0.211431
          0.211431
          0.211431
          0.211430
          0.211430
          0.211430
          0.211430
          0.211430
          0.211430
          0.211430
          0.211430
          0.211430
          0.211429
          0.211429
          0.211429
          0.211429
          0.211429
          0.211429
          0.211429
          0.211429
          0.211429
          0.211429
          0.211429
          0.211429
          0.211429
          0.211429
          0.211429
          0.211429
          0.211429
          0.211429
          0.211429
          0.211428
          0.211428
          0.211428
          0.211428
          0.211428
          0.211428
          0.211428
          0.211428
          0.211428
          0.211428
          0.211428
          0.211428
          0.211428
          0.211428
          0.211428
          0.211428
          0.211428
          0.211428
          0.211428
          0.211428
          0.211428
          0.211428
          0.211428
          0.211428
          0.211428
          0.211428
          0.211428
          0.211428
          0.211428
          0.211428
          0.211428
          0.211428
          0.211428
          0.211428
          0.211428
          0.211428
          0.211428
          0.211428
          0.211428
          0.211428
          0.211428
          0.211428
          0.211428
          0.211428
          0.211428
          0.211428
          0.211428
          0.211428
          0.211428
          0.211428
          0.211428
          0.211428
          0.211428
          0.211428
          0.211428
          0.211428
          0.211428
          0.211428
          0.211428
          0.211428
          0.211428
          0.211428
          0.211428
          0.211428
          0.211428
          0.211428
          0.211428
          0.211428
          0.211428
          0.211428
          0.211428
          0.211428
          0.211428
          0.211428
          0.211428
          0.211428
          0.211428
          0.211428
          0.211428
          0.211428
          0.211428
          0.211428
          0.211428
          0.211428
          0.211428
          0.211428
          0.211428
          0.211428
          0.211428
          0.211428
          0.211428
          0.211428
          0.211428
          0.211428
          0.211428
          0.211428
          0.211428
          0.211428
          0.211428
          0.211428
          0.211428
          0.211428
          0.211428
          0.211428
          0.211428
          0.211428
          0.211428
          0.211428
          0.211428
          0.211428
          0.211428
          0.211428
          0.211428
          0.211428
          0.211428
          0.211428
          0.211428
          0.211428
          0.211428
          0.211428
          0.211428
          0.211428
          0.211428
          0.211428
          0.211428
          0.211428
          0.211428
          0.211428
          0.211428
          0.211428
          0.211428
          0.211428
          0.211428
          0.211428
          0.211428
