          1.761539
          1.761650
          1.761724
          1.761766
          1.761784
          1.761785
          1.761773
          1.761751
          1.761725
          1.761695
          1.761663
          1.761631
          1.761601
          1.761571
          1.761544
          1.761518
          1.761495
          1.761474
          1.761456
          1.761439
          1.761425
          1.761413
          1.761402
          1.761393
          1.761386
          1.761379
          1.761375
          1.761371
          1.761368
          1.761366
          1.761365
          1.761364
          1.761364
          1.761365
          1.761366
          1.761367
          1.761369
          1.761370
          1.761372
          1.761374
          1.761376
          1.761379
          1.761381
          1.761383
          1.761386
          1.761388
          1.761390
          1.761392
          1.761395
          1.761396
          1.761398
          1.761400
          1.761402
          1.761404
          1.761406
          1.761408
          1.761410
          1.761412
          1.761413
          1.761415
          1.761416
          1.761418
          1.761419
          1.761421
          1.761422
          1.761424
          1.761425
          1.761426
          1.761427
          1.761428
          1.761429
          1.761430
          1.761431
          1.761432
          1.761433
          1.761434
          1.761434
          1.761435
          1.761436
          1.761436
          1.761437
          1.761437
          1.761438
          1.761439
          1.761439
          1.761439
          1.761440
          1.761440
          1.761441
          1.761441
          1.761441
          1.761441
          1.761442
          1.761442
          1.761442
          1.761442
          1.761442
          1.761443
          1.761443
          1.761443
          1.761443
          1.761443
          1.761443
          1.761443
          1.761443
          1.761443
          1.761443
          1.761443
          1.761443
          1.761443
          1.761443
          1.761443
          1.761443
          1.761443
          1.761443
          1.761443
          1.761443
          1.761443
          1.761443
          1.761443
          1.761443
          1.761443
          1.761443
          1.761443
          1.761443
          1.761442
          1.761442
          1.761442
          1.761442
          1.761442
          1.761442
          1.761442
          1.761442
          1.761442
          1.761442
          1.761442
          1.761442
          1.761442
          1.761441
          1.761441
          1.761441
          1.761441
          1.761441
          1.761441
          1.761441
          1.761441
          1.761441
          1.761440
          1.761440
          1.761440
          1.761440
          1.761440
          1.761440
          1.761440
          1.761440
          1.761439
          1.761439
          1.761439
          1.761439
          1.761439
          1.761439
          1.761439
          1.761439
          1.761439
          1.761439
          1.761439
          1.761439
          1.761438
          1.761438
          1.761438
          1.761438
          1.761438
          1.761438
          1.761438
          1.761438
          1.761438
          1.761438
          1.761438
          1.761438
          1.761438
          1.761438
          1.761438
          1.761438
          1.761437
          1.761437
          1.761437
          1.761437
          1.761437
          1.761437
          1.761437
          1.761437
          1.761437
          1.761437
          1.761436
          1.761436
          1.761436
          1.761436
          1.761436
          1.761436
          1.761436
          1.761436
          1.761436
          1.761436
          1.761436
          1.761436
          1.761436
          1.761436
          1.761435
          1.761435
          1.761435
          1.761435
          1.761435
          1.761435
          1.761435
          1.761435
          1.761435
          1.761435
          1.761435
          1.761435
          1.761435
          1.761435
          1.761435
          1.761435
          1.761435
          1.761435
          1.761435
          1.761435
          1.761435
          1.761435
          1.761435
          1.761435
          1.761435
          1.761435
          1.761435
          1.761434
          1.761434
          1.761434
          1.761434
          1.761434
          1.761434
          1.761434
          1.761434
          1.761434
          1.761434
          1.761434
          1.761433
          1.761433
          1.761433
          1.761433
          1.761433
          1.761433
          1.761433
