          1.510019
          1.510882
          1.510856
          1.510786
          1.510706
          1.510618
          1.510528
          1.510442
          1.510364
          1.510293
          1.510223
          1.510162
          1.510107
          1.510058
          1.510013
          1.509974
          1.509940
          1.509909
          1.509883
          1.509859
          1.509839
          1.509822
          1.509807
          1.509795
          1.509784
          1.509775
          1.509767
          1.509761
          1.509756
          1.509752
          1.509750
          1.509749
          1.509748
          1.509747
          1.509747
          1.509747
          1.509748
          1.509749
          1.509750
          1.509751
          1.509753
          1.509754
          1.509756
          1.509757
          1.509759
          1.509761
          1.509764
          1.509766
          1.509768
          1.509771
          1.509763
          1.509767
          1.509770
          1.509772
          1.509774
          1.509776
          1.509777
          1.509779
          1.509780
          1.509782
          1.509783
          1.509784
          1.509785
          1.509787
          1.509788
          1.509789
          1.509790
          1.509791
          1.509792
          1.509793
          1.509794
          1.509795
          1.509795
          1.509796
          1.509797
          1.509798
          1.509799
          1.509799
          1.509800
          1.509800
          1.509801
          1.509802
          1.509802
          1.509803
          1.509803
          1.509804
          1.509804
          1.509804
          1.509805
          1.509805
          1.509805
          1.509806
          1.509806
          1.509806
          1.509806
          1.509807
          1.509807
          1.509807
          1.509807
          1.509807
          1.509807
          1.509807
          1.509807
          1.509807
          1.509807
          1.509807
          1.509807
          1.509808
          1.509808
          1.509808
          1.509808
          1.509808
          1.509807
          1.509807
          1.509807
          1.509807
          1.509807
          1.509807
          1.509807
          1.509807
          1.509807
          1.509807
          1.509807
          1.509807
          1.509807
          1.509807
          1.509807
          1.509807
          1.509807
          1.509807
          1.509807
          1.509807
          1.509807
          1.509807
          1.509807
          1.509807
          1.509807
          1.509807
          1.509807
          1.509807
          1.509807
          1.509806
          1.509806
          1.509806
          1.509806
          1.509806
          1.509806
          1.509806
          1.509806
          1.509805
          1.509805
          1.509805
          1.509805
          1.509805
          1.509805
          1.509805
          1.509805
          1.509805
          1.509804
          1.509804
          1.509804
          1.509804
          1.509804
          1.509804
          1.509804
          1.509804
          1.509804
          1.509804
          1.509804
          1.509804
          1.509804
          1.509804
          1.509804
          1.509804
          1.509804
          1.509804
          1.509804
          1.509804
          1.509804
          1.509804
          1.509804
          1.509804
          1.509804
          1.509804
          1.509803
          1.509803
          1.509803
          1.509803
          1.509803
          1.509803
          1.509803
          1.509803
          1.509802
          1.509802
          1.509802
          1.509802
          1.509802
          1.509802
          1.509802
          1.509802
          1.509802
          1.509802
          1.509802
          1.509801
          1.509801
          1.509801
          1.509802
          1.509802
          1.509802
          1.509802
          1.509802
          1.509802
          1.509802
          1.509802
          1.509802
          1.509802
          1.509802
          1.509802
          1.509802
          1.509802
          1.509802
          1.509802
          1.509802
          1.509802
          1.509802
          1.509802
          1.509802
          1.509802
          1.509802
          1.509801
          1.509801
          1.509801
          1.509801
          1.509801
          1.509801
          1.509801
          1.509800
          1.509800
          1.509800
          1.509800
          1.509800
          1.509800
          1.509800
          1.509800
          1.509799
          1.509799
          1.509799
          1.509799
          1.509799
          1.509799
          1.509799
          1.509799
