          0.008662
          0.008669
          0.008668
          0.008667
          0.008666
          0.008664
          0.008662
          0.008661
          0.008659
          0.008657
          0.008656
          0.008654
          0.008653
          0.008652
          0.008650
          0.008649
          0.008648
          0.008647
          0.008646
          0.008645
          0.008645
          0.008644
          0.008643
          0.008643
          0.008642
          0.008642
          0.008641
          0.008641
          0.008641
          0.008640
          0.008640
          0.008640
          0.008639
          0.008639
          0.008639
          0.008639
          0.008639
          0.008638
          0.008638
          0.008638
          0.008638
          0.008638
          0.008638
          0.008638
          0.008638
          0.008638
          0.008638
          0.008637
          0.008637
          0.008637
          0.008637
          0.008637
          0.008637
          0.008637
          0.008637
          0.008637
          0.008637
          0.008637
          0.008637
          0.008637
          0.008637
          0.008637
          0.008637
          0.008637
          0.008637
          0.008637
          0.008637
          0.008637
          0.008637
          0.008637
          0.008637
          0.008637
          0.008637
          0.008637
          0.008637
          0.008637
          0.008637
          0.008637
          0.008637
          0.008637
          0.008637
          0.008637
          0.008637
          0.008637
          0.008637
          0.008637
          0.008637
          0.008637
          0.008637
          0.008637
          0.008637
          0.008637
          0.008637
          0.008637
          0.008637
          0.008637
          0.008637
          0.008637
          0.008637
          0.008637
          0.008637
          0.008637
          0.008637
          0.008637
          0.008637
          0.008637
          0.008637
          0.008637
          0.008637
          0.008637
          0.008637
          0.008637
          0.008637
          0.008637
          0.008637
          0.008637
          0.008637
          0.008637
          0.008637
          0.008637
          0.008637
          0.008637
          0.008637
          0.008637
          0.008637
          0.008637
          0.008637
          0.008637
          0.008637
          0.008637
          0.008637
          0.008637
          0.008637
          0.008637
          0.008637
          0.008637
          0.008637
          0.008637
          0.008637
          0.008637
          0.008637
          0.008637
          0.008637
          0.008637
          0.008637
          0.008637
          0.008637
          0.008637
          0.008637
          0.008637
          0.008637
          0.008637
          0.008637
          0.008637
          0.008637
          0.008637
          0.008637
          0.008637
          0.008637
          0.008637
          0.008637
          0.008637
          0.008637
          0.008637
          0.008637
          0.008637
          0.008637
          0.008637
          0.008637
          0.008637
          0.008637
          0.008637
          0.008637
          0.008637
          0.008637
          0.008637
          0.008637
          0.008637
          0.008637
          0.008637
          0.008637
          0.008637
          0.008637
          0.008637
          0.008637
          0.008637
          0.008637
          0.008637
          0.008637
          0.008637
          0.008637
          0.008637
          0.008637
          0.008637
          0.008637
          0.008637
          0.008637
          0.008637
          0.008637
          0.008637
          0.008637
          0.008637
          0.008637
          0.008637
          0.008637
          0.008637
          0.008637
          0.008637
          0.008637
          0.008637
          0.008637
          0.008637
          0.008637
          0.008637
          0.008637
          0.008637
          0.008637
          0.008637
          0.008637
          0.008637
          0.008637
          0.008637
          0.008637
          0.008637
          0.008637
          0.008637
          0.008637
          0.008637
          0.008637
          0.008637
          0.008637
          0.008637
          0.008637
          0.008637
          0.008637
          0.008637
          0.008637
          0.008637
          0.008637
          0.008637
          0.008637
          0.008637
          0.008637
          0.008637
          0.008637
          0.008637
          0.008637
          0.008637
          0.008637
          0.008637
          0.008637
          0.008637
          1.000153
          1.000149
          1.000140
          1.000131
          1.000121
          1.000111
          1.000101
          1.000092
          1.000083
          1.000074
          1.000066
          1.000058
          1.000051
          1.000045
          1.000039
          1.000034
          1.000029
          1.000025
          1.000021
          1.000018
          1.000015
          1.000012
          1.000010
          1.000008
          1.000006
          1.000004
          1.000003
          1.000002
          1.000001
          1.000000
          0.999999
          0.999998
          0.999998
          0.999997
          0.999997
          0.999996
          0.999996
          0.999996
          0.999996
          0.999995
          0.999995
          0.999995
          0.999995
          0.999995
          0.999995
          0.999995
          0.999995
          0.999995
          0.999995
          0.999995
          0.999995
          0.999995
          0.999995
          0.999995
          0.999995
          0.999995
          0.999995
          0.999995
          0.999995
          0.999996
          0.999996
          0.999996
          0.999996
          0.999996
          0.999996
          0.999996
          0.999996
          0.999996
          0.999996
          0.999997
          0.999997
          0.999997
          0.999997
          0.999997
          0.999997
          0.999997
          0.999997
          0.999997
          0.999997
          0.999998
          0.999998
          0.999998
          0.999998
          0.999998
          0.999998
          0.999998
          0.999998
          0.999998
          0.999998
          0.999998
          0.999998
          0.999998
          0.999998
          0.999998
          0.999998
          0.999998
          0.999998
          0.999999
          0.999999
          0.999999
          0.999999
          0.999999
          0.999999
          0.999999
          0.999999
          0.999999
          0.999999
          0.999999
          0.999999
          0.999999
          0.999999
          0.999999
          0.999999
          0.999999
          0.999999
          0.999999
          0.999999
          0.999999
          0.999999
          0.999999
          0.999999
          0.999999
          0.999999
          0.999999
          0.999999
          0.999999
          0.999999
          0.999999
          0.999999
          0.999999
          0.999999
          0.999999
          0.999999
          0.999999
          0.999999
          0.999999
          0.999999
          0.999999
          0.999999
          0.999999
          0.999999
          0.999999
          0.999999
          0.999999
          0.999999
          0.999999
          0.999999
          0.999999
          0.999999
          0.999999
          0.999999
          0.999999
          0.999999
          0.999999
          0.999999
          1.000000
          1.000000
          1.000000
          1.000000
          1.000000
          1.000000
          1.000000
          1.000000
          1.000000
          1.000000
          1.000000
          1.000000
          1.000000
          1.000000
          1.000000
          1.000000
          1.000000
          1.000000
          1.000000
          1.000000
          1.000000
          1.000000
          1.000000
          1.000000
          1.000000
          1.000000
          1.000000
          1.000000
          1.000000
          1.000000
          1.000000
          1.000000
          1.000000
          1.000000
          1.000000
          1.000000
          1.000000
          1.000000
          1.000000
          1.000000
          1.000000
          1.000000
          1.000000
          1.000000
          1.000000
          1.000000
          1.000000
          1.000000
          1.000000
          1.000000
          1.000000
          1.000000
          1.000000
          1.000000
          1.000000
          1.000000
          1.000000
          1.000000
          1.000000
          1.000000
          1.000000
          1.000000
          1.000000
          1.000000
          1.000000
          1.000000
          1.000000
          1.000000
          1.000000
          1.000000
          1.000000
          1.000000
          1.000000
          1.000000
          1.000000
          1.000000
          1.000000
          1.000000
          1.000000
          1.000000
          1.000000
          1.000000
          1.000000
          1.000000
          1.000000
          1.000000
          1.000000
          1.000000
          1.000000
          1.000000
          1.000000
          1.000000
          1.000000
          1.000000
          1.000000
          1.000000
          1.000000
          1.510019
          1.510882
          1.510856
          1.510786
          1.510706
          1.510618
          1.510528
          1.510442
          1.510364
          1.510293
          1.510223
          1.510162
          1.510107
          1.510058
          1.510013
          1.509974
          1.509940
          1.509909
          1.509883
          1.509859
          1.509839
          1.509822
          1.509807
          1.509795
          1.509784
          1.509775
          1.509767
          1.509761
          1.509756
          1.509752
          1.509750
          1.509749
          1.509748
          1.509747
          1.509747
          1.509747
          1.509748
          1.509749
          1.509750
          1.509751
          1.509753
          1.509754
          1.509756
          1.509757
          1.509759
          1.509761
          1.509764
          1.509766
          1.509768
          1.509771
          1.509763
          1.509767
          1.509770
          1.509772
          1.509774
          1.509776
          1.509777
          1.509779
          1.509780
          1.509782
          1.509783
          1.509784
          1.509785
          1.509787
          1.509788
          1.509789
          1.509790
          1.509791
          1.509792
          1.509793
          1.509794
          1.509795
          1.509795
          1.509796
          1.509797
          1.509798
          1.509799
          1.509799
          1.509800
          1.509800
          1.509801
          1.509802
          1.509802
          1.509803
          1.509803
          1.509804
          1.509804
          1.509804
          1.509805
          1.509805
          1.509805
          1.509806
          1.509806
          1.509806
          1.509806
          1.509807
          1.509807
          1.509807
          1.509807
          1.509807
          1.509807
          1.509807
          1.509807
          1.509807
          1.509807
          1.509807
          1.509807
          1.509808
          1.509808
          1.509808
          1.509808
          1.509808
          1.509807
          1.509807
          1.509807
          1.509807
          1.509807
          1.509807
          1.509807
          1.509807
          1.509807
          1.509807
          1.509807
          1.509807
          1.509807
          1.509807
          1.509807
          1.509807
          1.509807
          1.509807
          1.509807
          1.509807
          1.509807
          1.509807
          1.509807
          1.509807
          1.509807
          1.509807
          1.509807
          1.509807
          1.509807
          1.509806
          1.509806
          1.509806
          1.509806
          1.509806
          1.509806
          1.509806
          1.509806
          1.509805
          1.509805
          1.509805
          1.509805
          1.509805
          1.509805
          1.509805
          1.509805
          1.509805
          1.509804
          1.509804
          1.509804
          1.509804
          1.509804
          1.509804
          1.509804
          1.509804
          1.509804
          1.509804
          1.509804
          1.509804
          1.509804
          1.509804
          1.509804
          1.509804
          1.509804
          1.509804
          1.509804
          1.509804
          1.509804
          1.509804
          1.509804
          1.509804
          1.509804
          1.509804
          1.509803
          1.509803
          1.509803
          1.509803
          1.509803
          1.509803
          1.509803
          1.509803
          1.509802
          1.509802
          1.509802
          1.509802
          1.509802
          1.509802
          1.509802
          1.509802
          1.509802
          1.509802
          1.509802
          1.509801
          1.509801
          1.509801
          1.509802
          1.509802
          1.509802
          1.509802
          1.509802
          1.509802
          1.509802
          1.509802
          1.509802
          1.509802
          1.509802
          1.509802
          1.509802
          1.509802
          1.509802
          1.509802
          1.509802
          1.509802
          1.509802
          1.509802
          1.509802
          1.509802
          1.509802
          1.509801
          1.509801
          1.509801
          1.509801
          1.509801
          1.509801
          1.509801
          1.509800
          1.509800
          1.509800
          1.509800
          1.509800
          1.509800
          1.509800
          1.509800
          1.509799
          1.509799
          1.509799
          1.509799
          1.509799
          1.509799
          1.509799
          1.509799
          0.686787
          0.686418
          0.685123
          0.684318
          0.683710
          0.683243
          0.682881
          0.682598
          0.682401
          0.682249
          0.682119
          0.682012
          0.681920
          0.681840
          0.681771
          0.681711
          0.681658
          0.681612
          0.681571
          0.681535
          0.681502
          0.681474
          0.681449
          0.681427
          0.681407
          0.681390
          0.681376
          0.681363
          0.681351
          0.681342
          0.681336
          0.681331
          0.681327
          0.681323
          0.681320
          0.681318
          0.681316
          0.681314
          0.681313
          0.681312
          0.681311
          0.681311
          0.681310
          0.681310
          0.681311
          0.681311
          0.681312
          0.681313
          0.681314
          0.681315
          0.681310
          0.681311
          0.681313
          0.681314
          0.681315
          0.681316
          0.681317
          0.681318
          0.681319
          0.681320
          0.681320
          0.681321
          0.681322
          0.681322
          0.681323
          0.681324
          0.681324
          0.681325
          0.681326
          0.681326
          0.681327
          0.681327
          0.681328
          0.681328
          0.681329
          0.681329
          0.681330
          0.681330
          0.681331
          0.681331
          0.681331
          0.681332
          0.681332
          0.681332
          0.681333
          0.681333
          0.681333
          0.681334
          0.681334
          0.681334
          0.681334
          0.681335
          0.681335
          0.681335
          0.681335
          0.681335
          0.681335
          0.681336
          0.681336
          0.681336
          0.681336
          0.681336
          0.681336
          0.681336
          0.681336
          0.681336
          0.681336
          0.681337
          0.681337
          0.681337
          0.681337
          0.681337
          0.681337
          0.681337
          0.681337
          0.681337
          0.681337
          0.681337
          0.681337
          0.681337
          0.681337
          0.681337
          0.681337
          0.681337
          0.681337
          0.681337
          0.681337
          0.681338
          0.681338
          0.681338
          0.681338
          0.681338
          0.681338
          0.681338
          0.681338
          0.681338
          0.681338
          0.681338
          0.681338
          0.681338
          0.681338
          0.681338
          0.681337
          0.681337
          0.681337
          0.681337
          0.681337
          0.681337
          0.681337
          0.681337
          0.681337
          0.681337
          0.681337
          0.681337
          0.681337
          0.681337
          0.681337
          0.681337
          0.681337
          0.681337
          0.681337
          0.681337
          0.681337
          0.681337
          0.681337
          0.681337
          0.681337
          0.681337
          0.681337
          0.681337
          0.681337
          0.681337
          0.681337
          0.681337
          0.681337
          0.681337
          0.681337
          0.681337
          0.681337
          0.681337
          0.681337
          0.681337
          0.681337
          0.681337
          0.681337
          0.681337
          0.681337
          0.681337
          0.681337
          0.681337
          0.681337
          0.681337
          0.681337
          0.681337
          0.681337
          0.681337
          0.681336
          0.681336
          0.681336
          0.681336
          0.681336
          0.681336
          0.681336
          0.681336
          0.681336
          0.681337
          0.681337
          0.681337
          0.681337
          0.681337
          0.681337
          0.681337
          0.681337
          0.681337
          0.681337
          0.681337
          0.681337
          0.681337
          0.681337
          0.681337
          0.681337
          0.681337
          0.681337
          0.681337
          0.681337
          0.681337
          0.681337
          0.681337
          0.681337
          0.681337
          0.681337
          0.681337
          0.681336
          0.681336
          0.681336
          0.681336
          0.681336
          0.681336
          0.681336
          0.681336
          0.681336
          0.681336
          0.681336
          0.681336
          0.681336
          0.681336
          0.681336
          0.681336
          0.681336
          0.681336
          0.681336
          0.681336
         -0.003613
         -0.000726
         -0.000721
         -0.000689
         -0.000648
         -0.000601
         -0.000550
         -0.000499
         -0.000451
         -0.000406
         -0.000361
         -0.000321
         -0.000284
         -0.000249
         -0.000218
         -0.000190
         -0.000164
         -0.000142
         -0.000121
         -0.000103
         -0.000086
         -0.000072
         -0.000059
         -0.000048
         -0.000038
         -0.000029
         -0.000021
         -0.000014
         -0.000008
         -0.000003
          0.000001
          0.000004
          0.000007
          0.000010
          0.000012
          0.000014
          0.000015
          0.000016
          0.000017
          0.000018
          0.000019
          0.000019
          0.000020
          0.000020
          0.000020
          0.000020
          0.000020
          0.000019
          0.000019
          0.000018
          0.000022
          0.000021
          0.000020
          0.000020
          0.000019
          0.000019
          0.000019
          0.000018
          0.000018
          0.000018
          0.000017
          0.000017
          0.000016
          0.000016
          0.000016
          0.000015
          0.000015
          0.000014
          0.000014
          0.000014
          0.000013
          0.000013
          0.000012
          0.000012
          0.000012
          0.000011
          0.000011
          0.000010
          0.000010
          0.000010
          0.000009
          0.000009
          0.000009
          0.000009
          0.000008
          0.000008
          0.000008
          0.000007
          0.000007
          0.000007
          0.000007
          0.000006
          0.000006
          0.000006
          0.000006
          0.000006
          0.000006
          0.000005
          0.000005
          0.000005
          0.000005
          0.000005
          0.000005
          0.000005
          0.000004
          0.000004
          0.000004
          0.000004
          0.000004
          0.000004
          0.000004
          0.000004
          0.000004
          0.000004
          0.000004
          0.000003
          0.000003
          0.000003
          0.000003
          0.000003
          0.000003
          0.000003
          0.000003
          0.000003
          0.000003
          0.000003
          0.000003
          0.000003
          0.000002
          0.000002
          0.000002
          0.000002
          0.000002
          0.000002
          0.000002
          0.000002
          0.000002
          0.000002
          0.000002
          0.000002
          0.000002
          0.000002
          0.000002
          0.000002
          0.000002
          0.000002
          0.000002
          0.000002
          0.000002
          0.000002
          0.000002
          0.000002
          0.000002
          0.000002
          0.000002
          0.000002
          0.000002
          0.000002
          0.000002
          0.000002
          0.000002
          0.000002
          0.000002
          0.000002
          0.000002
          0.000002
          0.000002
          0.000001
          0.000001
          0.000001
          0.000001
          0.000001
          0.000001
          0.000001
          0.000001
          0.000001
          0.000001
          0.000001
          0.000001
          0.000001
          0.000001
          0.000001
          0.000001
          0.000001
          0.000001
          0.000001
          0.000001
          0.000001
          0.000001
          0.000001
          0.000001
          0.000001
          0.000001
          0.000001
          0.000001
          0.000001
          0.000001
          0.000001
          0.000001
          0.000001
          0.000001
          0.000001
          0.000001
          0.000001
          0.000001
          0.000001
          0.000001
          0.000001
          0.000001
          0.000001
          0.000001
          0.000001
          0.000001
          0.000001
          0.000001
          0.000001
          0.000001
          0.000001
          0.000001
          0.000001
          0.000001
          0.000001
          0.000001
          0.000001
          0.000001
          0.000001
          0.000001
          0.000001
          0.000001
          0.000001
          0.000001
          0.000001
          0.000001
          0.000001
          0.000001
          0.000001
          0.000001
          0.000001
          0.000001
          0.000001
          0.000002
          0.000002
          0.000002
          0.000002
          0.000002
          0.000002
          0.000002
          0.000002
          0.000002
          0.000002
          0.000002
          0.000002
