  8.661911592316947E-003  8.668937649268261E-003  8.668302408995694E-003
  8.667127356428187E-003  8.665736224126733E-003  8.664153982451378E-003
  8.662469632050626E-003  8.660756226887615E-003  8.659060195998240E-003
  8.657411212422540E-003  8.655801650791632E-003  8.654297735615116E-003
  8.652881073219864E-003  8.651554842209088E-003  8.650321177249665E-003
  8.649177812701718E-003  8.648122232196317E-003  8.647149211188187E-003
  8.646252377947935E-003  8.645428244061542E-003  8.644672806001915E-003
  8.643981176000459E-003  8.643348745035001E-003  8.642770875258452E-003
  8.642243177336013E-003  8.641761706557489E-003  8.641322727116645E-003
  8.640922739066883E-003  8.640558916782238E-003  8.640228397230951E-003
  8.639928464810350E-003  8.639655191295822E-003  8.639406108478860E-003
  8.639178823555463E-003  8.638971413539974E-003  8.638781975407491E-003
  8.638608954680915E-003  8.638450593166466E-003  8.638305728941181E-003
  8.638172941841424E-003  8.638051238752300E-003  8.637939553718386E-003
  8.637837000954019E-003  8.637742614396156E-003  8.637655238620272E-003
  8.637574804525400E-003  8.637500797605229E-003  8.637432857294706E-003
  8.637370764129446E-003  8.637315241644109E-003  8.637271133729463E-003
  8.637210770704352E-003  8.637156561152626E-003  8.637107761665192E-003
  8.637063500095136E-003  8.637023577080689E-003  8.636987539745351E-003
  8.636955099089462E-003  8.636925873377029E-003  8.636899852523819E-003
  8.636876583944932E-003  8.636855937055878E-003  8.636837946131896E-003
  8.636822204612635E-003  8.636808523453087E-003  8.636796812005579E-003
  8.636787091231222E-003  8.636778950799057E-003  8.636772312293673E-003
  8.636767105427410E-003  8.636763067670200E-003  8.636760278229270E-003
  8.636758468990589E-003  8.636757777956725E-003  8.636757886614312E-003
  8.636758809153811E-003  8.636760438875095E-003  8.636762716191862E-003
  8.636765501692428E-003  8.636768880848841E-003  8.636772686832314E-003
  8.636776819830896E-003  8.636781333542376E-003  8.636786073155264E-003
  8.636791156571476E-003  8.636796458321295E-003  8.636801811753953E-003
  8.636807376767804E-003  8.636813018238898E-003  8.636818837304324E-003
  8.636824611913192E-003  8.636830376796393E-003  8.636836105334661E-003
  8.636841926113390E-003  8.636847728152815E-003  8.636853428899197E-003
  8.636859184716275E-003  8.636864910822085E-003  8.636870489021313E-003
  8.636876093808728E-003  8.636881635777844E-003  8.636887195709783E-003
  8.636892625456010E-003  8.636898037454569E-003  8.636903532279252E-003
  8.636908978150682E-003  8.636914324647695E-003  8.636919864572911E-003
  8.636925308783502E-003  8.636930777747598E-003  8.636936285691579E-003
  8.636941860126276E-003  8.636947496910746E-003  8.636953063916895E-003
  8.636958713934093E-003  8.636964407759533E-003  8.636970122217542E-003
  8.636975944745931E-003  8.636981764086610E-003  8.636987480298822E-003
  8.636993295077826E-003  8.636999034384810E-003  8.637004798687431E-003
  8.637010555793963E-003  8.637016184053834E-003  8.637021839558280E-003
  8.637027349739503E-003  8.637032766098528E-003  8.637038105134599E-003
  8.637043262957467E-003  8.637048385311531E-003  8.637053315932380E-003
  8.637058010959674E-003  8.637062640067420E-003  8.637067122222760E-003
  8.637071389010213E-003  8.637075427355718E-003  8.637079448588863E-003
  8.637083240175893E-003  8.637086785899839E-003  8.637090207959663E-003
  8.637093579676116E-003  8.637096827248206E-003  8.637099879641584E-003
  8.637103002350020E-003  8.637105987990720E-003  8.637108829970711E-003
  8.637111716974410E-003  8.637114629769446E-003  8.637117423834892E-003
  8.637120314174355E-003  8.637123310695273E-003  8.637126355044109E-003
  8.637129417372337E-003  8.637132586780867E-003  8.637135871790035E-003
  8.637139210547894E-003  8.637142678573153E-003  8.637146178379270E-003
  8.637149852871480E-003  8.637153667001065E-003  8.637157533255297E-003
  8.637161328268831E-003  8.637165452609655E-003  8.637169361199754E-003
  8.637173358102523E-003  8.637177410471111E-003  8.637181435451587E-003
  8.637185392607914E-003  8.637189193933564E-003  8.637193093953511E-003
  8.637196737750522E-003  8.637200235606881E-003  8.637203671939880E-003
  8.637206848779512E-003  8.637209841464063E-003  8.637212676033186E-003
  8.637215309545367E-003  8.637217658478474E-003  8.637219896237541E-003
  8.637221830368505E-003  8.637223599266140E-003  8.637225067806911E-003
  8.637226519945590E-003  8.637227725428605E-003  8.637228759677115E-003
  8.637229604844164E-003  8.637230453077337E-003  8.637231073855303E-003
  8.637231978000154E-003  8.637232594631662E-003  8.637233377859916E-003
  8.637234152564240E-003  8.637235109417444E-003  8.637235965494473E-003
  8.637237005642102E-003  8.637238333167789E-003  8.637239793663367E-003
  8.637241297666718E-003  8.637243193658271E-003  8.637245168523735E-003
  8.637247462775688E-003  8.637249783757017E-003  8.637252346491707E-003
  8.637255063484414E-003  8.637258007076124E-003  8.637261100710083E-003
  8.637264335424274E-003  8.637267511388023E-003  8.637270874791513E-003
  8.637274038170540E-003  8.637277264914650E-003  8.637280428838330E-003
  8.637283425632721E-003  8.637286272220039E-003  8.637288981857928E-003
  8.637291313309736E-003  8.637293697829226E-003  8.637295602401720E-003
  8.637297215178781E-003  8.637298564433968E-003  8.637299620056622E-003
  8.637300219439351E-003  8.637300564285660E-003  8.637300642890366E-003
  8.637300284619528E-003  8.637299652946273E-003  8.637298790232371E-003
  8.637297614237059E-003  8.637296394958541E-003  8.637294798283223E-003
  8.637293249055086E-003  8.637291390837468E-003  8.637289733099121E-003
  8.637287963644300E-003  8.637286198183301E-003  8.637284491016724E-003
  8.637282976321116E-003  8.637281530756604E-003  8.637280201505042E-003
  8.637279031876716E-003  8.637277994377225E-003  8.637277180309603E-003
  8.637276364496963E-003  8.637275717383491E-003  8.637275216556942E-003
  8.637274556664687E-003  8.637273897620042E-003  8.637272817550742E-003
  8.637271466806620E-003  8.637269668834381E-003  8.637267146823148E-003
   1.00015293939393        1.00014860512508        1.00014039587719     
   1.00013111715699        1.00012129496280        1.00011128236219     
   1.00010136349860        1.00009174183789        1.00008255376808     
   1.00007388522345        1.00006578699171        1.00005829241497     
   1.00005139696870        1.00004508985018        1.00003935020434     
   1.00003414982174        1.00002945647926        1.00002523551570     
   1.00002145187346        1.00001807132177        1.00001506009518     
   1.00001238549997        1.00001001654331        1.00000792408149     
   1.00000608098613        1.00000446215121        1.00000304438241     
   1.00000180632872        1.00000072837437       0.999999792366461     
  0.999998981564435       0.999998280513293       0.999997676024470     
  0.999997156517407       0.999996711838140       0.999996332988027     
  0.999996012030131       0.999995741909476       0.999995516467048     
  0.999995330197997       0.999995178298894       0.999995056491529     
  0.999994961014174       0.999994888529625       0.999994836113799     
  0.999994801336220       0.999994782141734       0.999994776951973     
  0.999994784639722       0.999994804578431       0.999994836543166     
  0.999994880077085       0.999994937139491       0.999995004502848     
  0.999995080016367       0.999995162235050       0.999995249989770     
  0.999995342358687       0.999995438554943       0.999995537920627     
  0.999995639789334       0.999995743621647       0.999995848895963     
  0.999995955056910       0.999996061661194       0.999996168309917     
  0.999996274615241       0.999996380167726       0.999996484679718     
  0.999996587878459       0.999996689504081       0.999996789371308     
  0.999996887259897       0.999996983027044       0.999997076477498     
  0.999997167512436       0.999997256022851       0.999997341928806     
  0.999997425165509       0.999997505708693       0.999997583502628     
  0.999997658542599       0.999997730853784       0.999997800441708     
  0.999997867359083       0.999997931617987       0.999997993270415     
  0.999998052422087       0.999998109125656       0.999998163474931     
  0.999998215531285       0.999998265427740       0.999998313284718     
  0.999998359227601       0.999998403336903       0.999998445726796     
  0.999998486534785       0.999998525844068       0.999998563761535     
  0.999998600428100       0.999998635921833       0.999998670343387     
  0.999998703761266       0.999998736285407       0.999998767981068     
  0.999998798872531       0.999998829019688       0.999998858490204     
  0.999998887248808       0.999998915346472       0.999998942787794     
  0.999998969564869       0.999998995654500       0.999999021029446     
  0.999999045699754       0.999999069620431       0.999999092754266     
  0.999999115067323       0.999999136496219       0.999999157013667     
  0.999999176624781       0.999999195269309       0.999999212944571     
  0.999999229617522       0.999999245268297       0.999999259920325     
  0.999999273551923       0.999999286202531       0.999999297900328     
  0.999999308673661       0.999999318590275       0.999999327676988     
  0.999999336017329       0.999999343714334       0.999999350820545     
  0.999999357419781       0.999999363622526       0.999999369545732     
  0.999999375240512       0.999999380828952       0.999999386437976     
  0.999999392152847       0.999999398032071       0.999999404154959     
  0.999999410620212       0.999999417435720       0.999999424671271     
  0.999999432391744       0.999999440592691       0.999999449267597     
  0.999999458448123       0.999999468086585       0.999999478123161     
  0.999999488509479       0.999999499199458       0.999999510109662     
  0.999999521147494       0.999999532234682       0.999999543262562     
  0.999999554149862       0.999999564765107       0.999999574987029     
  0.999999584724033       0.999999593926131       0.999999602416137     
  0.999999610197485       0.999999617180129       0.999999623291066     
  0.999999628492260       0.999999632768392       0.999999636141174     
  0.999999638560229       0.999999640101512       0.999999640815744     
  0.999999640737007       0.999999639973811       0.999999638619924     
  0.999999636769589       0.999999634539636       0.999999632081362     
  0.999999629495996       0.999999626951884       0.999999624575591     
  0.999999622537905       0.999999620916339       0.999999619861797     
  0.999999619497431       0.999999619945767       0.999999621257925     
  0.999999623548763       0.999999626758264       0.999999631000888     
  0.999999636232572       0.999999642452236       0.999999649584627     
  0.999999657632207       0.999999666490631       0.999999676008294     
  0.999999686073002       0.999999696589568       0.999999707339695     
  0.999999718198168       0.999999728956243       0.999999739495685     
  0.999999749625452       0.999999759180804       0.999999767974911     
  0.999999775850193       0.999999782660152       0.999999788331716     
  0.999999792724018       0.999999795833535       0.999999797585180     
  0.999999797959286       0.999999796985782       0.999999794705673     
  0.999999791172928       0.999999786535361       0.999999780817829     
  0.999999774234938       0.999999766956388       0.999999759155613     
  0.999999751028478       0.999999742832994       0.999999734768271     
  0.999999727042433       0.999999719921621       0.999999713618295     
  0.999999708326863       0.999999704260943       0.999999701539175     
  0.999999700376155       0.999999700835534       0.999999703078664     
  0.999999707084181       0.999999712913199       0.999999720569868     
  0.999999730018967       0.999999741161243       0.999999753917598     
  0.999999768174518       0.999999783786897       0.999999800601245     
  0.999999818420821       0.999999837110340       0.999999856469718     
  0.999999876300619       0.999999896501522       0.999999916917858     
  0.999999937528924       0.999999958258061       0.999999979071842     
   1.51001949778381        1.51088205852219        1.51085649466210     
   1.51078607891362        1.51070597411498        1.51061788199483     
   1.51052834974541        1.51044176504985        1.51036422148736     
   1.51029265375845        1.51022343082805        1.51016242029827     
   1.51010717039624        1.51005750461961        1.51001329731096     
   1.50997411160177        1.50993962107191        1.50990933778709     
   1.50988270011039        1.50985946135951        1.50983934523326     
   1.50982201065632        1.50980716336122        1.50979451295484     
   1.50978379624532        1.50977479553397        1.50976730386285     
   1.50976113354081        1.50975615175312        1.50975221354526     
   1.50975018297393        1.50974872752413        1.50974778091908     
   1.50974728323395        1.50974719684175        1.50974746636367     
   1.50974805437143        1.50974889108440        1.50974995708312     
   1.50975119253199        1.50975257488449        1.50975406426462     
   1.50975563133117        1.50975733433772        1.50975942958316     
   1.50976149723902        1.50976358640253        1.50976575747572     
   1.50976810425870        1.50977121782256        1.50976335950376     
   1.50976742432109        1.50977014408521        1.50977230905104     
   1.50977415601564        1.50977582651228        1.50977737663950     
   1.50977883813453        1.50978022768929        1.50978157224332     
   1.50978286235149        1.50978411097879        1.50978533189799     
   1.50978651279870        1.50978764967828        1.50978875043803     
   1.50978982569961        1.50979085732296        1.50979185088469     
   1.50979280877391        1.50979372458227        1.50979460906117     
   1.50979545280686        1.50979627052314        1.50979704907795     
   1.50979779524502        1.50979850868666        1.50979918945925     
   1.50979983486661        1.50980045395898        1.50980104147240     
   1.50980159553100        1.50980212215199        1.50980261542102     
   1.50980308697813        1.50980353199388        1.50980394195454     
   1.50980432818038        1.50980468867294        1.50980502849729     
   1.50980533712844        1.50980561867265        1.50980587459827     
   1.50980611379317        1.50980632927932        1.50980651909850     
   1.50980669311043        1.50980684798971        1.50980697620414     
   1.50980709183250        1.50980718915012        1.50980727466063     
   1.50980733882173        1.50980739021812        1.50980743647373     
   1.50980746851823        1.50980748559436        1.50980750587297     
   1.50980751178213        1.50980751214135        1.50980750914299     
   1.50980750372360        1.50980749648174        1.50980748066900     
   1.50980746652218        1.50980745124636        1.50980743714920     
   1.50980742719990        1.50980741571867        1.50980739727065     
   1.50980738614752        1.50980737060659        1.50980735700409     
   1.50980734530160        1.50980732907581        1.50980731615493     
   1.50980729696054        1.50980727544503        1.50980725296063     
   1.50980722296594        1.50980719394316        1.50980715704320     
   1.50980710975377        1.50980706263748        1.50980700913478     
   1.50980694534795        1.50980687215178        1.50980680016369     
   1.50980671521550        1.50980661931502        1.50980651770734     
   1.50980641425779        1.50980630581132        1.50980618592456     
   1.50980607080218        1.50980594722654        1.50980581641561     
   1.50980568849178        1.50980556261379        1.50980542955080     
   1.50980530324846        1.50980518352725        1.50980506689011     
   1.50980495049767        1.50980484338294        1.50980474402089     
   1.50980464767574        1.50980456306994        1.50980448115355     
   1.50980441322501        1.50980435688123        1.50980430770099     
   1.50980425649644        1.50980423008761        1.50980419511611     
   1.50980417225446        1.50980415701619        1.50980414614867     
   1.50980413624707        1.50980412397833        1.50980412420326     
   1.50980411392226        1.50980410209645        1.50980409190700     
   1.50980407212629        1.50980404726641        1.50980401819384     
   1.50980398201695        1.50980393280674        1.50980388127798     
   1.50980381431864        1.50980374095764        1.50980365073941     
   1.50980356322591        1.50980346113478        1.50980335003079     
   1.50980322617374        1.50980310332432        1.50980296711478     
   1.50980284718254        1.50980270728818        1.50980257540681     
   1.50980244129742        1.50980231637180        1.50980218458293     
   1.50980206267764        1.50980195742742        1.50980185692177     
   1.50980175955646        1.50980168626278        1.50980161752198     
   1.50980157020483        1.50980152582162        1.50980149857684     
   1.50980148400672        1.50980148683709        1.50980150334238     
   1.50980153217901        1.50980156467278        1.50980161377406     
   1.50980165839850        1.50980171382987        1.50980177239534     
   1.50980182965158        1.50980188609627        1.50980194135173     
   1.50980198145228        1.50980203318665        1.50980206292384     
   1.50980208129693        1.50980209052115        1.50980208642373     
   1.50980205960885        1.50980202283173        1.50980197336887     
   1.50980190058497        1.50980181287169        1.50980171200720     
   1.50980159496951        1.50980147281138        1.50980132814094     
   1.50980118453270        1.50980102156056        1.50980086930597     
   1.50980070784555        1.50980054478929        1.50980038504132     
   1.50980023595304        1.50980009105448        1.50979995587882     
   1.50979983112072        1.50979971943661        1.50979962703381     
   1.50979954107131        1.50979947534128        1.50979943040933     
   1.50979938795254        1.50979936182631        1.50979932655911     
   1.50979929444988        1.50979925379072        1.50979917523080     
  0.686786849988416       0.686417723890556       0.685123497531844     
  0.684317508403418       0.683709762827764       0.683242680090841     
  0.682880786545870       0.682598152127073       0.682400838743852     
  0.682248732411689       0.682119392397630       0.682011622659015     
  0.681919545577873       0.681840146068403       0.681771274211378     
  0.681711131117412       0.681658416244256       0.681611999160516     
  0.681570904283424       0.681534541069937       0.681502401805642     
  0.681474003515928       0.681448946094463       0.681426864647448     
  0.681407439988104       0.681390403949311       0.681375509046055     
  0.681362529414308       0.681351287589541       0.681341606083459     
  0.681335778400345       0.681330812270807       0.681326580867506     
  0.681323004408937       0.681320018708431       0.681317552643783     
  0.681315551665904       0.681313943249615       0.681312689635330     
  0.681311731149257       0.681311033485731       0.681310553187416     
  0.681310256639010       0.681310231793179       0.681310839166515     
  0.681311472318247       0.681312150646680       0.681312895410708     
  0.681313744758437       0.681314948829063       0.681309516949054     
  0.681311430481421       0.681312857748603       0.681314067081222     
  0.681315140707681       0.681316129988991       0.681317056198375     
  0.681317932513552       0.681318765860140       0.681319567849886     
  0.681320336217436       0.681321076869888       0.681321796815553     
  0.681322492326778       0.681323163197704       0.681323813073633     
  0.681324447001151       0.681325058608421       0.681325650360014     
  0.681326223683212       0.681326776068498       0.681327312095039     
  0.681327828118377       0.681328330097177       0.681328812839840     
  0.681329278971874       0.681329728231132       0.681330160753928     
  0.681330575259403       0.681330975348765       0.681331358786774     
  0.681331724733659       0.681332075569161       0.681332408907265     
  0.681332729185167       0.681333034551208       0.681333321697048     
  0.681333595176510       0.681333853915129       0.681334100297544     
  0.681334330171634       0.681334545171383       0.681334745837177     
  0.681334935912243       0.681335113040442       0.681335276409601     
  0.681335430218075       0.681335573320572       0.681335703059252     
  0.681335824965500       0.681335937163158       0.681336042400713     
  0.681336137220833       0.681336225123310       0.681336309349047     
  0.681336386687398       0.681336456795060       0.681336527138408     
  0.681336590957224       0.681336651750239       0.681336710462967     
  0.681336767647657       0.681336823613579       0.681336875603206     
  0.681336927595609       0.681336978598455       0.681337029171209     
  0.681337080711063       0.681337130846821       0.681337177267458     
  0.681337225351537       0.681337270488216       0.681337315062674     
  0.681337358804435       0.681337398968000       0.681337438723837     
  0.681337474117338       0.681337506506770       0.681337536353720     
  0.681337560989496       0.681337583798505       0.681337601243624     
  0.681337612262843       0.681337621041446       0.681337625274259     
  0.681337623431560       0.681337615778201       0.681337606901668     
  0.681337591488364       0.681337570158065       0.681337545388232     
  0.681337519006210       0.681337489915869       0.681337455922182     
  0.681337423728562       0.681337388403524       0.681337350456110     
  0.681337314197955       0.681337279539659       0.681337243018657     
  0.681337210232855       0.681337181337553       0.681337155087183     
  0.681337130542146       0.681337110911537       0.681337095832543     
  0.681337083491956       0.681337076859504       0.681337072547175     
  0.681337074664911       0.681337082167664       0.681337093025145     
  0.681337103483831       0.681337123769524       0.681337140426019     
  0.681337161081799       0.681337184027313       0.681337207561899     
  0.681337230167819       0.681337250015774       0.681337272900887     
  0.681337289673460       0.681337303409492       0.681337315481237     
  0.681337321246736       0.681337322422359       0.681337319423886     
  0.681337311149852       0.681337295430983       0.681337276583374     
  0.681337249692647       0.681337218483433       0.681337179220590     
  0.681337139701499       0.681337093757973       0.681337043741696     
  0.681336988738555       0.681336934372742       0.681336875247765     
  0.681336823719932       0.681336765875678       0.681336713006668     
  0.681336661347391       0.681336615653470       0.681336569645689     
  0.681336530104208       0.681336499864059       0.681336474554870     
  0.681336453103226       0.681336443758499       0.681336438817912     
  0.681336444549595       0.681336453482281       0.681336470828239     
  0.681336494449223       0.681336525897527       0.681336563233366     
  0.681336605639251       0.681336648875822       0.681336697864732     
  0.681336743549237       0.681336791630406       0.681336838733995     
  0.681336882522645       0.681336922913576       0.681336959645908     
  0.681336986823577       0.681337014920209       0.681337030670194     
  0.681337038229656       0.681337038490728       0.681337030195759     
  0.681337009685485       0.681336982209076       0.681336947231731     
  0.681336900931840       0.681336847186243       0.681336787286627     
  0.681336720353570       0.681336651890140       0.681336575274674     
  0.681336500653226       0.681336420370251       0.681336347053293     
  0.681336273488308       0.681336203127584       0.681336138207274     
  0.681336082222595       0.681336032903561       0.681335992477503     
  0.681335961666428       0.681335941330166       0.681335934020188     
  0.681335934660273       0.681335948411601       0.681335975382144     
  0.681336008225614       0.681336051957445       0.681336096317580     
  0.681336145655439       0.681336195224483       0.681336233951844     
 -3.612539925334770E-003 -7.263865785919387E-004 -7.208889947190900E-004
 -6.889504614338562E-004 -6.482723885459537E-004 -6.005969180711915E-004
 -5.499059533172389E-004 -4.990415413493041E-004 -4.513147678513629E-004
 -4.059056871312279E-004 -3.614800030915899E-004 -3.210794645609118E-004
 -2.837093510389232E-004 -2.494100700574659E-004 -2.182061796232963E-004
 -1.899417390712486E-004 -1.644872619663078E-004 -1.416159264803773E-004
 -1.210531257459958E-004 -1.026664913607584E-004 -8.630366345371894E-005
 -7.177677165986940E-005 -5.891734399493255E-005 -4.755745276693251E-005
 -3.754186137028254E-005 -2.873751080385253E-005 -2.101796037309678E-005
 -1.426747720280765E-005 -8.398620228319636E-006 -3.320167513728319E-006
  6.261080133656760E-007  4.047751267070281E-006  7.001734820018906E-006
  9.539327981336769E-006  1.169795900096263E-005  1.352092181390474E-005
  1.504075807403919E-005  1.630387117248579E-005  1.733116584287194E-005
  1.816139485092687E-005  1.881447655039130E-005  1.931746817150293E-005
  1.969136866193743E-005  1.991958903020252E-005  1.990212434288447E-005
  1.982446528278855E-005  1.967348804018862E-005  1.943057123866139E-005
  1.906303920904187E-005  1.832344519092576E-005  2.221029827414862E-005
  2.102242805722711E-005  2.033481160613125E-005  1.982620434062555E-005
  1.940679065401923E-005  1.902123154716604E-005  1.865044650730684E-005
  1.828410216939229E-005  1.791830063381396E-005  1.754259635185663E-005
  1.716419330800457E-005  1.677892847434143E-005  1.638147804040823E-005
  1.597992937192899E-005  1.557757988042850E-005  1.517217397271033E-005
  1.475972446653683E-005  1.435070612443222E-005  1.394371924783460E-005
  1.353865955972794E-005  1.314013151055507E-005  1.274361553277074E-005
  1.235489025558641E-005  1.196747289242756E-005  1.158900275988562E-005
  1.121687388360578E-005  1.085213202634941E-005  1.049539413638343E-005
  1.014882301055116E-005  9.808409199390516E-006  9.477505632798302E-006
  9.157650813577680E-006  8.846197985340863E-006  8.546695858262721E-006
  8.253745676488527E-006  7.970216518239491E-006  7.700764858550194E-006
  7.439879519041237E-006  7.189195093354239E-006  6.946167558351949E-006
  6.716545985040355E-006  6.498499186407859E-006  6.291570388557076E-006
  6.091354920934851E-006  5.901486006268296E-006  5.723282876351719E-006
  5.551768342918622E-006  5.388843258408811E-006  5.238371703259988E-006
  5.093455214727210E-006  4.957024150603761E-006  4.825913012847743E-006
  4.704954385710648E-006  4.589845003545690E-006  4.476864122045197E-006
  4.370638081512992E-006  4.271697964371432E-006  4.170791676043298E-006
  4.076937824670473E-006  3.985760918616891E-006  3.896264722893690E-006
  3.807926934126961E-006  3.720537613410810E-006  3.637658426230021E-006
  3.554136360741326E-006  3.471389344596081E-006  3.388543665884802E-006
  3.303941541080927E-006  3.220637626471040E-006  3.141467090845789E-006
  3.059285159527356E-006  2.980036451827831E-006  2.900526137264319E-006
  2.820944196850453E-006  2.744668635388596E-006  2.667563227536425E-006
  2.594617548630932E-006  2.523886900330605E-006  2.454756385208519E-006
  2.390498340608620E-006  2.326741670807716E-006  2.268112090755682E-006
  2.215885979583289E-006  2.164637287678845E-006  2.117618397644326E-006
  2.076802376245631E-006  2.041835350305934E-006  2.007080883590941E-006
  1.979683895498152E-006  1.958841400200167E-006  1.941622128599729E-006
  1.925967881646814E-006  1.913576804920287E-006  1.907520882372372E-006
  1.899531917329251E-006  1.896286530529492E-006  1.897269107195789E-006
  1.897123473473909E-006  1.896296033902601E-006  1.899437571692471E-006
  1.899439740062797E-006  1.896351259576081E-006  1.891989544365422E-006
  1.887698669860306E-006  1.879148835829790E-006  1.866957772398852E-006
  1.853499173710322E-006  1.834648266109526E-006  1.814797071886216E-006
  1.788417381573383E-006  1.756727541317860E-006  1.722125756768835E-006
  1.689133380057417E-006  1.644314928390472E-006  1.604740715050981E-006
  1.560015761773095E-006  1.512269752231468E-006  1.463376949664271E-006
  1.414994748283305E-006  1.369008888984663E-006  1.317839179672937E-006
  1.273140921619734E-006  1.230514556028674E-006  1.188165125425432E-006
  1.151892544238875E-006  1.119375340984747E-006  1.090080266587401E-006
  1.065477660529147E-006  1.048504287856535E-006  1.033668265459280E-006
  1.027529557109249E-006  1.025486679566111E-006  1.032624027567440E-006
  1.039103257718736E-006  1.053410094900436E-006  1.072792017332968E-006
  1.098868489762620E-006  1.124729284126079E-006  1.157574889807451E-006
  1.182125230513106E-006  1.216761331475255E-006  1.247210531884236E-006
  1.278699820536665E-006  1.305366280670868E-006  1.335470681872500E-006
  1.360374443722991E-006  1.376664612009330E-006  1.390244576393691E-006
  1.402268073611947E-006  1.401992688643176E-006  1.399399085123127E-006
  1.386133108509005E-006  1.371594877677923E-006  1.348659329703527E-006
  1.319690500849312E-006  1.282373106190843E-006  1.238801631917215E-006
  1.189654942233649E-006  1.139742612623875E-006  1.082301184557825E-006
  1.028345511646365E-006  9.700500692626233E-007  9.113934297785552E-007
  8.548450623025826E-007  8.001532025829701E-007  7.474096360811941E-007
  7.037761515514563E-007  6.556639302910362E-007  6.202010710040711E-007
  5.918752889940377E-007  5.695658833861498E-007  5.552128132849112E-007
  5.536086284699557E-007  5.582365032311811E-007  5.702977509543357E-007
  5.951642562893438E-007  6.283409433746612E-007  6.688172585955422E-007
  7.182246467123246E-007  7.704614404009703E-007  8.345862686231755E-007
  8.983448926623246E-007  9.722339970151140E-007  1.040802118373720E-006
  1.114155692744205E-006  1.188491758571328E-006  1.261457785693589E-006
  1.329263272231770E-006  1.395429047397612E-006  1.457430942836906E-006
  1.514867573674433E-006  1.566887063719434E-006  1.610565982100965E-006
  1.652725611083605E-006  1.686829491680049E-006  1.713043586785964E-006
  1.741111664966824E-006  1.764613272491425E-006  1.796898048100515E-006
  1.832233565902367E-006  1.876782164952252E-006  1.944604467808183E-006
