          1.328383
          1.328509
          1.328451
          1.328397
          1.328352
          1.328312
          1.328278
          1.328249
          1.328224
          1.328203
          1.328184
          1.328169
          1.328155
          1.328144
          1.328134
          1.328126
          1.328119
          1.328113
          1.328107
          1.328103
          1.328098
          1.328095
          1.328092
          1.328089
          1.328087
          1.328085
          1.328083
          1.328082
          1.328080
          1.328079
          1.328079
          1.328078
          1.328077
          1.328077
          1.328077
          1.328076
          1.328076
          1.328076
          1.328076
          1.328076
          1.328076
          1.328076
          1.328077
          1.328077
          1.328077
          1.328077
          1.328077
          1.328077
          1.328078
          1.328078
          1.328079
          1.328079
          1.328078
          1.328078
          1.328078
          1.328078
          1.328078
          1.328078
          1.328078
          1.328078
          1.328078
          1.328078
          1.328078
          1.328078
          1.328078
          1.328078
          1.328078
          1.328078
          1.328078
          1.328078
          1.328078
          1.328078
          1.328078
          1.328078
          1.328078
          1.328078
          1.328078
          1.328078
          1.328077
          1.328077
          1.328077
          1.328077
          1.328077
          1.328077
          1.328077
          1.328077
          1.328077
          1.328077
          1.328077
          1.328077
          1.328077
          1.328077
          1.328077
          1.328076
          1.328076
          1.328076
          1.328076
          1.328076
          1.328076
          1.328076
          1.328076
          1.328075
          1.328075
          1.328075
          1.328075
          1.328075
          1.328075
          1.328075
          1.328075
          1.328074
          1.328074
          1.328074
          1.328074
          1.328074
          1.328074
          1.328074
          1.328074
          1.328073
          1.328073
          1.328073
          1.328073
          1.328073
          1.328073
          1.328073
          1.328073
          1.328073
          1.328073
          1.328072
          1.328072
          1.328072
          1.328072
          1.328072
          1.328072
          1.328072
          1.328072
          1.328072
          1.328072
          1.328071
          1.328071
          1.328071
          1.328071
          1.328071
          1.328071
          1.328071
          1.328071
          1.328070
          1.328070
          1.328070
          1.328070
          1.328070
          1.328070
          1.328070
          1.328070
          1.328070
          1.328069
          1.328069
          1.328069
          1.328069
          1.328069
          1.328069
          1.328069
          1.328069
          1.328069
          1.328069
          1.328069
          1.328069
          1.328069
          1.328069
          1.328068
          1.328068
          1.328068
          1.328068
          1.328068
          1.328068
          1.328068
          1.328068
          1.328068
          1.328068
          1.328068
          1.328068
          1.328068
          1.328068
          1.328068
          1.328068
          1.328067
          1.328067
          1.328067
          1.328067
          1.328067
          1.328067
          1.328067
          1.328067
          1.328067
          1.328067
          1.328067
          1.328067
          1.328066
          1.328066
          1.328066
          1.328066
          1.328066
          1.328066
          1.328066
          1.328066
          1.328066
          1.328066
          1.328066
          1.328066
          1.328066
          1.328066
          1.328066
          1.328066
          1.328066
          1.328066
          1.328066
          1.328066
          1.328066
          1.328066
          1.328066
          1.328066
          1.328066
          1.328066
          1.328066
          1.328066
          1.328066
          1.328066
          1.328066
          1.328066
          1.328065
          1.328065
          1.328065
          1.328065
          1.328065
          1.328065
          1.328065
          1.328065
          1.328065
          1.328065
          1.328065
          1.328065
          1.328065
          1.328065
          1.328065
          1.328065
          1.328065
          1.328065
          1.328065
          1.328065
          1.328065
          1.328065
          1.328065
          1.328065
