         13.371165
         13.367551
         13.367800
         13.368017
         13.368215
         13.368405
         13.368593
         13.368778
         13.368958
         13.369134
         13.369302
         13.369463
         13.369615
         13.369758
         13.369892
         13.370018
         13.370135
         13.370244
         13.370345
         13.370439
         13.370526
         13.370606
         13.370681
         13.370750
         13.370814
         13.370873
         13.370928
         13.370979
         13.371026
         13.371070
         13.371110
         13.371148
         13.371183
         13.371215
         13.371245
         13.371273
         13.371298
         13.371322
         13.371344
         13.371365
         13.371384
         13.371401
         13.371417
         13.371432
         13.371445
         13.371458
         13.371469
         13.371478
         13.371487
         13.371495
         13.371502
         13.371508
         13.371513
         13.371517
         13.371520
         13.371523
         13.371526
         13.371528
         13.371529
         13.371530
         13.371532
         13.371532
         13.371532
         13.371532
         13.371532
         13.371532
         13.371530
         13.371530
         13.371528
         13.371527
         13.371526
         13.371524
         13.371522
         13.371521
         13.371519
         13.371517
         13.371515
         13.371512
         13.371510
         13.371508
         13.371505
         13.371503
         13.371500
         13.371498
         13.371495
         13.371492
         13.371489
         13.371486
         13.371483
         13.371480
         13.371477
         13.371474
         13.371470
         13.371466
         13.371463
         13.371459
         13.371456
         13.371453
         13.371449
         13.371446
         13.371442
         13.371438
         13.371435
         13.371431
         13.371428
         13.371424
         13.371421
         13.371418
         13.371415
         13.371412
         13.371409
         13.371406
         13.371403
         13.371400
         13.371397
         13.371395
         13.371393
         13.371390
         13.371387
         13.371385
         13.371383
         13.371381
         13.371378
         13.371376
         13.371374
         13.371372
         13.371370
         13.371368
         13.371366
         13.371364
         13.371362
         13.371360
         13.371358
         13.371356
         13.371354
         13.371352
         13.371350
         13.371348
         13.371347
         13.371345
         13.371342
         13.371340
         13.371338
         13.371336
         13.371334
         13.371332
         13.371331
         13.371329
         13.371326
         13.371324
         13.371323
         13.371321
         13.371319
         13.371318
         13.371317
         13.371315
         13.371314
         13.371312
         13.371311
         13.371309
         13.371308
         13.371306
         13.371304
         13.371303
         13.371301
         13.371300
         13.371298
         13.371297
         13.371296
         13.371295
         13.371293
         13.371292
         13.371291
         13.371289
         13.371287
         13.371286
         13.371284
         13.371283
         13.371282
         13.371280
         13.371278
         13.371277
         13.371276
         13.371275
         13.371274
         13.371273
         13.371272
         13.371271
         13.371270
         13.371269
         13.371268
         13.371267
         13.371266
         13.371266
         13.371265
         13.371264
         13.371263
         13.371262
         13.371261
         13.371261
         13.371260
         13.371260
         13.371260
         13.371259
         13.371258
         13.371258
         13.371258
         13.371258
         13.371257
         13.371257
         13.371256
         13.371256
         13.371256
         13.371256
         13.371255
         13.371255
         13.371254
         13.371254
         13.371254
         13.371253
         13.371252
         13.371252
         13.371251
         13.371250
         13.371250
         13.371249
         13.371248
         13.371247
         13.371246
         13.371246
         13.371245
         13.371244
         13.371243
         13.371243
         13.371242
         13.371241
         13.371240
         13.371240
         13.371239
         13.371239
         13.371238
         13.371238
         13.371238
         13.371238
         13.371239
         13.371239
         13.371239
         13.371240
         13.371241
         13.371242
         13.371243
         13.371244
         13.371246
