          0.614699
          0.614855
          0.614873
          0.614889
          0.614905
          0.614919
          0.614933
          0.614947
          0.614960
          0.614972
          0.614985
          0.614996
          0.615007
          0.615017
          0.615027
          0.615037
          0.615046
          0.615054
          0.615062
          0.615070
          0.615077
          0.615084
          0.615090
          0.615096
          0.615101
          0.615107
          0.615112
          0.615116
          0.615121
          0.615125
          0.615129
          0.615132
          0.615136
          0.615139
          0.615142
          0.615145
          0.615148
          0.615151
          0.615153
          0.615156
          0.615158
          0.615160
          0.615162
          0.615164
          0.615166
          0.615167
          0.615169
          0.615171
          0.615172
          0.615174
          0.615176
          0.615177
          0.615178
          0.615179
          0.615180
          0.615180
          0.615181
          0.615182
          0.615183
          0.615183
          0.615184
          0.615185
          0.615185
          0.615186
          0.615187
          0.615187
          0.615188
          0.615188
          0.615189
          0.615190
          0.615190
          0.615191
          0.615191
          0.615191
          0.615192
          0.615192
          0.615193
          0.615193
          0.615193
          0.615194
          0.615194
          0.615194
          0.615194
          0.615195
          0.615195
          0.615195
          0.615195
          0.615195
          0.615195
          0.615196
          0.615196
          0.615196
          0.615196
          0.615196
          0.615196
          0.615196
          0.615196
          0.615196
          0.615196
          0.615196
          0.615196
          0.615196
          0.615196
          0.615196
          0.615196
          0.615196
          0.615196
          0.615196
          0.615196
          0.615196
          0.615196
          0.615196
          0.615196
          0.615196
          0.615196
          0.615196
          0.615196
          0.615196
          0.615196
          0.615196
          0.615196
          0.615196
          0.615196
          0.615196
          0.615196
          0.615196
          0.615196
          0.615196
          0.615196
          0.615196
          0.615196
          0.615196
          0.615196
          0.615196
          0.615196
          0.615196
          0.615196
          0.615195
          0.615195
          0.615195
          0.615195
          0.615195
          0.615195
          0.615195
          0.615195
          0.615195
          0.615195
          0.615195
          0.615195
          0.615195
          0.615195
          0.615195
          0.615195
          0.615195
          0.615195
          0.615195
          0.615194
          0.615194
          0.615194
          0.615194
          0.615194
          0.615194
          0.615194
          0.615194
          0.615194
          0.615194
          0.615194
          0.615194
          0.615194
          0.615194
          0.615194
          0.615194
          0.615194
          0.615194
          0.615193
          0.615193
          0.615193
          0.615193
          0.615193
          0.615193
          0.615193
          0.615193
          0.615193
          0.615193
          0.615193
          0.615193
          0.615193
          0.615193
          0.615193
          0.615193
          0.615193
          0.615193
          0.615193
          0.615193
          0.615193
          0.615193
          0.615193
          0.615193
          0.615193
          0.615193
          0.615193
          0.615193
          0.615193
          0.615193
          0.615193
          0.615193
          0.615193
          0.615193
          0.615193
          0.615193
          0.615193
          0.615192
          0.615192
          0.615192
          0.615192
          0.615192
          0.615192
          0.615192
          0.615192
          0.615192
          0.615192
          0.615192
          0.615192
          0.615192
          0.615192
          0.615192
          0.615192
          0.615192
          0.615192
          0.615192
          0.615192
          0.615192
          0.615192
          0.615191
          0.615191
          0.615191
          0.615191
          0.615191
          0.615191
          0.615191
          0.615191
          0.615191
          0.615191
          0.615191
          0.615191
          0.615191
          0.615191
          0.615191
          0.615191
          0.615191
          0.615191
          0.615191
