          1.328061
          1.328954
          1.328988
          1.328947
          1.328880
          1.328805
          1.328732
          1.328664
          1.328602
          1.328546
          1.328497
          1.328453
          1.328414
          1.328379
          1.328349
          1.328321
          1.328296
          1.328274
          1.328255
          1.328237
          1.328221
          1.328206
          1.328194
          1.328182
          1.328171
          1.328162
          1.328153
          1.328145
          1.328138
          1.328132
          1.328126
          1.328120
          1.328116
          1.328111
          1.328107
          1.328104
          1.328100
          1.328097
          1.328095
          1.328092
          1.328090
          1.328088
          1.328086
          1.328084
          1.328083
          1.328081
          1.328080
          1.328079
          1.328078
          1.328077
          1.328076
          1.328075
          1.328074
          1.328073
          1.328073
          1.328072
          1.328071
          1.328071
          1.328070
          1.328070
          1.328069
          1.328069
          1.328068
          1.328068
          1.328068
          1.328067
          1.328067
          1.328067
          1.328066
          1.328066
          1.328066
          1.328066
          1.328065
          1.328065
          1.328065
          1.328065
          1.328065
          1.328064
          1.328064
          1.328064
          1.328064
          1.328064
          1.328064
          1.328064
          1.328063
          1.328063
          1.328063
          1.328063
          1.328063
          1.328063
          1.328063
          1.328063
          1.328063
          1.328063
          1.328063
          1.328063
          1.328062
          1.328062
          1.328062
          1.328062
          1.328062
          1.328062
          1.328062
          1.328062
          1.328062
          1.328062
          1.328062
          1.328062
          1.328062
          1.328062
          1.328062
          1.328062
          1.328062
          1.328062
          1.328062
          1.328061
          1.328061
          1.328061
          1.328061
          1.328061
          1.328061
          1.328061
          1.328061
          1.328061
          1.328061
          1.328061
          1.328061
          1.328061
          1.328061
          1.328061
          1.328061
          1.328061
          1.328061
          1.328061
          1.328061
          1.328061
          1.328061
          1.328061
          1.328061
          1.328061
          1.328061
          1.328061
          1.328061
          1.328061
          1.328061
          1.328061
          1.328061
          1.328061
          1.328061
          1.328061
          1.328061
          1.328061
          1.328061
          1.328061
          1.328061
          1.328061
          1.328061
          1.328061
          1.328061
          1.328061
          1.328061
          1.328061
          1.328061
          1.328061
          1.328061
          1.328061
          1.328061
          1.328061
          1.328061
          1.328061
          1.328061
          1.328061
          1.328061
          1.328061
          1.328061
          1.328061
          1.328061
          1.328061
          1.328061
          1.328061
          1.328061
          1.328061
          1.328061
          1.328061
          1.328061
          1.328061
          1.328061
          1.328061
          1.328061
          1.328061
          1.328061
          1.328061
          1.328061
          1.328061
          1.328061
          1.328061
          1.328061
          1.328061
          1.328061
          1.328061
          1.328061
          1.328061
          1.328061
          1.328061
          1.328061
          1.328061
          1.328061
          1.328061
          1.328061
          1.328061
          1.328061
          1.328061
          1.328061
          1.328061
          1.328061
          1.328061
          1.328061
          1.328061
          1.328061
          1.328061
          1.328061
          1.328061
          1.328061
          1.328061
          1.328061
          1.328061
          1.328061
          1.328061
          1.328061
          1.328061
          1.328061
          1.328061
          1.328061
          1.328061
          1.328061
          1.328061
          1.328061
          1.328061
          1.328061
          1.328061
          1.328061
          1.328061
          1.328061
          1.328061
          1.328061
          1.328061
          1.328061
          1.328061
          1.328061
          1.328061
          1.328061
          1.328061
          1.328061
