         -0.003212
         -0.001200
         -0.001101
         -0.000996
         -0.000896
         -0.000799
         -0.000707
         -0.000627
         -0.000554
         -0.000488
         -0.000428
         -0.000374
         -0.000326
         -0.000283
         -0.000246
         -0.000215
         -0.000185
         -0.000160
         -0.000137
         -0.000116
         -0.000098
         -0.000083
         -0.000071
         -0.000058
         -0.000048
         -0.000040
         -0.000032
         -0.000024
         -0.000018
         -0.000013
         -0.000010
         -0.000004
         -0.000002
          0.000003
          0.000005
          0.000007
          0.000008
          0.000010
          0.000012
          0.000012
          0.000013
          0.000014
          0.000014
          0.000015
          0.000015
          0.000015
          0.000017
          0.000016
          0.000014
          0.000015
          0.000020
          0.000020
          0.000020
          0.000018
          0.000018
          0.000017
          0.000018
          0.000018
          0.000016
          0.000016
          0.000016
          0.000016
          0.000015
          0.000014
          0.000015
          0.000015
          0.000013
          0.000014
          0.000013
          0.000012
          0.000012
          0.000012
          0.000011
          0.000011
          0.000011
          0.000010
          0.000010
          0.000009
          0.000008
          0.000010
          0.000008
          0.000008
          0.000008
          0.000008
          0.000008
          0.000006
          0.000008
          0.000006
          0.000006
          0.000007
          0.000006
          0.000007
          0.000006
          0.000007
          0.000005
          0.000006
          0.000005
          0.000006
          0.000005
          0.000006
          0.000005
          0.000005
          0.000006
          0.000005
          0.000005
          0.000004
          0.000005
          0.000005
          0.000004
          0.000004
          0.000004
          0.000004
          0.000005
          0.000003
          0.000003
          0.000003
          0.000004
          0.000003
          0.000003
          0.000003
          0.000002
          0.000003
          0.000002
          0.000002
          0.000002
          0.000002
          0.000002
          0.000002
          0.000002
          0.000003
          0.000002
          0.000002
          0.000002
          0.000001
          0.000001
          0.000002
          0.000002
          0.000001
          0.000002
          0.000003
          0.000002
          0.000002
          0.000003
          0.000002
          0.000002
          0.000002
          0.000003
          0.000003
          0.000002
          0.000002
          0.000002
          0.000002
          0.000001
          0.000001
          0.000001
          0.000002
          0.000002
          0.000002
          0.000002
          0.000001
          0.000002
          0.000002
          0.000001
          0.000002
          0.000002
          0.000001
          0.000001
          0.000001
          0.000002
          0.000001
          0.000001
          0.000001
          0.000002
          0.000001
          0.000001
          0.000002
          0.000001
          0.000001
          0.000002
          0.000001
          0.000001
          0.000001
          0.000001
          0.000001
          0.000001
          0.000002
          0.000001
          0.000001
          0.000002
          0.000001
          0.000001
          0.000001
          0.000001
          0.000002
          0.000002
          0.000002
          0.000002
          0.000000
          0.000001
          0.000001
          0.000001
          0.000001
          0.000002
          0.000000
         -0.000000
          0.000000
          0.000001
          0.000001
          0.000000
          0.000000
         -0.000000
          0.000000
          0.000001
          0.000000
          0.000001
         -0.000000
          0.000000
          0.000000
          0.000000
          0.000001
          0.000000
          0.000001
          0.000000
          0.000001
          0.000001
          0.000000
          0.000002
          0.000001
          0.000000
          0.000001
          0.000001
          0.000001
          0.000001
          0.000001
          0.000002
          0.000002
          0.000002
          0.000002
          0.000002
          0.000002
          0.000001
          0.000002
          0.000001
          0.000002
          0.000001
          0.000001
          0.000002
          0.000002
          0.000001
          0.000000
          0.000002
          0.000001
