          0.282731
          0.282756
          0.282782
          0.282807
          0.282831
          0.282854
          0.282874
          0.282894
          0.282912
          0.282928
          0.282943
          0.282955
          0.282967
          0.282978
          0.282987
          0.282996
          0.283003
          0.283010
          0.283016
          0.283020
          0.283024
          0.283028
          0.283032
          0.283034
          0.283036
          0.283039
          0.283040
          0.283041
          0.283042
          0.283043
          0.283044
          0.283044
          0.283045
          0.283044
          0.283044
          0.283044
          0.283044
          0.283044
          0.283044
          0.283044
          0.283043
          0.283043
          0.283042
          0.283041
          0.283041
          0.283041
          0.283039
          0.283039
          0.283039
          0.283038
          0.283038
          0.283036
          0.283035
          0.283035
          0.283034
          0.283034
          0.283033
          0.283032
          0.283033
          0.283032
          0.283031
          0.283030
          0.283030
          0.283030
          0.283029
          0.283028
          0.283028
          0.283027
          0.283027
          0.283027
          0.283026
          0.283026
          0.283025
          0.283025
          0.283025
          0.283024
          0.283024
          0.283024
          0.283024
          0.283022
          0.283023
          0.283023
          0.283022
          0.283022
          0.283021
          0.283022
          0.283021
          0.283022
          0.283021
          0.283020
          0.283021
          0.283020
          0.283020
          0.283019
          0.283020
          0.283019
          0.283020
          0.283018
          0.283019
          0.283018
          0.283019
          0.283018
          0.283018
          0.283018
          0.283018
          0.283018
          0.283018
          0.283017
          0.283018
          0.283017
          0.283017
          0.283017
          0.283016
          0.283017
          0.283017
          0.283017
          0.283016
          0.283017
          0.283017
          0.283017
          0.283017
          0.283016
          0.283017
          0.283017
          0.283017
          0.283017
          0.283016
          0.283017
          0.283016
          0.283016
          0.283016
          0.283016
          0.283016
          0.283017
          0.283016
          0.283015
          0.283016
          0.283017
          0.283016
          0.283015
          0.283016
          0.283016
          0.283015
          0.283016
          0.283016
          0.283016
          0.283015
          0.283015
          0.283015
          0.283015
          0.283015
          0.283015
          0.283016
          0.283016
          0.283016
          0.283015
          0.283015
          0.283016
          0.283015
          0.283016
          0.283015
          0.283015
          0.283016
          0.283014
          0.283015
          0.283016
          0.283016
          0.283016
          0.283015
          0.283015
          0.283015
          0.283015
          0.283014
          0.283015
          0.283015
          0.283015
          0.283015
          0.283015
          0.283014
          0.283015
          0.283015
          0.283015
          0.283015
          0.283015
          0.283015
          0.283014
          0.283015
          0.283015
          0.283014
          0.283015
          0.283015
          0.283015
          0.283015
          0.283014
          0.283014
          0.283014
          0.283014
          0.283015
          0.283015
          0.283014
          0.283015
          0.283015
          0.283014
          0.283015
          0.283015
          0.283015
          0.283014
          0.283014
          0.283015
          0.283015
          0.283015
          0.283015
          0.283014
          0.283015
          0.283014
          0.283015
          0.283015
          0.283015
          0.283015
          0.283014
          0.283015
          0.283014
          0.283015
          0.283015
          0.283014
          0.283015
          0.283014
          0.283015
          0.283015
          0.283014
          0.283014
          0.283014
          0.283015
          0.283014
          0.283014
          0.283014
          0.283014
          0.283014
          0.283014
          0.283014
          0.283015
          0.283014
          0.283015
          0.283014
          0.283015
          0.283015
          0.283015
          0.283014
          0.283015
          0.283016
          0.283014
          0.283015
