          0.008637
          0.008843
          0.008832
          0.008818
          0.008804
          0.008790
          0.008777
          0.008763
          0.008751
          0.008739
          0.008728
          0.008718
          0.008709
          0.008700
          0.008693
          0.008686
          0.008679
          0.008674
          0.008669
          0.008664
          0.008660
          0.008656
          0.008653
          0.008650
          0.008648
          0.008646
          0.008644
          0.008642
          0.008640
          0.008639
          0.008638
          0.008637
          0.008636
          0.008635
          0.008634
          0.008634
          0.008633
          0.008633
          0.008632
          0.008632
          0.008632
          0.008632
          0.008631
          0.008631
          0.008631
          0.008631
          0.008631
          0.008631
          0.008631
          0.008631
          0.008631
          0.008631
          0.008631
          0.008631
          0.008631
          0.008631
          0.008631
          0.008632
          0.008632
          0.008632
          0.008632
          0.008632
          0.008632
          0.008632
          0.008633
          0.008633
          0.008633
          0.008633
          0.008633
          0.008633
          0.008633
          0.008633
          0.008634
          0.008634
          0.008634
          0.008634
          0.008634
          0.008634
          0.008634
          0.008634
          0.008634
          0.008634
          0.008634
          0.008635
          0.008635
          0.008635
          0.008635
          0.008635
          0.008635
          0.008635
          0.008635
          0.008635
          0.008635
          0.008635
          0.008635
          0.008635
          0.008635
          0.008635
          0.008635
          0.008636
          0.008636
          0.008636
          0.008636
          0.008636
          0.008636
          0.008636
          0.008636
          0.008636
          0.008636
          0.008636
          0.008636
          0.008636
          0.008636
          0.008636
          0.008636
          0.008636
          0.008636
          0.008636
          0.008636
          0.008636
          0.008636
          0.008636
          0.008636
          0.008637
          0.008637
          0.008637
          0.008637
          0.008637
          0.008637
          0.008637
          0.008637
          0.008637
          0.008637
          0.008637
          0.008637
          0.008637
          0.008637
          0.008637
          0.008637
          0.008637
          0.008637
          0.008637
          0.008637
          0.008637
          0.008637
          0.008637
          0.008637
          0.008637
          0.008637
          0.008637
          0.008637
          0.008637
          0.008637
          0.008637
          0.008637
          0.008637
          0.008637
          0.008637
          0.008637
          0.008637
          0.008637
          0.008637
          0.008637
          0.008637
          0.008637
          0.008637
          0.008637
          0.008637
          0.008637
          0.008637
          0.008637
          0.008637
          0.008637
          0.008637
          0.008637
          0.008637
          0.008637
          0.008637
          0.008637
          0.008637
          0.008637
          0.008637
          0.008637
          0.008637
          0.008637
          0.008637
          0.008637
          0.008637
          0.008637
          0.008637
          0.008637
          0.008637
          0.008637
          0.008637
          0.008637
          0.008637
          0.008637
          0.008637
          0.008637
          0.008637
          0.008637
          0.008637
          0.008637
          0.008637
          0.008637
          0.008637
          0.008637
          0.008637
          0.008637
          0.008637
          0.008637
          0.008637
          0.008637
          0.008637
          0.008637
          0.008637
          0.008637
          0.008637
          0.008637
          0.008637
          0.008637
          0.008637
          0.008637
          0.008637
          0.008637
          0.008637
          0.008637
          0.008637
          0.008637
          0.008637
          0.008637
          0.008637
          0.008637
          0.008637
          0.008637
          0.008637
          0.008637
          0.008637
          0.008637
          0.008637
          0.008637
          0.008637
          0.008637
          0.008637
          0.008637
          0.008637
          0.008637
          0.008637
          0.008637
          0.008637
          0.008637
          0.008637
