         12.043104
         12.042821
         12.042571
         12.042352
         12.042164
         12.042004
         12.041871
         12.041762
         12.041674
         12.041607
         12.041557
         12.041524
         12.041503
         12.041495
         12.041498
         12.041510
         12.041531
         12.041558
         12.041591
         12.041629
         12.041671
         12.041716
         12.041764
         12.041814
         12.041865
         12.041917
         12.041971
         12.042024
         12.042078
         12.042131
         12.042184
         12.042236
         12.042287
         12.042338
         12.042387
         12.042435
         12.042482
         12.042528
         12.042573
         12.042616
         12.042658
         12.042699
         12.042738
         12.042776
         12.042812
         12.042847
         12.042881
         12.042912
         12.042942
         12.042973
         12.043001
         12.043028
         12.043053
         12.043077
         12.043100
         12.043121
         12.043142
         12.043161
         12.043179
         12.043197
         12.043214
         12.043229
         12.043244
         12.043257
         12.043271
         12.043282
         12.043293
         12.043304
         12.043313
         12.043322
         12.043331
         12.043339
         12.043346
         12.043353
         12.043359
         12.043365
         12.043370
         12.043375
         12.043380
         12.043385
         12.043387
         12.043390
         12.043393
         12.043396
         12.043398
         12.043399
         12.043402
         12.043403
         12.043405
         12.043406
         12.043406
         12.043407
         12.043406
         12.043406
         12.043405
         12.043405
         12.043404
         12.043404
         12.043403
         12.043402
         12.043400
         12.043399
         12.043397
         12.043395
         12.043393
         12.043391
         12.043390
         12.043388
         12.043385
         12.043383
         12.043381
         12.043378
         12.043377
         12.043373
         12.043371
         12.043369
         12.043367
         12.043365
         12.043362
         12.043360
         12.043357
         12.043356
         12.043353
         12.043351
         12.043348
         12.043347
         12.043344
         12.043342
         12.043340
         12.043338
         12.043335
         12.043333
         12.043330
         12.043328
         12.043327
         12.043325
         12.043322
         12.043320
         12.043319
         12.043317
         12.043314
         12.043312
         12.043310
         12.043307
         12.043306
         12.043304
         12.043302
         12.043299
         12.043297
         12.043294
         12.043292
         12.043290
         12.043288
         12.043286
         12.043285
         12.043284
         12.043282
         12.043280
         12.043279
         12.043276
         12.043275
         12.043273
         12.043271
         12.043270
         12.043268
         12.043266
         12.043264
         12.043263
         12.043262
         12.043260
         12.043259
         12.043258
         12.043256
         12.043254
         12.043253
         12.043251
         12.043249
         12.043248
         12.043246
         12.043244
         12.043242
         12.043241
         12.043239
         12.043238
         12.043238
         12.043236
         12.043234
         12.043234
         12.043232
         12.043230
         12.043229
         12.043228
         12.043227
         12.043226
         12.043224
         12.043223
         12.043221
         12.043220
         12.043219
         12.043218
         12.043217
         12.043216
         12.043215
         12.043213
         12.043212
         12.043212
         12.043211
         12.043210
         12.043209
         12.043208
         12.043208
         12.043208
         12.043207
         12.043206
         12.043205
         12.043204
         12.043204
         12.043204
         12.043204
         12.043203
         12.043202
         12.043202
         12.043201
         12.043201
         12.043200
         12.043199
         12.043199
         12.043197
         12.043197
         12.043197
         12.043196
         12.043195
         12.043194
         12.043194
         12.043193
         12.043192
         12.043191
         12.043190
         12.043190
         12.043189
         12.043188
         12.043188
         12.043187
         12.043187
         12.043186
         12.043186
         12.043186
         12.043185
         12.043185
         12.043185
         12.043185
         12.043185
         12.043185
