          0.426805
          0.426833
          0.426799
          0.426770
          0.426746
          0.426724
          0.426705
          0.426688
          0.426674
          0.426661
          0.426650
          0.426640
          0.426631
          0.426623
          0.426616
          0.426610
          0.426604
          0.426599
          0.426594
          0.426589
          0.426585
          0.426582
          0.426579
          0.426575
          0.426572
          0.426570
          0.426568
          0.426565
          0.426563
          0.426561
          0.426560
          0.426557
          0.426556
          0.426555
          0.426553
          0.426552
          0.426551
          0.426550
          0.426549
          0.426548
          0.426547
          0.426546
          0.426545
          0.426544
          0.426544
          0.426543
          0.426542
          0.426542
          0.426542
          0.426541
          0.426541
          0.426540
          0.426539
          0.426539
          0.426538
          0.426538
          0.426537
          0.426536
          0.426536
          0.426536
          0.426535
          0.426535
          0.426535
          0.426535
          0.426534
          0.426534
          0.426534
          0.426533
          0.426533
          0.426533
          0.426533
          0.426533
          0.426533
          0.426533
          0.426532
          0.426532
          0.426532
          0.426533
          0.426533
          0.426531
          0.426532
          0.426532
          0.426532
          0.426532
          0.426531
          0.426532
          0.426531
          0.426532
          0.426531
          0.426531
          0.426531
          0.426531
          0.426531
          0.426531
          0.426531
          0.426531
          0.426531
          0.426530
          0.426531
          0.426530
          0.426531
          0.426530
          0.426530
          0.426530
          0.426530
          0.426531
          0.426530
          0.426530
          0.426530
          0.426530
          0.426530
          0.426531
          0.426530
          0.426531
          0.426531
          0.426531
          0.426530
          0.426530
          0.426530
          0.426530
          0.426531
          0.426530
          0.426531
          0.426531
          0.426531
          0.426531
          0.426531
          0.426531
          0.426530
          0.426530
          0.426531
          0.426530
          0.426531
          0.426531
          0.426531
          0.426530
          0.426530
          0.426531
          0.426530
          0.426530
          0.426530
          0.426530
          0.426530
          0.426531
          0.426530
          0.426530
          0.426530
          0.426530
          0.426530
          0.426530
          0.426530
          0.426530
          0.426531
          0.426531
          0.426530
          0.426530
          0.426530
          0.426530
          0.426530
          0.426530
          0.426530
          0.426530
          0.426531
          0.426530
          0.426530
          0.426531
          0.426531
          0.426531
          0.426530
          0.426530
          0.426530
          0.426530
          0.426530
          0.426530
          0.426530
          0.426530
          0.426530
          0.426530
          0.426530
          0.426530
          0.426530
          0.426530
          0.426530
          0.426531
          0.426530
          0.426530
          0.426531
          0.426530
          0.426530
          0.426530
          0.426530
          0.426530
          0.426530
          0.426530
          0.426530
          0.426530
          0.426530
          0.426531
          0.426530
          0.426530
          0.426530
          0.426530
          0.426530
          0.426531
          0.426531
          0.426530
          0.426530
          0.426530
          0.426531
          0.426531
          0.426531
          0.426531
          0.426530
          0.426531
          0.426530
          0.426531
          0.426531
          0.426531
          0.426531
          0.426530
          0.426531
          0.426530
          0.426531
          0.426530
          0.426530
          0.426531
          0.426530
          0.426530
          0.426531
          0.426530
          0.426530
          0.426530
          0.426530
          0.426530
          0.426530
          0.426530
          0.426530
          0.426530
          0.426530
          0.426530
          0.426530
          0.426530
          0.426530
          0.426530
          0.426530
          0.426530
          0.426530
          0.426530
          0.426530
          0.426531
          0.426530
          0.426530
