          0.685985
          0.685522
          0.684826
          0.684337
          0.683973
          0.683667
          0.683401
          0.683175
          0.682970
          0.682785
          0.682620
          0.682466
          0.682328
          0.682207
          0.682099
          0.682006
          0.681919
          0.681844
          0.681776
          0.681712
          0.681659
          0.681614
          0.681580
          0.681545
          0.681516
          0.681493
          0.681470
          0.681449
          0.681431
          0.681417
          0.681404
          0.681390
          0.681382
          0.681370
          0.681363
          0.681356
          0.681350
          0.681345
          0.681340
          0.681337
          0.681335
          0.681333
          0.681331
          0.681329
          0.681329
          0.681327
          0.681325
          0.681325
          0.681326
          0.681326
          0.681316
          0.681317
          0.681317
          0.681319
          0.681319
          0.681321
          0.681321
          0.681321
          0.681323
          0.681323
          0.681324
          0.681324
          0.681325
          0.681326
          0.681325
          0.681326
          0.681327
          0.681327
          0.681328
          0.681328
          0.681329
          0.681329
          0.681330
          0.681330
          0.681330
          0.681331
          0.681331
          0.681332
          0.681333
          0.681331
          0.681333
          0.681333
          0.681333
          0.681333
          0.681333
          0.681335
          0.681334
          0.681335
          0.681334
          0.681334
          0.681335
          0.681334
          0.681334
          0.681334
          0.681335
          0.681335
          0.681336
          0.681335
          0.681335
          0.681334
          0.681335
          0.681335
          0.681335
          0.681335
          0.681335
          0.681336
          0.681335
          0.681335
          0.681336
          0.681336
          0.681336
          0.681336
          0.681336
          0.681337
          0.681337
          0.681337
          0.681336
          0.681337
          0.681337
          0.681337
          0.681337
          0.681337
          0.681337
          0.681337
          0.681338
          0.681337
          0.681337
          0.681338
          0.681337
          0.681337
          0.681337
          0.681337
          0.681337
          0.681338
          0.681338
          0.681337
          0.681337
          0.681338
          0.681337
          0.681336
          0.681337
          0.681337
          0.681337
          0.681337
          0.681337
          0.681337
          0.681336
          0.681336
          0.681337
          0.681337
          0.681337
          0.681337
          0.681338
          0.681338
          0.681337
          0.681337
          0.681337
          0.681337
          0.681337
          0.681337
          0.681337
          0.681337
          0.681337
          0.681336
          0.681337
          0.681337
          0.681337
          0.681337
          0.681336
          0.681337
          0.681337
          0.681337
          0.681336
          0.681336
          0.681337
          0.681336
          0.681336
          0.681336
          0.681335
          0.681337
          0.681336
          0.681337
          0.681337
          0.681337
          0.681336
          0.681336
          0.681337
          0.681336
          0.681336
          0.681337
          0.681337
          0.681336
          0.681337
          0.681336
          0.681336
          0.681336
          0.681336
          0.681337
          0.681337
          0.681336
          0.681337
          0.681337
          0.681336
          0.681337
          0.681337
          0.681337
          0.681336
          0.681337
          0.681337
          0.681337
          0.681337
          0.681337
          0.681336
          0.681337
          0.681336
          0.681337
          0.681337
          0.681337
          0.681337
          0.681336
          0.681337
          0.681336
          0.681337
          0.681336
          0.681336
          0.681337
          0.681335
          0.681336
          0.681337
          0.681336
          0.681336
          0.681336
          0.681336
          0.681336
          0.681335
          0.681336
          0.681335
          0.681336
          0.681336
          0.681336
          0.681336
          0.681336
          0.681336
          0.681336
          0.681336
          0.681336
          0.681336
          0.681336
          0.681336
          0.681337
          0.681336
          0.681337
