          0.999649
          0.999688
          0.999727
          0.999765
          0.999800
          0.999833
          0.999863
          0.999891
          0.999915
          0.999938
          0.999957
          0.999975
          0.999990
          1.000004
          1.000015
          1.000026
          1.000034
          1.000041
          1.000048
          1.000053
          1.000057
          1.000060
          1.000063
          1.000065
          1.000066
          1.000067
          1.000067
          1.000067
          1.000067
          1.000066
          1.000066
          1.000065
          1.000064
          1.000062
          1.000061
          1.000059
          1.000058
          1.000056
          1.000055
          1.000053
          1.000051
          1.000049
          1.000048
          1.000046
          1.000044
          1.000042
          1.000041
          1.000039
          1.000037
          1.000035
          1.000034
          1.000032
          1.000030
          1.000029
          1.000027
          1.000026
          1.000025
          1.000023
          1.000022
          1.000021
          1.000019
          1.000018
          1.000017
          1.000016
          1.000015
          1.000014
          1.000013
          1.000012
          1.000011
          1.000011
          1.000010
          1.000009
          1.000008
          1.000008
          1.000007
          1.000007
          1.000006
          1.000006
          1.000005
          1.000005
          1.000004
          1.000004
          1.000003
          1.000003
          1.000002
          1.000002
          1.000002
          1.000001
          1.000001
          1.000001
          1.000000
          1.000000
          1.000000
          1.000000
          0.999999
          0.999999
          0.999999
          0.999999
          0.999998
          0.999998
          0.999998
          0.999998
          0.999998
          0.999998
          0.999998
          0.999997
          0.999997
          0.999997
          0.999997
          0.999997
          0.999997
          0.999997
          0.999997
          0.999997
          0.999997
          0.999997
          0.999997
          0.999997
          0.999997
          0.999997
          0.999997
          0.999997
          0.999997
          0.999997
          0.999997
          0.999997
          0.999997
          0.999997
          0.999997
          0.999997
          0.999997
          0.999997
          0.999997
          0.999997
          0.999997
          0.999997
          0.999997
          0.999997
          0.999997
          0.999997
          0.999997
          0.999997
          0.999997
          0.999997
          0.999997
          0.999997
          0.999997
          0.999997
          0.999997
          0.999997
          0.999997
          0.999998
          0.999998
          0.999998
          0.999998
          0.999998
          0.999998
          0.999998
          0.999998
          0.999998
          0.999998
          0.999998
          0.999998
          0.999998
          0.999998
          0.999998
          0.999998
          0.999998
          0.999998
          0.999998
          0.999998
          0.999998
          0.999998
          0.999998
          0.999998
          0.999998
          0.999998
          0.999998
          0.999998
          0.999998
          0.999998
          0.999998
          0.999998
          0.999998
          0.999998
          0.999998
          0.999998
          0.999998
          0.999998
          0.999998
          0.999998
          0.999998
          0.999998
          0.999998
          0.999998
          0.999998
          0.999998
          0.999998
          0.999999
          0.999999
          0.999999
          0.999999
          0.999999
          0.999999
          0.999999
          0.999999
          0.999999
          0.999999
          0.999999
          0.999999
          0.999999
          0.999999
          0.999999
          0.999999
          0.999999
          0.999999
          0.999999
          0.999999
          0.999999
          0.999999
          0.999999
          0.999999
          0.999999
          0.999999
          0.999999
          0.999999
          0.999999
          0.999999
          0.999999
          0.999999
          0.999999
          0.999999
          0.999999
          0.999999
          0.999999
          0.999999
          0.999999
          0.999999
          0.999999
          0.999999
          0.999999
          0.999999
          0.999999
          0.999999
          0.999999
          0.999999
          1.000000
          1.000000
          1.000000
          1.000000
          1.000000
          1.000000
