          0.252106
          0.253121
          0.253074
          0.252986
          0.252890
          0.252794
          0.252703
          0.252619
          0.252543
          0.252473
          0.252410
          0.252353
          0.252302
          0.252256
          0.252215
          0.252177
          0.252144
          0.252114
          0.252087
          0.252062
          0.252041
          0.252021
          0.252003
          0.251987
          0.251973
          0.251960
          0.251949
          0.251938
          0.251929
          0.251921
          0.251914
          0.251907
          0.251901
          0.251895
          0.251890
          0.251886
          0.251882
          0.251878
          0.251875
          0.251872
          0.251870
          0.251867
          0.251865
          0.251864
          0.251862
          0.251860
          0.251859
          0.251858
          0.251857
          0.251856
          0.251855
          0.251854
          0.251854
          0.251853
          0.251852
          0.251852
          0.251852
          0.251851
          0.251851
          0.251851
          0.251850
          0.251850
          0.251850
          0.251850
          0.251850
          0.251850
          0.251849
          0.251849
          0.251849
          0.251849
          0.251849
          0.251849
          0.251849
          0.251849
          0.251849
          0.251849
          0.251849
          0.251849
          0.251849
          0.251849
          0.251849
          0.251849
          0.251849
          0.251849
          0.251849
          0.251849
          0.251849
          0.251849
          0.251849
          0.251849
          0.251849
          0.251849
          0.251849
          0.251849
          0.251849
          0.251849
          0.251849
          0.251849
          0.251849
          0.251849
          0.251849
          0.251849
          0.251849
          0.251849
          0.251849
          0.251849
          0.251849
          0.251849
          0.251849
          0.251850
          0.251850
          0.251849
          0.251850
          0.251849
          0.251850
          0.251850
          0.251850
          0.251850
          0.251850
          0.251850
          0.251850
          0.251850
          0.251850
          0.251850
          0.251850
          0.251850
          0.251850
          0.251850
          0.251850
          0.251850
          0.251850
          0.251850
          0.251850
          0.251850
          0.251850
          0.251850
          0.251850
          0.251850
          0.251850
          0.251850
          0.251850
          0.251850
          0.251850
          0.251850
          0.251850
          0.251850
          0.251850
          0.251850
          0.251850
          0.251850
          0.251850
          0.251850
          0.251850
          0.251850
          0.251850
          0.251850
          0.251850
          0.251850
          0.251850
          0.251850
          0.251850
          0.251850
          0.251850
          0.251850
          0.251850
          0.251850
          0.251850
          0.251850
          0.251850
          0.251850
          0.251850
          0.251850
          0.251850
          0.251850
          0.251850
          0.251850
          0.251850
          0.251850
          0.251850
          0.251850
          0.251850
          0.251850
          0.251850
          0.251850
          0.251850
          0.251850
          0.251850
          0.251850
          0.251850
          0.251850
          0.251850
          0.251850
          0.251850
          0.251850
          0.251850
          0.251850
          0.251850
          0.251850
          0.251850
          0.251850
          0.251850
          0.251850
          0.251850
          0.251850
          0.251850
          0.251850
          0.251850
          0.251850
          0.251850
          0.251850
          0.251850
          0.251850
          0.251850
          0.251850
          0.251850
          0.251850
          0.251850
          0.251850
          0.251850
          0.251850
          0.251850
          0.251850
          0.251850
          0.251850
          0.251850
          0.251850
          0.251850
          0.251850
          0.251850
          0.251850
          0.251850
          0.251850
          0.251850
          0.251850
          0.251850
          0.251850
          0.251850
          0.251850
          0.251850
          0.251850
          0.251850
          0.251850
          0.251850
          0.251850
          0.251850
          0.251850
          0.251850
          0.251850
          0.251850
          0.251850
          0.251850
          0.251850
