          0.039782
          0.040765
          0.040759
          0.040739
          0.040717
          0.040695
          0.040673
          0.040650
          0.040629
          0.040609
          0.040590
          0.040572
          0.040556
          0.040540
          0.040527
          0.040514
          0.040503
          0.040492
          0.040483
          0.040475
          0.040467
          0.040460
          0.040455
          0.040449
          0.040445
          0.040440
          0.040437
          0.040433
          0.040431
          0.040428
          0.040426
          0.040424
          0.040422
          0.040421
          0.040420
          0.040419
          0.040418
          0.040417
          0.040416
          0.040416
          0.040415
          0.040415
          0.040414
          0.040414
          0.040414
          0.040414
          0.040414
          0.040413
          0.040413
          0.040413
          0.040413
          0.040413
          0.040413
          0.040413
          0.040414
          0.040414
          0.040414
          0.040414
          0.040414
          0.040414
          0.040415
          0.040415
          0.040415
          0.040415
          0.040415
          0.040416
          0.040416
          0.040416
          0.040416
          0.040417
          0.040417
          0.040417
          0.040417
          0.040417
          0.040417
          0.040418
          0.040418
          0.040418
          0.040418
          0.040418
          0.040418
          0.040419
          0.040419
          0.040419
          0.040419
          0.040419
          0.040419
          0.040419
          0.040419
          0.040419
          0.040419
          0.040419
          0.040420
          0.040420
          0.040420
          0.040420
          0.040420
          0.040420
          0.040420
          0.040420
          0.040420
          0.040420
          0.040420
          0.040420
          0.040420
          0.040421
          0.040421
          0.040421
          0.040421
          0.040421
          0.040421
          0.040421
          0.040421
          0.040421
          0.040421
          0.040421
          0.040421
          0.040421
          0.040421
          0.040421
          0.040421
          0.040422
          0.040421
          0.040422
          0.040422
          0.040422
          0.040422
          0.040422
          0.040422
          0.040422
          0.040422
          0.040422
          0.040422
          0.040422
          0.040422
          0.040422
          0.040422
          0.040422
          0.040422
          0.040422
          0.040422
          0.040422
          0.040422
          0.040422
          0.040422
          0.040422
          0.040422
          0.040422
          0.040422
          0.040422
          0.040422
          0.040422
          0.040422
          0.040422
          0.040422
          0.040422
          0.040422
          0.040422
          0.040422
          0.040422
          0.040422
          0.040422
          0.040422
          0.040422
          0.040422
          0.040422
          0.040422
          0.040422
          0.040422
          0.040422
          0.040422
          0.040422
          0.040422
          0.040422
          0.040422
          0.040422
          0.040422
          0.040422
          0.040422
          0.040422
          0.040422
          0.040422
          0.040422
          0.040422
          0.040422
          0.040422
          0.040422
          0.040422
          0.040422
          0.040422
          0.040422
          0.040422
          0.040422
          0.040422
          0.040422
          0.040422
          0.040422
          0.040422
          0.040422
          0.040422
          0.040422
          0.040422
          0.040422
          0.040422
          0.040422
          0.040422
          0.040422
          0.040422
          0.040422
          0.040422
          0.040422
          0.040422
          0.040422
          0.040422
          0.040422
          0.040422
          0.040422
          0.040422
          0.040422
          0.040422
          0.040422
          0.040422
          0.040422
          0.040422
          0.040422
          0.040422
          0.040422
          0.040422
          0.040422
          0.040422
          0.040422
          0.040422
          0.040422
          0.040422
          0.040422
          0.040422
          0.040422
          0.040422
          0.040422
          0.040422
          0.040422
          0.040422
          0.040422
          0.040422
          0.040422
          0.040422
          0.040422
          0.040422
          0.040423
          0.040423
          0.040423
          0.040423
