          0.212324
          0.212356
          0.212315
          0.212247
          0.212172
          0.212099
          0.212031
          0.211969
          0.211913
          0.211864
          0.211820
          0.211781
          0.211747
          0.211716
          0.211688
          0.211664
          0.211641
          0.211622
          0.211604
          0.211588
          0.211573
          0.211560
          0.211549
          0.211538
          0.211529
          0.211520
          0.211512
          0.211505
          0.211499
          0.211493
          0.211488
          0.211482
          0.211478
          0.211474
          0.211471
          0.211467
          0.211464
          0.211461
          0.211459
          0.211457
          0.211455
          0.211453
          0.211451
          0.211450
          0.211448
          0.211447
          0.211446
          0.211445
          0.211443
          0.211442
          0.211442
          0.211441
          0.211440
          0.211439
          0.211439
          0.211438
          0.211438
          0.211437
          0.211437
          0.211436
          0.211436
          0.211435
          0.211435
          0.211435
          0.211434
          0.211434
          0.211434
          0.211433
          0.211433
          0.211433
          0.211433
          0.211432
          0.211432
          0.211432
          0.211432
          0.211431
          0.211431
          0.211431
          0.211431
          0.211431
          0.211431
          0.211431
          0.211430
          0.211430
          0.211430
          0.211430
          0.211430
          0.211430
          0.211430
          0.211430
          0.211430
          0.211430
          0.211430
          0.211430
          0.211429
          0.211429
          0.211429
          0.211429
          0.211429
          0.211429
          0.211429
          0.211429
          0.211429
          0.211429
          0.211429
          0.211429
          0.211429
          0.211429
          0.211429
          0.211429
          0.211429
          0.211429
          0.211428
          0.211428
          0.211428
          0.211428
          0.211428
          0.211428
          0.211428
          0.211428
          0.211428
          0.211428
          0.211428
          0.211428
          0.211428
          0.211428
          0.211428
          0.211428
          0.211428
          0.211428
          0.211428
          0.211428
          0.211428
          0.211428
          0.211428
          0.211428
          0.211428
          0.211428
          0.211428
          0.211428
          0.211428
          0.211428
          0.211428
          0.211428
          0.211428
          0.211428
          0.211428
          0.211428
          0.211428
          0.211428
          0.211428
          0.211428
          0.211428
          0.211428
          0.211428
          0.211428
          0.211428
          0.211428
          0.211428
          0.211428
          0.211428
          0.211428
          0.211428
          0.211428
          0.211428
          0.211428
          0.211428
          0.211428
          0.211428
          0.211428
          0.211428
          0.211428
          0.211428
          0.211428
          0.211428
          0.211428
          0.211428
          0.211428
          0.211428
          0.211428
          0.211428
          0.211428
          0.211428
          0.211428
          0.211428
          0.211428
          0.211428
          0.211428
          0.211428
          0.211428
          0.211428
          0.211428
          0.211428
          0.211428
          0.211428
          0.211428
          0.211428
          0.211428
          0.211428
          0.211428
          0.211428
          0.211428
          0.211428
          0.211428
          0.211428
          0.211428
          0.211428
          0.211428
          0.211428
          0.211428
          0.211428
          0.211428
          0.211428
          0.211428
          0.211428
          0.211428
          0.211428
          0.211428
          0.211428
          0.211428
          0.211428
          0.211428
          0.211428
          0.211428
          0.211428
          0.211428
          0.211428
          0.211428
          0.211428
          0.211428
          0.211428
          0.211428
          0.211428
          0.211428
          0.211428
          0.211428
          0.211428
          0.211428
          0.211428
          0.211428
          0.211428
          0.211428
          0.211428
          0.211428
          0.211428
          0.211428
          0.211428
          0.211428
          0.211428
          0.211427
          0.211427
          0.211427
