          1.761519
          1.761586
          1.761628
          1.761651
          1.761659
          1.761656
          1.761646
          1.761630
          1.761610
          1.761589
          1.761568
          1.761546
          1.761525
          1.761506
          1.761487
          1.761471
          1.761456
          1.761442
          1.761431
          1.761420
          1.761411
          1.761404
          1.761397
          1.761392
          1.761388
          1.761384
          1.761382
          1.761380
          1.761378
          1.761378
          1.761377
          1.761377
          1.761378
          1.761379
          1.761380
          1.761381
          1.761382
          1.761384
          1.761385
          1.761387
          1.761389
          1.761391
          1.761393
          1.761395
          1.761396
          1.761398
          1.761400
          1.761402
          1.761403
          1.761405
          1.761406
          1.761408
          1.761409
          1.761411
          1.761412
          1.761414
          1.761415
          1.761417
          1.761418
          1.761419
          1.761421
          1.761422
          1.761423
          1.761424
          1.761425
          1.761426
          1.761428
          1.761428
          1.761429
          1.761430
          1.761431
          1.761432
          1.761433
          1.761433
          1.761434
          1.761435
          1.761435
          1.761436
          1.761436
          1.761437
          1.761437
          1.761438
          1.761438
          1.761438
          1.761439
          1.761439
          1.761439
          1.761440
          1.761440
          1.761440
          1.761440
          1.761440
          1.761440
          1.761441
          1.761441
          1.761441
          1.761441
          1.761441
          1.761441
          1.761441
          1.761441
          1.761441
          1.761441
          1.761441
          1.761441
          1.761441
          1.761441
          1.761441
          1.761441
          1.761441
          1.761441
          1.761441
          1.761441
          1.761441
          1.761441
          1.761441
          1.761441
          1.761441
          1.761441
          1.761441
          1.761441
          1.761441
          1.761441
          1.761441
          1.761440
          1.761440
          1.761440
          1.761440
          1.761440
          1.761440
          1.761440
          1.761440
          1.761440
          1.761440
          1.761440
          1.761440
          1.761440
          1.761439
          1.761440
          1.761439
          1.761439
          1.761439
          1.761439
          1.761439
          1.761439
          1.761439
          1.761438
          1.761439
          1.761438
          1.761438
          1.761438
          1.761438
          1.761438
          1.761438
          1.761438
          1.761438
          1.761438
          1.761438
          1.761438
          1.761438
          1.761438
          1.761437
          1.761437
          1.761437
          1.761437
          1.761437
          1.761437
          1.761437
          1.761437
          1.761437
          1.761437
          1.761437
          1.761437
          1.761436
          1.761436
          1.761436
          1.761436
          1.761436
          1.761436
          1.761436
          1.761436
          1.761436
          1.761436
          1.761436
          1.761436
          1.761436
          1.761435
          1.761435
          1.761435
          1.761435
          1.761435
          1.761435
          1.761435
          1.761435
          1.761435
          1.761435
          1.761435
          1.761435
          1.761435
          1.761435
          1.761435
          1.761435
          1.761435
          1.761435
          1.761435
          1.761435
          1.761435
          1.761435
          1.761435
          1.761435
          1.761435
          1.761435
          1.761435
          1.761435
          1.761434
          1.761434
          1.761435
          1.761434
          1.761434
          1.761434
          1.761434
          1.761434
          1.761434
          1.761434
          1.761434
          1.761434
          1.761434
          1.761434
          1.761434
          1.761434
          1.761434
          1.761433
          1.761433
          1.761433
          1.761433
          1.761433
          1.761433
          1.761433
          1.761433
          1.761433
          1.761433
          1.761433
          1.761433
          1.761433
          1.761433
          1.761433
          1.761433
          1.761433
          1.761433
          1.761433
          1.761433
          1.761433
