          1.511621
          1.512023
          1.511807
          1.511582
          1.511374
          1.511175
          1.510992
          1.510837
          1.510697
          1.510572
          1.510464
          1.510365
          1.510279
          1.510205
          1.510142
          1.510090
          1.510040
          1.510001
          1.509965
          1.509931
          1.509904
          1.509881
          1.509865
          1.509846
          1.509832
          1.509823
          1.509811
          1.509802
          1.509793
          1.509789
          1.509786
          1.509778
          1.509778
          1.509772
          1.509771
          1.509770
          1.509769
          1.509768
          1.509768
          1.509769
          1.509769
          1.509769
          1.509771
          1.509771
          1.509773
          1.509773
          1.509771
          1.509774
          1.509779
          1.509779
          1.509767
          1.509769
          1.509770
          1.509775
          1.509775
          1.509778
          1.509777
          1.509778
          1.509782
          1.509783
          1.509783
          1.509783
          1.509785
          1.509787
          1.509786
          1.509786
          1.509790
          1.509788
          1.509791
          1.509792
          1.509793
          1.509793
          1.509794
          1.509795
          1.509795
          1.509796
          1.509797
          1.509800
          1.509801
          1.509796
          1.509800
          1.509801
          1.509801
          1.509801
          1.509801
          1.509805
          1.509801
          1.509804
          1.509803
          1.509802
          1.509804
          1.509802
          1.509803
          1.509803
          1.509804
          1.509804
          1.509806
          1.509803
          1.509804
          1.509802
          1.509804
          1.509803
          1.509803
          1.509804
          1.509803
          1.509805
          1.509804
          1.509803
          1.509804
          1.509805
          1.509804
          1.509805
          1.509803
          1.509805
          1.509806
          1.509806
          1.509804
          1.509804
          1.509805
          1.509805
          1.509807
          1.509804
          1.509806
          1.509806
          1.509807
          1.509806
          1.509806
          1.509807
          1.509805
          1.509804
          1.509806
          1.509805
          1.509805
          1.509807
          1.509806
          1.509804
          1.509805
          1.509807
          1.509805
          1.509802
          1.509804
          1.509805
          1.509803
          1.509805
          1.509804
          1.509805
          1.509803
          1.509803
          1.509803
          1.509803
          1.509803
          1.509804
          1.509805
          1.509805
          1.509804
          1.509803
          1.509803
          1.509804
          1.509803
          1.509804
          1.509803
          1.509803
          1.509804
          1.509802
          1.509803
          1.509804
          1.509804
          1.509804
          1.509801
          1.509803
          1.509803
          1.509803
          1.509801
          1.509802
          1.509803
          1.509801
          1.509802
          1.509802
          1.509799
          1.509802
          1.509801
          1.509802
          1.509802
          1.509803
          1.509801
          1.509800
          1.509803
          1.509801
          1.509799
          1.509802
          1.509802
          1.509801
          1.509801
          1.509800
          1.509800
          1.509800
          1.509799
          1.509802
          1.509802
          1.509800
          1.509801
          1.509801
          1.509799
          1.509802
          1.509803
          1.509802
          1.509800
          1.509801
          1.509802
          1.509802
          1.509803
          1.509802
          1.509800
          1.509802
          1.509801
          1.509803
          1.509802
          1.509802
          1.509802
          1.509800
          1.509802
          1.509800
          1.509802
          1.509801
          1.509799
          1.509802
          1.509798
          1.509801
          1.509801
          1.509799
          1.509799
          1.509799
          1.509800
          1.509799
          1.509798
          1.509798
          1.509798
          1.509798
          1.509798
          1.509798
          1.509799
          1.509798
          1.509799
          1.509798
          1.509799
          1.509799
          1.509798
          1.509798
          1.509799
          1.509801
          1.509797
          1.509800
