          0.008668
          0.008671
          0.008669
          0.008667
          0.008665
          0.008663
          0.008661
          0.008659
          0.008657
          0.008656
          0.008654
          0.008653
          0.008651
          0.008650
          0.008649
          0.008648
          0.008647
          0.008646
          0.008645
          0.008644
          0.008644
          0.008643
          0.008643
          0.008642
          0.008642
          0.008641
          0.008641
          0.008640
          0.008640
          0.008640
          0.008640
          0.008639
          0.008639
          0.008639
          0.008639
          0.008639
          0.008638
          0.008638
          0.008638
          0.008638
          0.008638
          0.008638
          0.008638
          0.008638
          0.008638
          0.008638
          0.008637
          0.008637
          0.008637
          0.008637
          0.008637
          0.008637
          0.008637
          0.008637
          0.008637
          0.008637
          0.008637
          0.008637
          0.008637
          0.008637
          0.008637
          0.008637
          0.008637
          0.008637
          0.008637
          0.008637
          0.008637
          0.008637
          0.008637
          0.008637
          0.008637
          0.008637
          0.008637
          0.008637
          0.008637
          0.008637
          0.008637
          0.008637
          0.008637
          0.008637
          0.008637
          0.008637
          0.008637
          0.008637
          0.008637
          0.008637
          0.008637
          0.008637
          0.008637
          0.008637
          0.008637
          0.008637
          0.008637
          0.008637
          0.008637
          0.008637
          0.008637
          0.008637
          0.008637
          0.008637
          0.008637
          0.008637
          0.008637
          0.008637
          0.008637
          0.008637
          0.008637
          0.008637
          0.008637
          0.008637
          0.008637
          0.008637
          0.008637
          0.008637
          0.008637
          0.008637
          0.008637
          0.008637
          0.008637
          0.008637
          0.008637
          0.008637
          0.008637
          0.008637
          0.008637
          0.008637
          0.008637
          0.008637
          0.008637
          0.008637
          0.008637
          0.008637
          0.008637
          0.008637
          0.008637
          0.008637
          0.008637
          0.008637
          0.008637
          0.008637
          0.008637
          0.008637
          0.008637
          0.008637
          0.008637
          0.008637
          0.008637
          0.008637
          0.008637
          0.008637
          0.008637
          0.008637
          0.008637
          0.008637
          0.008637
          0.008637
          0.008637
          0.008637
          0.008637
          0.008637
          0.008637
          0.008637
          0.008637
          0.008637
          0.008637
          0.008637
          0.008637
          0.008637
          0.008637
          0.008637
          0.008637
          0.008637
          0.008637
          0.008637
          0.008637
          0.008637
          0.008637
          0.008637
          0.008637
          0.008637
          0.008637
          0.008637
          0.008637
          0.008637
          0.008637
          0.008637
          0.008637
          0.008637
          0.008637
          0.008637
          0.008637
          0.008637
          0.008637
          0.008637
          0.008637
          0.008637
          0.008637
          0.008637
          0.008637
          0.008637
          0.008637
          0.008637
          0.008637
          0.008637
          0.008637
          0.008637
          0.008637
          0.008637
          0.008637
          0.008637
          0.008637
          0.008637
          0.008637
          0.008637
          0.008637
          0.008637
          0.008637
          0.008637
          0.008637
          0.008637
          0.008637
          0.008637
          0.008637
          0.008637
          0.008637
          0.008637
          0.008637
          0.008637
          0.008637
          0.008637
          0.008637
          0.008637
          0.008637
          0.008637
          0.008637
          0.008637
          0.008637
          0.008637
          0.008637
          0.008637
          0.008637
          0.008637
          0.008637
          0.008637
          0.008637
          0.008637
          0.008637
          0.008637
          0.008637
          0.008637
          0.008637
          0.008637
          1.000136
          1.000129
          1.000120
          1.000110
          1.000101
          1.000092
          1.000083
          1.000075
          1.000067
          1.000060
          1.000053
          1.000047
          1.000042
          1.000037
          1.000032
          1.000028
          1.000024
          1.000021
          1.000018
          1.000015
          1.000013
          1.000010
          1.000009
          1.000007
          1.000005
          1.000004
          1.000003
          1.000002
          1.000001
          1.000000
          1.000000
          0.999999
          0.999998
          0.999998
          0.999998
          0.999997
          0.999997
          0.999997
          0.999996
          0.999996
          0.999996
          0.999996
          0.999996
          0.999996
          0.999996
          0.999996
          0.999996
          0.999996
          0.999996
          0.999996
          0.999996
          0.999996
          0.999996
          0.999996
          0.999996
          0.999996
          0.999996
          0.999996
          0.999996
          0.999996
          0.999996
          0.999997
          0.999997
          0.999997
          0.999997
          0.999997
          0.999997
          0.999997
          0.999997
          0.999997
          0.999997
          0.999997
          0.999997
          0.999998
          0.999998
          0.999998
          0.999998
          0.999998
          0.999998
          0.999998
          0.999998
          0.999998
          0.999998
          0.999998
          0.999998
          0.999998
          0.999998
          0.999998
          0.999998
          0.999998
          0.999998
          0.999998
          0.999998
          0.999999
          0.999999
          0.999999
          0.999999
          0.999999
          0.999999
          0.999999
          0.999999
          0.999999
          0.999999
          0.999999
          0.999999
          0.999999
          0.999999
          0.999999
          0.999999
          0.999999
          0.999999
          0.999999
          0.999999
          0.999999
          0.999999
          0.999999
          0.999999
          0.999999
          0.999999
          0.999999
          0.999999
          0.999999
          0.999999
          0.999999
          0.999999
          0.999999
          0.999999
          0.999999
          0.999999
          0.999999
          0.999999
          0.999999
          0.999999
          0.999999
          0.999999
          0.999999
          0.999999
          0.999999
          0.999999
          0.999999
          0.999999
          0.999999
          0.999999
          0.999999
          0.999999
          1.000000
          1.000000
          1.000000
          1.000000
          1.000000
          1.000000
          1.000000
          1.000000
          1.000000
          1.000000
          1.000000
          1.000000
          1.000000
          1.000000
          1.000000
          1.000000
          1.000000
          1.000000
          1.000000
          1.000000
          1.000000
          1.000000
          1.000000
          1.000000
          1.000000
          1.000000
          1.000000
          1.000000
          1.000000
          1.000000
          1.000000
          1.000000
          1.000000
          1.000000
          1.000000
          1.000000
          1.000000
          1.000000
          1.000000
          1.000000
          1.000000
          1.000000
          1.000000
          1.000000
          1.000000
          1.000000
          1.000000
          1.000000
          1.000000
          1.000000
          1.000000
          1.000000
          1.000000
          1.000000
          1.000000
          1.000000
          1.000000
          1.000000
          1.000000
          1.000000
          1.000000
          1.000000
          1.000000
          1.000000
          1.000000
          1.000000
          1.000000
          1.000000
          1.000000
          1.000000
          1.000000
          1.000000
          1.000000
          1.000000
          1.000000
          1.000000
          1.000000
          1.000000
          1.000000
          1.000000
          1.000000
          1.000000
          1.000000
          1.000000
          1.000000
          1.000000
          1.000000
          1.000000
          1.000000
          1.000000
          1.000000
          1.000000
          1.000000
          1.000000
          1.000000
          1.000000
          1.000000
          1.000000
          1.000000
          1.000000
          1.000000
          1.000000
          1.000000
          1.000000
          1.000000
          1.000000
          1.000000
          1.511621
          1.512023
          1.511807
          1.511582
          1.511374
          1.511175
          1.510992
          1.510837
          1.510697
          1.510572
          1.510464
          1.510365
          1.510279
          1.510205
          1.510142
          1.510090
          1.510040
          1.510001
          1.509965
          1.509931
          1.509904
          1.509881
          1.509865
          1.509846
          1.509832
          1.509823
          1.509811
          1.509802
          1.509793
          1.509789
          1.509786
          1.509778
          1.509778
          1.509772
          1.509771
          1.509770
          1.509769
          1.509768
          1.509768
          1.509769
          1.509769
          1.509769
          1.509771
          1.509771
          1.509773
          1.509773
          1.509771
          1.509774
          1.509779
          1.509779
          1.509767
          1.509769
          1.509770
          1.509775
          1.509775
          1.509778
          1.509777
          1.509778
          1.509782
          1.509783
          1.509783
          1.509783
          1.509785
          1.509787
          1.509786
          1.509786
          1.509790
          1.509788
          1.509791
          1.509792
          1.509793
          1.509793
          1.509794
          1.509795
          1.509795
          1.509796
          1.509797
          1.509800
          1.509801
          1.509796
          1.509800
          1.509801
          1.509801
          1.509801
          1.509801
          1.509805
          1.509801
          1.509804
          1.509803
          1.509802
          1.509804
          1.509802
          1.509803
          1.509803
          1.509804
          1.509804
          1.509806
          1.509803
          1.509804
          1.509802
          1.509804
          1.509803
          1.509803
          1.509804
          1.509803
          1.509805
          1.509804
          1.509803
          1.509804
          1.509805
          1.509804
          1.509805
          1.509803
          1.509805
          1.509806
          1.509806
          1.509804
          1.509804
          1.509805
          1.509805
          1.509807
          1.509804
          1.509806
          1.509806
          1.509807
          1.509806
          1.509806
          1.509807
          1.509805
          1.509804
          1.509806
          1.509805
          1.509805
          1.509807
          1.509806
          1.509804
          1.509805
          1.509807
          1.509805
          1.509802
          1.509804
          1.509805
          1.509803
          1.509805
          1.509804
          1.509805
          1.509803
          1.509803
          1.509803
          1.509803
          1.509803
          1.509804
          1.509805
          1.509805
          1.509804
          1.509803
          1.509803
          1.509804
          1.509803
          1.509804
          1.509803
          1.509803
          1.509804
          1.509802
          1.509803
          1.509804
          1.509804
          1.509804
          1.509801
          1.509803
          1.509803
          1.509803
          1.509801
          1.509802
          1.509803
          1.509801
          1.509802
          1.509802
          1.509799
          1.509802
          1.509801
          1.509802
          1.509802
          1.509803
          1.509801
          1.509800
          1.509803
          1.509801
          1.509799
          1.509802
          1.509802
          1.509801
          1.509801
          1.509800
          1.509800
          1.509800
          1.509799
          1.509802
          1.509802
          1.509800
          1.509801
          1.509801
          1.509799
          1.509802
          1.509803
          1.509802
          1.509800
          1.509801
          1.509802
          1.509802
          1.509803
          1.509802
          1.509800
          1.509802
          1.509801
          1.509803
          1.509802
          1.509802
          1.509802
          1.509800
          1.509802
          1.509800
          1.509802
          1.509801
          1.509799
          1.509802
          1.509798
          1.509801
          1.509801
          1.509799
          1.509799
          1.509799
          1.509800
          1.509799
          1.509798
          1.509798
          1.509798
          1.509798
          1.509798
          1.509798
          1.509799
          1.509798
          1.509799
          1.509798
          1.509799
          1.509799
          1.509798
          1.509798
          1.509799
          1.509801
          1.509797
          1.509800
          0.685985
          0.685522
          0.684826
          0.684337
          0.683973
          0.683667
          0.683401
          0.683175
          0.682970
          0.682785
          0.682620
          0.682466
          0.682328
          0.682207
          0.682099
          0.682006
          0.681919
          0.681844
          0.681776
          0.681712
          0.681659
          0.681614
          0.681580
          0.681545
          0.681516
          0.681493
          0.681470
          0.681449
          0.681431
          0.681417
          0.681404
          0.681390
          0.681382
          0.681370
          0.681363
          0.681356
          0.681350
          0.681345
          0.681340
          0.681337
          0.681335
          0.681333
          0.681331
          0.681329
          0.681329
          0.681327
          0.681325
          0.681325
          0.681326
          0.681326
          0.681316
          0.681317
          0.681317
          0.681319
          0.681319
          0.681321
          0.681321
          0.681321
          0.681323
          0.681323
          0.681324
          0.681324
          0.681325
          0.681326
          0.681325
          0.681326
          0.681327
          0.681327
          0.681328
          0.681328
          0.681329
          0.681329
          0.681330
          0.681330
          0.681330
          0.681331
          0.681331
          0.681332
          0.681333
          0.681331
          0.681333
          0.681333
          0.681333
          0.681333
          0.681333
          0.681335
          0.681334
          0.681335
          0.681334
          0.681334
          0.681335
          0.681334
          0.681334
          0.681334
          0.681335
          0.681335
          0.681336
          0.681335
          0.681335
          0.681334
          0.681335
          0.681335
          0.681335
          0.681335
          0.681335
          0.681336
          0.681335
          0.681335
          0.681336
          0.681336
          0.681336
          0.681336
          0.681336
          0.681337
          0.681337
          0.681337
          0.681336
          0.681337
          0.681337
          0.681337
          0.681337
          0.681337
          0.681337
          0.681337
          0.681338
          0.681337
          0.681337
          0.681338
          0.681337
          0.681337
          0.681337
          0.681337
          0.681337
          0.681338
          0.681338
          0.681337
          0.681337
          0.681338
          0.681337
          0.681336
          0.681337
          0.681337
          0.681337
          0.681337
          0.681337
          0.681337
          0.681336
          0.681336
          0.681337
          0.681337
          0.681337
          0.681337
          0.681338
          0.681338
          0.681337
          0.681337
          0.681337
          0.681337
          0.681337
          0.681337
          0.681337
          0.681337
          0.681337
          0.681336
          0.681337
          0.681337
          0.681337
          0.681337
          0.681336
          0.681337
          0.681337
          0.681337
          0.681336
          0.681336
          0.681337
          0.681336
          0.681336
          0.681336
          0.681335
          0.681337
          0.681336
          0.681337
          0.681337
          0.681337
          0.681336
          0.681336
          0.681337
          0.681336
          0.681336
          0.681337
          0.681337
          0.681336
          0.681337
          0.681336
          0.681336
          0.681336
          0.681336
          0.681337
          0.681337
          0.681336
          0.681337
          0.681337
          0.681336
          0.681337
          0.681337
          0.681337
          0.681336
          0.681337
          0.681337
          0.681337
          0.681337
          0.681337
          0.681336
          0.681337
          0.681336
          0.681337
          0.681337
          0.681337
          0.681337
          0.681336
          0.681337
          0.681336
          0.681337
          0.681336
          0.681336
          0.681337
          0.681335
          0.681336
          0.681337
          0.681336
          0.681336
          0.681336
          0.681336
          0.681336
          0.681335
          0.681336
          0.681335
          0.681336
          0.681336
          0.681336
          0.681336
          0.681336
          0.681336
          0.681336
          0.681336
          0.681336
          0.681336
          0.681336
          0.681336
          0.681337
          0.681336
          0.681337
         -0.003212
         -0.001200
         -0.001101
         -0.000996
         -0.000896
         -0.000799
         -0.000707
         -0.000627
         -0.000554
         -0.000488
         -0.000428
         -0.000374
         -0.000326
         -0.000283
         -0.000246
         -0.000215
         -0.000185
         -0.000160
         -0.000137
         -0.000116
         -0.000098
         -0.000083
         -0.000071
         -0.000058
         -0.000048
         -0.000040
         -0.000032
         -0.000024
         -0.000018
         -0.000013
         -0.000010
         -0.000004
         -0.000002
          0.000003
          0.000005
          0.000007
          0.000008
          0.000010
          0.000012
          0.000012
          0.000013
          0.000014
          0.000014
          0.000015
          0.000015
          0.000015
          0.000017
          0.000016
          0.000014
          0.000015
          0.000020
          0.000020
          0.000020
          0.000018
          0.000018
          0.000017
          0.000018
          0.000018
          0.000016
          0.000016
          0.000016
          0.000016
          0.000015
          0.000014
          0.000015
          0.000015
          0.000013
          0.000014
          0.000013
          0.000012
          0.000012
          0.000012
          0.000011
          0.000011
          0.000011
          0.000010
          0.000010
          0.000009
          0.000008
          0.000010
          0.000008
          0.000008
          0.000008
          0.000008
          0.000008
          0.000006
          0.000008
          0.000006
          0.000006
          0.000007
          0.000006
          0.000007
          0.000006
          0.000007
          0.000005
          0.000006
          0.000005
          0.000006
          0.000005
          0.000006
          0.000005
          0.000005
          0.000006
          0.000005
          0.000005
          0.000004
          0.000005
          0.000005
          0.000004
          0.000004
          0.000004
          0.000004
          0.000005
          0.000003
          0.000003
          0.000003
          0.000004
          0.000003
          0.000003
          0.000003
          0.000002
          0.000003
          0.000002
          0.000002
          0.000002
          0.000002
          0.000002
          0.000002
          0.000002
          0.000003
          0.000002
          0.000002
          0.000002
          0.000001
          0.000001
          0.000002
          0.000002
          0.000001
          0.000002
          0.000003
          0.000002
          0.000002
          0.000003
          0.000002
          0.000002
          0.000002
          0.000003
          0.000003
          0.000002
          0.000002
          0.000002
          0.000002
          0.000001
          0.000001
          0.000001
          0.000002
          0.000002
          0.000002
          0.000002
          0.000001
          0.000002
          0.000002
          0.000001
          0.000002
          0.000002
          0.000001
          0.000001
          0.000001
          0.000002
          0.000001
          0.000001
          0.000001
          0.000002
          0.000001
          0.000001
          0.000002
          0.000001
          0.000001
          0.000002
          0.000001
          0.000001
          0.000001
          0.000001
          0.000001
          0.000001
          0.000002
          0.000001
          0.000001
          0.000002
          0.000001
          0.000001
          0.000001
          0.000001
          0.000002
          0.000002
          0.000002
          0.000002
          0.000000
          0.000001
          0.000001
          0.000001
          0.000001
          0.000002
          0.000000
         -0.000000
          0.000000
          0.000001
          0.000001
          0.000000
          0.000000
         -0.000000
          0.000000
          0.000001
          0.000000
          0.000001
         -0.000000
          0.000000
          0.000000
          0.000000
          0.000001
          0.000000
          0.000001
          0.000000
          0.000001
          0.000001
          0.000000
          0.000002
          0.000001
          0.000000
          0.000001
          0.000001
          0.000001
          0.000001
          0.000001
          0.000002
          0.000002
          0.000002
          0.000002
          0.000002
          0.000002
          0.000001
          0.000002
          0.000001
          0.000002
          0.000001
          0.000001
          0.000002
          0.000002
          0.000001
          0.000000
          0.000002
          0.000001
