  8.668053564437376E-003  8.671217780310832E-003  8.669203092826951E-003
  8.667115599981285E-003  8.665099581374191E-003  8.663049420519400E-003
  8.661022044569576E-003  8.659149242469499E-003  8.657353967632942E-003
  8.655670152819497E-003  8.654105156422757E-003  8.652617133844494E-003
  8.651238976149648E-003  8.649983139318293E-003  8.648834288987243E-003
  8.647805406119811E-003  8.646825110704080E-003  8.645958856895499E-003
  8.645157782393539E-003  8.644393197422773E-003  8.643722764867920E-003
  8.643120997022462E-003  8.642585910440332E-003  8.642057717276311E-003
  8.641589895387351E-003  8.641194558233261E-003  8.640799623875492E-003
  8.640439615277608E-003  8.640106894030756E-003  8.639842799218303E-003
  8.639596232411458E-003  8.639317987682832E-003  8.639140116964960E-003
  8.638905019235176E-003  8.638726293412865E-003  8.638565317389052E-003
  8.638422798035342E-003  8.638274469646200E-003  8.638148436176092E-003
  8.638043975867071E-003  8.637941100284909E-003  8.637841808803158E-003
  8.637756637806013E-003  8.637663217407891E-003  8.637595721974391E-003
  8.637523988789732E-003  8.637427036333190E-003  8.637384770347211E-003
  8.637369391748370E-003  8.637306559563089E-003  8.637276195368079E-003
  8.637204252091676E-003  8.637127197559158E-003  8.637119190612511E-003
  8.637057466739423E-003  8.637055887544541E-003  8.636996021758983E-003
  8.636952400514944E-003  8.636976948336223E-003  8.636950789267036E-003
  8.636920464997122E-003  8.636896298504391E-003  8.636890682655397E-003
  8.636901726443413E-003  8.636853557800351E-003  8.636836940039109E-003
  8.636875106564265E-003  8.636828139475514E-003  8.636850442601349E-003
  8.636846404444461E-003  8.636844350132443E-003  8.636843025683683E-003
  8.636842616359689E-003  8.636848260192611E-003  8.636838550948732E-003
  8.636844073935276E-003  8.636831563420393E-003  8.636877406158662E-003
  8.636890839012798E-003  8.636813284657345E-003  8.636869462673205E-003
  8.636868891140403E-003  8.636861607074048E-003  8.636866457727783E-003
  8.636863865554461E-003  8.636916075994346E-003  8.636864245009344E-003
  8.636912087722319E-003  8.636905612946173E-003  8.636888056614039E-003
  8.636910290642447E-003  8.636873292083800E-003  8.636886719406869E-003
  8.636886875577489E-003  8.636923606970524E-003  8.636921513820792E-003
  8.636945858817349E-003  8.636897127292011E-003  8.636933107066279E-003
  8.636902803717407E-003  8.636943508165519E-003  8.636939447627086E-003
  8.636932324380554E-003  8.636951865831353E-003  8.636940281257569E-003
  8.636980222418411E-003  8.636962373379064E-003  8.636962876742482E-003
  8.636981425272035E-003  8.636980351454434E-003  8.636970524867296E-003
  8.637012276768885E-003  8.636976404464617E-003  8.637029858897246E-003
  8.637038192787433E-003  8.637038350313120E-003  8.637017649681476E-003
  8.637036235355987E-003  8.637047570649328E-003  8.637048466980695E-003
  8.637081934115425E-003  8.637045331646402E-003  8.637081555918320E-003
  8.637083012377655E-003  8.637099184362821E-003  8.637094924845767E-003
  8.637089688038790E-003  8.637106574959542E-003  8.637090393896771E-003
  8.637079189778615E-003  8.637116474676307E-003  8.637097413258207E-003
  8.637112800177675E-003  8.637144838899947E-003  8.637131722064423E-003
  8.637106195187110E-003  8.637132344583576E-003  8.637160768672934E-003
  8.637139437984078E-003  8.637102730695487E-003  8.637133216719130E-003
  8.637152393054476E-003  8.637127119849977E-003  8.637154406125825E-003
  8.637143729771654E-003  8.637152801225241E-003  8.637125973888389E-003
  8.637138461438468E-003  8.637149632719979E-003  8.637153632481355E-003
  8.637154833580379E-003  8.637157592444650E-003  8.637193364957189E-003
  8.637203406713418E-003  8.637198695695441E-003  8.637181654907266E-003
  8.637189645379966E-003  8.637202112505658E-003  8.637177494263761E-003
  8.637206082882369E-003  8.637191551857907E-003  8.637192482680718E-003
  8.637220482539672E-003  8.637178672850777E-003  8.637199191630853E-003
  8.637228460347667E-003  8.637232703111820E-003  8.637237880165622E-003
  8.637205796078681E-003  8.637236595376586E-003  8.637243686436357E-003
  8.637237024388995E-003  8.637209464448610E-003  8.637223798971248E-003
  8.637236867143357E-003  8.637227521584353E-003  8.637231336005958E-003
  8.637234632849386E-003  8.637200599570106E-003  8.637252717080398E-003
  8.637239237303709E-003  8.637261348620711E-003  8.637262293913133E-003
  8.637283941573710E-003  8.637260836475634E-003  8.637233095019388E-003
  8.637286554331051E-003  8.637257172830544E-003  8.637230095234445E-003
  8.637280624563386E-003  8.637280468589066E-003  8.637269133223463E-003
  8.637281482290335E-003  8.637266079587881E-003  8.637275572205626E-003
  8.637272748021547E-003  8.637264132202031E-003  8.637307936837877E-003
  8.637298584444567E-003  8.637280247561946E-003  8.637297178556328E-003
  8.637314175983270E-003  8.637263923108167E-003  8.637314365334445E-003
  8.637333741041437E-003  8.637316104537142E-003  8.637296043531592E-003
  8.637314285329841E-003  8.637329599658633E-003  8.637328667331747E-003
  8.637339152440224E-003  8.637322225283166E-003  8.637305296114541E-003
  8.637330068549538E-003  8.637299434525139E-003  8.637345656421670E-003
  8.637334760368008E-003  8.637332353854813E-003  8.637331715319305E-003
  8.637290378574988E-003  8.637329583520682E-003  8.637306873529094E-003
  8.637339340929345E-003  8.637313220183882E-003  8.637298662983713E-003
  8.637340357144538E-003  8.637291584444953E-003  8.637325161481670E-003
  8.637340992948659E-003  8.637305049665105E-003  8.637303827670419E-003
  8.637296718816334E-003  8.637319709015493E-003  8.637300574580394E-003
  8.637300943540442E-003  8.637308232310525E-003  8.637296765704350E-003
  8.637314870887002E-003  8.637318324272739E-003  8.637315494615444E-003
  8.637324760028722E-003  8.637307485562226E-003  8.637325143990031E-003
  8.637313459482730E-003  8.637321403246726E-003  8.637330251993302E-003
  8.637316111880729E-003  8.637305122742888E-003  8.637321527440678E-003
  8.637359950573187E-003  8.637293254256852E-003  8.637315660664375E-003
   1.00013565532365        1.00012867364465        1.00011957614766     
   1.00011026146141        1.00010098666731        1.00009191571710     
   1.00008320512081        1.00007495886902        1.00006721141694     
   1.00005999987840        1.00005333355546        1.00004720587042     
   1.00004161286325        1.00003653169913        1.00003192937427     
   1.00002777315025        1.00002402320013        1.00002066048434     
   1.00001764375477        1.00001494651306        1.00001255073720     
   1.00001041966092        1.00000852461950        1.00000683788383     
   1.00000535144765        1.00000404061163        1.00000287726952     
   1.00000185697437        1.00000096471013        1.00000018824171     
  0.999999502589917       0.999998899578184       0.999998387035266     
  0.999997931017244       0.999997547921097       0.999997218297539     
  0.999996935171490       0.999996691688616       0.999996488802839     
  0.999996318692189       0.999996173992424       0.999996053943074     
  0.999995957289884       0.999995879437866       0.999995823190790     
  0.999995780633067       0.999995753765221       0.999995751127798     
  0.999995755764905       0.999995759886745       0.999995779872993     
  0.999995807168615       0.999995853308435       0.999995918947419     
  0.999995981775173       0.999996058567365       0.999996130424309     
  0.999996215781849       0.999996309481124       0.999996390098761     
  0.999996473959584       0.999996562795222       0.999996654880086     
  0.999996744565411       0.999996826836738       0.999996920627092     
  0.999997016087747       0.999997096021822       0.999997187374038     
  0.999997268386127       0.999997347551329       0.999997424420699     
  0.999997498972857       0.999997571024662       0.999997638780691     
  0.999997707272237       0.999997771834098       0.999997838234619     
  0.999997888275777       0.999997932596154       0.999998000091325     
  0.999998048588632       0.999998096128579       0.999998145029212     
  0.999998191662932       0.999998238487976       0.999998268393396     
  0.999998314501533       0.999998345574745       0.999998379008669     
  0.999998418422554       0.999998451319076       0.999998496538097     
  0.999998538247963       0.999998580705030       0.999998612424941     
  0.999998645777995       0.999998672600888       0.999998716205007     
  0.999998749960512       0.999998794679730       0.999998827899761     
  0.999998863692772       0.999998902904753       0.999998937043326     
  0.999998975790748       0.999999002934778       0.999999036715130     
  0.999999071274956       0.999999100833658       0.999999131563418     
  0.999999166305869       0.999999188816349       0.999999223447112     
  0.999999241952862       0.999999258514713       0.999999275765527     
  0.999999300296152       0.999999319634184       0.999999335914789     
  0.999999352370411       0.999999358802485       0.999999377330689     
  0.999999384932336       0.999999392568510       0.999999395643127     
  0.999999400729363       0.999999408144707       0.999999411036184     
  0.999999419960809       0.999999433221038       0.999999435459355     
  0.999999444448816       0.999999449320460       0.999999444911888     
  0.999999445720795       0.999999455791224       0.999999458761122     
  0.999999453943216       0.999999457213420       0.999999473318168     
  0.999999480875033       0.999999483375380       0.999999494774970     
  0.999999498462656       0.999999506511394       0.999999512735542     
  0.999999528470842       0.999999541245530       0.999999551279006     
  0.999999560767589       0.999999570486557       0.999999579802627     
  0.999999578436824       0.999999574748291       0.999999573570538     
  0.999999578780851       0.999999582436110       0.999999583070334     
  0.999999592290812       0.999999593352216       0.999999599886178     
  0.999999606911643       0.999999605850528       0.999999618749052     
  0.999999625876135       0.999999624459210       0.999999622545983     
  0.999999620084923       0.999999628837781       0.999999628881211     
  0.999999627761524       0.999999629905311       0.999999641817300     
  0.999999650133828       0.999999655248390       0.999999664264093     
  0.999999672958058       0.999999681545230       0.999999701758507     
  0.999999706293764       0.999999715777525       0.999999719018915     
  0.999999722717178       0.999999720422542       0.999999726264640     
  0.999999741626156       0.999999740855689       0.999999750102400     
  0.999999768518461       0.999999771537568       0.999999775239717     
  0.999999783160204       0.999999787937939       0.999999798301740     
  0.999999806229332       0.999999815406553       0.999999827411907     
  0.999999825559981       0.999999826682927       0.999999833703559     
  0.999999835480666       0.999999832047748       0.999999844458516     
  0.999999840772240       0.999999830869872       0.999999826587643     
  0.999999828703442       0.999999825020940       0.999999816323096     
  0.999999807741461       0.999999795775177       0.999999789225096     
  0.999999788158389       0.999999779311493       0.999999780078534     
  0.999999766311855       0.999999756218878       0.999999747236202     
  0.999999738999640       0.999999744423621       0.999999738107682     
  0.999999739607332       0.999999731557878       0.999999732493923     
  0.999999738872747       0.999999732933356       0.999999743254781     
  0.999999743746409       0.999999740093907       0.999999748744543     
  0.999999758687578       0.999999771713508       0.999999778365849     
  0.999999792003399       0.999999806447173       0.999999819445023     
  0.999999836768072       0.999999849020183       0.999999860681331     
  0.999999873594530       0.999999883771626       0.999999899561365     
  0.999999909871844       0.999999923796884       0.999999934963850     
  0.999999943011880       0.999999955011595       0.999999969857039     
  0.999999978765385       0.999999974901608       0.999999991403591     
   1.51162076374206        1.51202345617260        1.51180672772204     
   1.51158164891242        1.51137402920929        1.51117491292398     
   1.51099205036260        1.51083703575393        1.51069697477758     
   1.51057247348944        1.51046366149905        1.51036457714836     
   1.51027882054109        1.51020500901109        1.51014174003912     
   1.51009002493051        1.51004037290131        1.51000055150034     
   1.50996465261658        1.50993050828085        1.50990389506973     
   1.50988141085580        1.50986521655263        1.50984643373649     
   1.50983160888571        1.50982270935679        1.50981123432328     
   1.50980201846622        1.50979334639727        1.50978947426613     
   1.50978590044442        1.50977764223849        1.50977804096385     
   1.50977241802003        1.50977089483333        1.50977005072230     
   1.50976923210551        1.50976776758353        1.50976773109996     
   1.50976881359702        1.50976911762772        1.50976879528253     
   1.50977068452813        1.50977063472365        1.50977310022266     
   1.50977336923087        1.50977106026059        1.50977368274264     
   1.50977887515159        1.50977939950430        1.50976657465493     
   1.50976921744351        1.50977033852800        1.50977455028930     
   1.50977502602801        1.50977767638890        1.50977711739814     
   1.50977764428914        1.50978196428886        1.50978292311445     
   1.50978281424514        1.50978339925249        1.50978472781605     
   1.50978710614360        1.50978585085953        1.50978613722951     
   1.50978954035093        1.50978825023884        1.50979096384788     
   1.50979162109862        1.50979268570194        1.50979308023945     
   1.50979392603556        1.50979536716270        1.50979548343395     
   1.50979632303202        1.50979655461237        1.50979984170096     
   1.50980057127696        1.50979642143853        1.50980029767070     
   1.50980069062974        1.50980076328798        1.50980102723784     
   1.50980090998881        1.50980451012979        1.50980133625597     
   1.50980415087094        1.50980332899183        1.50980228282050     
   1.50980427796552        1.50980220616175        1.50980306189782     
   1.50980256847195        1.50980444952668        1.50980407917920     
   1.50980598557461        1.50980261011115        1.50980391732589     
   1.50980202407042        1.50980394773000        1.50980325876440     
   1.50980290540050        1.50980359271056        1.50980328471804     
   1.50980503847162        1.50980363478407        1.50980341777834     
   1.50980445063904        1.50980474751269        1.50980360363993     
   1.50980500307808        1.50980285031513        1.50980519474515     
   1.50980556227522        1.50980553251526        1.50980401375642     
   1.50980440427306        1.50980503721676        1.50980514756581     
   1.50980661650975        1.50980409832913        1.50980596922102     
   1.50980570139141        1.50980670057971        1.50980584784989     
   1.50980585916313        1.50980663068832        1.50980479399647     
   1.50980414102764        1.50980613165032        1.50980478431629     
   1.50980545914185        1.50980738819035        1.50980623136854     
   1.50980394667575        1.50980507067586        1.50980676930541     
   1.50980473418315        1.50980248702871        1.50980407741262     
   1.50980488957353        1.50980340484499        1.50980522116770     
   1.50980411022431        1.50980458363856        1.50980274320627     
   1.50980266855550        1.50980345534566        1.50980324438243     
   1.50980303961926        1.50980379016512        1.50980546886901     
   1.50980529206580        1.50980419550126        1.50980313610255     
   1.50980325745969        1.50980372035354        1.50980271070384     
   1.50980405778160        1.50980256722492        1.50980251034448     
   1.50980430733013        1.50980164783792        1.50980258357616     
   1.50980418717629        1.50980432776186        1.50980368510047     
   1.50980142993652        1.50980332976882        1.50980341739966     
   1.50980250059099        1.50980084408570        1.50980194748214     
   1.50980253051590        1.50980146489340        1.50980202962685     
   1.50980199134044        1.50979949657764        1.50980220473667     
   1.50980135589206        1.50980219399089        1.50980192824911     
   1.50980266524056        1.50980138010023        1.50979982602115     
   1.50980269515899        1.50980071940237        1.50979928042197     
   1.50980220856579        1.50980153938352        1.50980125345261     
   1.50980129566071        1.50979973945292        1.50980007142085     
   1.50979973610017        1.50979930528738        1.50980217506225     
   1.50980178063592        1.50980038435364        1.50980127460632     
   1.50980149758952        1.50979863771339        1.50980191908941     
   1.50980290241255        1.50980157941311        1.50980008667461     
   1.50980069202592        1.50980186342033        1.50980198918005     
   1.50980281069104        1.50980182312585        1.50980017982080     
   1.50980175754758        1.50980051767939        1.50980311672619     
   1.50980198819992        1.50980222566226        1.50980209851042     
   1.50979953707965        1.50980170468823        1.50980008819573     
   1.50980185547184        1.50980082680144        1.50979926679844     
   1.50980180389740        1.50979833053432        1.50980062752175     
   1.50980146009169        1.50979901502853        1.50979914486892     
   1.50979893924092        1.50980019629755        1.50979869846164     
   1.50979845775698        1.50979846581735        1.50979799796945     
   1.50979837621028        1.50979836960937        1.50979795255393     
   1.50979917384970        1.50979795721517        1.50979855911817     
   1.50979778707747        1.50979857457741        1.50979864680593     
   1.50979847186179        1.50979786829319        1.50979931329340     
   1.50980106095687        1.50979724590700        1.50979954457407     
  0.685984715930143       0.685522092210059       0.684825571222288     
  0.684337247787254       0.683972898213478       0.683666625765551     
  0.683400912969488       0.683175076118905       0.682970143097195     
  0.682785342469093       0.682619682294122       0.682466214486909     
  0.682328478565652       0.682206610490414       0.682098532809924     
  0.682006040442802       0.681918522279085       0.681843785172640     
  0.681775935163922       0.681712276183128       0.681659041698490     
  0.681613819459804       0.681579559295683       0.681545427749202     
  0.681516173295374       0.681492950688586       0.681469778114540     
  0.681449433571211       0.681430683269936       0.681416610457903     
  0.681403680335005       0.681389741888288       0.681381606682664     
  0.681370474690271       0.681362820973826       0.681356108973448     
  0.681350496083080       0.681344931354559       0.681340330993125     
  0.681337460079132       0.681334982879470       0.681332566493365     
  0.681331427190784       0.681329195433685       0.681328786062849     
  0.681327379508647       0.681324549838396       0.681324544936342     
  0.681326461788328       0.681325726670629       0.681315840131778     
  0.681316894971064       0.681317350204677       0.681319094306883     
  0.681319405584508       0.681320684506188       0.681320646069054     
  0.681320962563646       0.681322820891834       0.681323397376946     
  0.681323562385427       0.681323946567338       0.681324627631002     
  0.681325728878338       0.681325380302997       0.681325616551092     
  0.681327132234312       0.681326739811674       0.681327911783081     
  0.681328323690438       0.681328857226222       0.681329176306823     
  0.681329622727248       0.681330251011914       0.681330399726232     
  0.681330822961084       0.681330959309931       0.681332354617343     
  0.681332820174685       0.681331224363821       0.681332762645948     
  0.681332989419979       0.681333058473534       0.681333243346901     
  0.681333251127035       0.681334717721807       0.681333531979343     
  0.681334692561048       0.681334473609122       0.681334087150815     
  0.681334822463632       0.681334004768521       0.681334343324374     
  0.681334235352362       0.681335055371770       0.681334995554946     
  0.681335759529115       0.681334501316748       0.681335094412810     
  0.681334387609946       0.681335226742453       0.681335048495674     
  0.681334932251812       0.681335275065556       0.681335152801586     
  0.681335952347673       0.681335486994708       0.681335438711835     
  0.681335901605938       0.681336014730684       0.681335641049762     
  0.681336351280258       0.681335547314741       0.681336579849770     
  0.681336814422927       0.681336851761700       0.681336284601131     
  0.681336505131657       0.681336783137239       0.681336842178262     
  0.681337497497349       0.681336551365682       0.681337316982405     
  0.681337270724871       0.681337670685097       0.681337389901173     
  0.681337339459266       0.681337642862826       0.681336985708666     
  0.681336693741647       0.681337490691700       0.681336993700782     
  0.681337259324958       0.681338023086809       0.681337617225386     
  0.681336752234705       0.681337194605827       0.681337873715752     
  0.681337139443657       0.681336189036339       0.681336788001450     
  0.681337141464956       0.681336549705390       0.681337230794345     
  0.681336839280233       0.681337023603319       0.681336302580695     
  0.681336322962900       0.681336620292251       0.681336597857456     
  0.681336548101075       0.681336792644050       0.681337520173570     
  0.681337555847211       0.681337218172824       0.681336773547249     
  0.681336819427349       0.681337013724755       0.681336540994536     
  0.681337082034564       0.681336548139053       0.681336510580565     
  0.681337201771838       0.681336160706645       0.681336522580416     
  0.681337189289871       0.681337289829482       0.681337141344491     
  0.681336235519154       0.681336943866098       0.681337012681330     
  0.681336685770485       0.681335991730790       0.681336355042375     
  0.681336611004961       0.681336244420147       0.681336415034345     
  0.681336427008260       0.681335462734593       0.681336573136195     
  0.681336282800237       0.681336681606683       0.681336634605124     
  0.681336993204191       0.681336489344589       0.681335816173401     
  0.681336977946037       0.681336232647997       0.681335601195676     
  0.681336767637861       0.681336618508273       0.681336491185357     
  0.681336578915527       0.681336033911977       0.681336181764384     
  0.681336080259305       0.681335901117287       0.681337032642679     
  0.681336903178392       0.681336383620814       0.681336749778391     
  0.681336938583393       0.681335780761769       0.681337032362514     
  0.681337498329486       0.681337013643171       0.681336420837270     
  0.681336678404101       0.681337117672184       0.681337160420396     
  0.681337444653341       0.681337032141532       0.681336393254096     
  0.681336971826691       0.681336395964387       0.681337412426042     
  0.681337010996537       0.681337053108288       0.681336973207271     
  0.681335909257250       0.681336737947531       0.681336112641654     
  0.681336805394680       0.681336340205137       0.681335747404106     
  0.681336736179192       0.681335408639943       0.681336251032754     
  0.681336607098822       0.681335653820155       0.681335652339871     
  0.681335536955505       0.681336062469840       0.681335523780302     
  0.681335456617936       0.681335523999844       0.681335343941785     
  0.681335595588211       0.681335656011867       0.681335558038602     
  0.681336016458514       0.681335584082038       0.681335896245941     
  0.681335636951556       0.681335955425469       0.681336072966378     
  0.681335983237902       0.681335761288289       0.681336343167151     
  0.681337164760699       0.681335685538186       0.681336505598226     
 -3.212397425372349E-003 -1.199542753972753E-003 -1.100979710194802E-003
 -9.957352878199959E-004 -8.962197626457907E-004 -7.986266167393102E-004
 -7.069979169550343E-004 -6.273191835168842E-004 -5.539624422968314E-004
 -4.875624912792257E-004 -4.283726494157542E-004 -3.737647585697182E-004
 -3.255219494097283E-004 -2.831595918769915E-004 -2.460511792819529E-004
 -2.147200835935682E-004 -1.847819211808657E-004 -1.598859680603155E-004
 -1.372494952340102E-004 -1.157947588069340E-004 -9.826371636292745E-005
 -8.308005477505325E-005 -7.113906542777215E-005 -5.833710183664776E-005
 -4.769347102377038E-005 -4.010535995575109E-005 -3.158090327590955E-005
 -2.435022398518825E-005 -1.762126290123947E-005 -1.339918398803122E-005
 -9.500379378394224E-006 -3.543572550619239E-006 -1.880996525583468E-006
  2.540762990588815E-006  4.864565813585741E-006  6.740410145563577E-006
  8.456668529928219E-006  1.041725624807590E-005  1.160880942182768E-005
  1.216940264671466E-005  1.300487996917259E-005  1.405111259798424E-005
  1.405217926794004E-005  1.488313655453906E-005  1.450362397406895E-005
  1.506090921573761E-005  1.679758432335713E-005  1.613286590964192E-005
  1.423050436123773E-005  1.456183110083613E-005  2.039611289620573E-005
  1.977118958102778E-005  1.980300589224615E-005  1.813941987128372E-005
  1.830853050549166E-005  1.725947216626574E-005  1.786047225552173E-005
  1.790567912776670E-005  1.597025348917268E-005  1.571239309908779E-005
  1.591771995832275E-005  1.581051743091388E-005  1.527250942391823E-005
  1.419923548329676E-005  1.497556086168656E-005  1.492853584375685E-005
  1.326291536414933E-005  1.403805514243986E-005  1.276722942172074E-005
  1.248993370651960E-005  1.202254165418716E-005  1.184398377459306E-005
  1.144590730272849E-005  1.077005975058624E-005  1.072358711478892E-005
  1.029149653137310E-005  1.021441002837273E-005  8.541197396558865E-006
  8.126214713816844E-006  1.024411108306551E-005  8.267163434792229E-006
  8.056623980264575E-006  8.008963296168383E-006  7.816620037222001E-006
  7.818814205308269E-006  5.960834573059431E-006  7.526551735724369E-006
  6.057153825704480E-006  6.396096374186261E-006  6.887384392362949E-006
  5.886820600462538E-006  6.896363727883796E-006  6.379246315237301E-006
  6.511936789569792E-006  5.467503196587210E-006  5.581895149686916E-006
  4.597153293257656E-006  6.226398337143650E-006  5.426023298336546E-006
  6.321159715497587E-006  5.222934735970551E-006  5.456009809992889E-006
  5.564547618309202E-006  5.093371037615733E-006  5.193374180294707E-006
  4.172274335091185E-006  4.795535333258326E-006  4.806665211704589E-006
  4.188052170376077E-006  3.973351613951627E-006  4.418235468959695E-006
  3.545709623845978E-006  4.561185296981993E-006  3.210445682798471E-006
  2.929193266801464E-006  2.869758764914113E-006  3.575468483088036E-006
  3.293940938533930E-006  2.930305144838932E-006  2.813011102940069E-006
  1.955934395948698E-006  3.159969020917318E-006  2.140717455232909E-006
  2.205606263667577E-006  1.656604806256473E-006  2.005529290710102E-006
  1.999470899979306E-006  1.550788517531626E-006  2.385324923961028E-006
  2.703338174653117E-006  1.627846333217872E-006  2.261068252950853E-006
  1.854557671884943E-006  8.433279357031688E-007  1.398366301805334E-006
  2.497329053321257E-006  1.875914735230404E-006  9.916473630206489E-007
  1.953335139288857E-006  3.097109919029943E-006  2.247954989002965E-006
  1.784917241467086E-006  2.536630740858459E-006  1.597905000434574E-006
  2.084554881609216E-006  1.800063763564307E-006  2.672236841942397E-006
  2.581373445161122E-006  2.149498697969429E-006  2.181767342498025E-006
  2.234955583859432E-006  1.881268464131925E-006  9.482582955144004E-007
  9.498824836376923E-007  1.433182815822602E-006  1.938818743095834E-006
  1.809498523499549E-006  1.515128374244104E-006  2.028336407839803E-006
  1.264941153188783E-006  1.933481337014481E-006  1.915037152528318E-006
  9.565877136332023E-007  2.240582891286387E-006  1.686863734895616E-006
  8.204286656731506E-007  7.030390684306959E-007  9.093155318165982E-007
  1.984502279093189E-006  9.859813095186211E-007  8.715747632160365E-007
  1.256968440941329E-006  2.061212969674117E-006  1.471977933014663E-006
  1.104382163611710E-006  1.556749001712416E-006  1.273142200403795E-006
  1.228482183968704E-006  2.414624570997831E-006  9.712504991177226E-007
  1.386851533519578E-006  9.044098532767098E-007  1.008789279590576E-006
  5.758518682624006E-007  1.231752581599818E-006  2.022018980494564E-006
  5.141003301052840E-007  1.486431061668170E-006  2.207976811116676E-006
  6.703413060553767E-007  9.334061517582292E-007  1.097656137922894E-006
  1.003937624664794E-006  1.719108686800811E-006  1.502947869370091E-006
  1.637536202115543E-006  1.838083762474758E-006  3.749441806914509E-007
  5.696605740192657E-007  1.234289121218016E-006  7.464981990125331E-007
  5.527343436832658E-007  2.017303283373010E-006  3.531879135621229E-007
 -1.792977277607268E-007  4.617684020913868E-007  1.172818135792596E-006
  8.037470013949570E-007  2.327257313424501E-007  2.017241170091275E-007
 -1.880636739150998E-007  3.231800682678638E-007  1.113140001805615E-006
  3.388506125446015E-007  1.019941139326865E-006 -3.359799479056655E-007
  1.836475584676704E-007  7.735951695158288E-008  1.121556093547014E-007
  1.381101775272826E-006  2.325590387229350E-007  1.021180869828583E-006
  9.761054463375294E-008  6.684318396083645E-007  1.392334601037154E-006
  8.867052440882381E-008  1.806119322131333E-006  6.452347190372420E-007
  2.005825008748923E-007  1.403871330592280E-006  1.331543923629071E-006
  1.422666202931308E-006  7.500960300129194E-007  1.475904735136373E-006
  1.563388294179225E-006  1.513274258024274E-006  1.763000983704794E-006
  1.517778684264640E-006  1.503725614076893E-006  1.687417650263442E-006
  1.119780924355510E-006  1.716363201945045E-006  1.374398551872660E-006
  1.776460020353929E-006  1.407250102062638E-006  1.343471222005195E-006
  1.506381303376464E-006  1.812651910785847E-006  1.110747382169887E-006
  1.759829182968012E-007  2.147926174345952E-006  1.072996100528706E-006
