          1.328625
          1.328672
          1.328594
          1.328526
          1.328469
          1.328418
          1.328373
          1.328336
          1.328303
          1.328274
          1.328250
          1.328227
          1.328208
          1.328191
          1.328177
          1.328165
          1.328153
          1.328144
          1.328135
          1.328127
          1.328120
          1.328115
          1.328110
          1.328105
          1.328101
          1.328098
          1.328095
          1.328092
          1.328089
          1.328088
          1.328087
          1.328084
          1.328084
          1.328082
          1.328081
          1.328081
          1.328080
          1.328079
          1.328079
          1.328079
          1.328078
          1.328078
          1.328078
          1.328078
          1.328078
          1.328078
          1.328076
          1.328077
          1.328078
          1.328077
          1.328078
          1.328077
          1.328076
          1.328077
          1.328076
          1.328077
          1.328076
          1.328075
          1.328076
          1.328076
          1.328076
          1.328075
          1.328075
          1.328076
          1.328075
          1.328075
          1.328076
          1.328075
          1.328075
          1.328075
          1.328075
          1.328075
          1.328075
          1.328075
          1.328075
          1.328075
          1.328075
          1.328076
          1.328076
          1.328074
          1.328075
          1.328075
          1.328075
          1.328075
          1.328074
          1.328076
          1.328074
          1.328075
          1.328074
          1.328074
          1.328074
          1.328073
          1.328073
          1.328073
          1.328074
          1.328073
          1.328074
          1.328072
          1.328073
          1.328072
          1.328073
          1.328072
          1.328072
          1.328072
          1.328072
          1.328072
          1.328072
          1.328071
          1.328072
          1.328072
          1.328071
          1.328072
          1.328071
          1.328072
          1.328072
          1.328072
          1.328071
          1.328071
          1.328071
          1.328071
          1.328071
          1.328070
          1.328071
          1.328071
          1.328071
          1.328071
          1.328071
          1.328071
          1.328070
          1.328070
          1.328070
          1.328070
          1.328070
          1.328071
          1.328070
          1.328069
          1.328069
          1.328070
          1.328069
          1.328068
          1.328069
          1.328069
          1.328068
          1.328069
          1.328068
          1.328069
          1.328068
          1.328068
          1.328068
          1.328068
          1.328068
          1.328068
          1.328069
          1.328069
          1.328068
          1.328068
          1.328068
          1.328068
          1.328067
          1.328068
          1.328067
          1.328067
          1.328068
          1.328067
          1.328067
          1.328068
          1.328068
          1.328067
          1.328066
          1.328067
          1.328067
          1.328067
          1.328066
          1.328066
          1.328067
          1.328066
          1.328066
          1.328066
          1.328065
          1.328066
          1.328066
          1.328066
          1.328066
          1.328066
          1.328066
          1.328065
          1.328066
          1.328065
          1.328065
          1.328066
          1.328066
          1.328066
          1.328066
          1.328065
          1.328065
          1.328065
          1.328065
          1.328066
          1.328066
          1.328065
          1.328065
          1.328065
          1.328064
          1.328066
          1.328066
          1.328065
          1.328065
          1.328065
          1.328065
          1.328065
          1.328066
          1.328065
          1.328065
          1.328065
          1.328065
          1.328066
          1.328065
          1.328065
          1.328065
          1.328064
          1.328065
          1.328064
          1.328065
          1.328065
          1.328064
          1.328065
          1.328064
          1.328065
          1.328065
          1.328064
          1.328064
          1.328064
          1.328064
          1.328064
          1.328064
          1.328064
          1.328063
          1.328064
          1.328064
          1.328063
          1.328064
          1.328063
          1.328064
          1.328063
          1.328064
          1.328064
          1.328064
          1.328063
          1.328064
          1.328065
          1.328063
          1.328064
