         12.775457
         12.772975
         12.773227
         12.773391
         12.773518
         12.773631
         12.773737
         12.773841
         12.773942
         12.774039
         12.774132
         12.774220
         12.774303
         12.774380
         12.774452
         12.774518
         12.774579
         12.774635
         12.774686
         12.774733
         12.774775
         12.774814
         12.774850
         12.774882
         12.774911
         12.774938
         12.774962
         12.774984
         12.775004
         12.775022
         12.775039
         12.775054
         12.775067
         12.775079
         12.775090
         12.775100
         12.775109
         12.775118
         12.775125
         12.775132
         12.775138
         12.775144
         12.775149
         12.775154
         12.775159
         12.775163
         12.775168
         12.775172
         12.775176
         12.775180
         12.775184
         12.775188
         12.775192
         12.775196
         12.775200
         12.775204
         12.775208
         12.775212
         12.775217
         12.775221
         12.775226
         12.775230
         12.775235
         12.775240
         12.775244
         12.775249
         12.775254
         12.775259
         12.775263
         12.775268
         12.775272
         12.775276
         12.775280
         12.775284
         12.775288
         12.775292
         12.775295
         12.775299
         12.775302
         12.775304
         12.775307
         12.775310
         12.775312
         12.775314
         12.775316
         12.775318
         12.775319
         12.775321
         12.775322
         12.775324
         12.775325
         12.775326
         12.775327
         12.775329
         12.775330
         12.775331
         12.775332
         12.775334
         12.775335
         12.775337
         12.775338
         12.775340
         12.775342
         12.775344
         12.775346
         12.775348
         12.775350
         12.775352
         12.775355
         12.775357
         12.775360
         12.775362
         12.775365
         12.775368
         12.775370
         12.775373
         12.775376
         12.775378
         12.775381
         12.775383
         12.775386
         12.775388
         12.775391
         12.775393
         12.775395
         12.775397
         12.775399
         12.775400
         12.775402
         12.775403
         12.775405
         12.775406
         12.775407
         12.775408
         12.775409
         12.775410
         12.775410
         12.775411
         12.775411
         12.775412
         12.775412
         12.775412
         12.775413
         12.775413
         12.775413
         12.775413
         12.775414
         12.775414
         12.775414
         12.775415
         12.775415
         12.775416
         12.775416
         12.775417
         12.775417
         12.775418
         12.775418
         12.775419
         12.775420
         12.775421
         12.775422
         12.775423
         12.775424
         12.775425
         12.775426
         12.775428
         12.775429
         12.775430
         12.775431
         12.775432
         12.775434
         12.775435
         12.775436
         12.775437
         12.775438
         12.775439
         12.775440
         12.775441
         12.775442
         12.775443
         12.775444
         12.775444
         12.775445
         12.775445
         12.775446
         12.775446
         12.775447
         12.775447
         12.775447
         12.775447
         12.775447
         12.775447
         12.775447
         12.775448
         12.775447
         12.775447
         12.775447
         12.775447
         12.775447
         12.775447
         12.775447
         12.775447
         12.775448
         12.775448
         12.775448
         12.775448
         12.775448
         12.775448
         12.775449
         12.775449
         12.775450
         12.775450
         12.775451
         12.775451
         12.775452
         12.775452
         12.775453
         12.775454
         12.775454
         12.775455
         12.775456
         12.775456
         12.775457
         12.775458
         12.775458
         12.775459
         12.775459
         12.775460
         12.775460
         12.775461
         12.775461
         12.775461
         12.775461
         12.775462
         12.775462
         12.775462
         12.775462
         12.775462
         12.775461
         12.775461
         12.775461
         12.775461
         12.775460
         12.775460
         12.775460
         12.775460
         12.775459
         12.775459
         12.775459
         12.775459
         12.775458
         12.775458
         12.775458
