          0.587130
          0.587186
          0.587232
          0.587268
          0.587300
          0.587329
          0.587357
          0.587384
          0.587409
          0.587433
          0.587456
          0.587478
          0.587498
          0.587517
          0.587535
          0.587552
          0.587567
          0.587582
          0.587595
          0.587608
          0.587620
          0.587631
          0.587641
          0.587650
          0.587659
          0.587667
          0.587675
          0.587682
          0.587688
          0.587694
          0.587700
          0.587705
          0.587710
          0.587714
          0.587718
          0.587722
          0.587726
          0.587729
          0.587732
          0.587735
          0.587737
          0.587740
          0.587742
          0.587744
          0.587746
          0.587748
          0.587750
          0.587752
          0.587753
          0.587755
          0.587756
          0.587757
          0.587758
          0.587760
          0.587761
          0.587762
          0.587763
          0.587764
          0.587765
          0.587765
          0.587766
          0.587767
          0.587768
          0.587768
          0.587769
          0.587770
          0.587770
          0.587771
          0.587771
          0.587772
          0.587772
          0.587773
          0.587773
          0.587773
          0.587774
          0.587774
          0.587774
          0.587775
          0.587775
          0.587775
          0.587775
          0.587775
          0.587775
          0.587775
          0.587776
          0.587776
          0.587776
          0.587776
          0.587776
          0.587776
          0.587776
          0.587776
          0.587776
          0.587776
          0.587776
          0.587776
          0.587776
          0.587777
          0.587777
          0.587777
          0.587777
          0.587777
          0.587777
          0.587777
          0.587777
          0.587777
          0.587778
          0.587778
          0.587778
          0.587778
          0.587778
          0.587778
          0.587778
          0.587779
          0.587779
          0.587779
          0.587779
          0.587779
          0.587779
          0.587779
          0.587780
          0.587780
          0.587780
          0.587780
          0.587780
          0.587780
          0.587780
          0.587780
          0.587780
          0.587780
          0.587780
          0.587780
          0.587780
          0.587780
          0.587780
          0.587780
          0.587780
          0.587780
          0.587780
          0.587780
          0.587780
          0.587780
          0.587780
          0.587780
          0.587780
          0.587780
          0.587780
          0.587780
          0.587780
          0.587780
          0.587780
          0.587780
          0.587780
          0.587780
          0.587780
          0.587780
          0.587780
          0.587780
          0.587780
          0.587780
          0.587780
          0.587780
          0.587780
          0.587780
          0.587781
          0.587781
          0.587781
          0.587781
          0.587781
          0.587781
          0.587781
          0.587781
          0.587781
          0.587781
          0.587781
          0.587781
          0.587781
          0.587781
          0.587781
          0.587781
          0.587781
          0.587781
          0.587781
          0.587781
          0.587781
          0.587781
          0.587781
          0.587781
          0.587781
          0.587781
          0.587781
          0.587781
          0.587781
          0.587781
          0.587781
          0.587781
          0.587781
          0.587781
          0.587781
          0.587781
          0.587781
          0.587781
          0.587781
          0.587781
          0.587781
          0.587781
          0.587781
          0.587781
          0.587781
          0.587781
          0.587781
          0.587781
          0.587781
          0.587781
          0.587781
          0.587781
          0.587782
          0.587782
          0.587782
          0.587782
          0.587782
          0.587782
          0.587782
          0.587782
          0.587782
          0.587782
          0.587782
          0.587782
          0.587782
          0.587782
          0.587782
          0.587782
          0.587782
          0.587782
          0.587782
          0.587782
          0.587782
          0.587782
          0.587782
          0.587782
          0.587782
          0.587782
          0.587782
          0.587781
          0.587781
          0.587781
          0.587781
          0.587781
          0.587781
          0.587781
          0.587781
          0.587781
