          0.270203
          0.270221
          0.270238
          0.270255
          0.270271
          0.270286
          0.270300
          0.270314
          0.270326
          0.270336
          0.270346
          0.270355
          0.270363
          0.270370
          0.270376
          0.270381
          0.270386
          0.270390
          0.270393
          0.270396
          0.270399
          0.270401
          0.270403
          0.270405
          0.270406
          0.270407
          0.270408
          0.270408
          0.270409
          0.270409
          0.270410
          0.270410
          0.270410
          0.270410
          0.270410
          0.270410
          0.270409
          0.270409
          0.270409
          0.270409
          0.270408
          0.270408
          0.270408
          0.270407
          0.270407
          0.270407
          0.270407
          0.270406
          0.270406
          0.270406
          0.270406
          0.270406
          0.270405
          0.270405
          0.270405
          0.270405
          0.270405
          0.270405
          0.270405
          0.270405
          0.270405
          0.270404
          0.270405
          0.270404
          0.270404
          0.270404
          0.270404
          0.270404
          0.270404
          0.270404
          0.270404
          0.270404
          0.270404
          0.270404
          0.270404
          0.270404
          0.270404
          0.270404
          0.270404
          0.270404
          0.270404
          0.270404
          0.270404
          0.270404
          0.270404
          0.270404
          0.270404
          0.270404
          0.270404
          0.270403
          0.270403
          0.270403
          0.270403
          0.270403
          0.270403
          0.270403
          0.270403
          0.270403
          0.270403
          0.270403
          0.270403
          0.270403
          0.270403
          0.270403
          0.270403
          0.270403
          0.270403
          0.270403
          0.270403
          0.270404
          0.270404
          0.270404
          0.270404
          0.270404
          0.270404
          0.270404
          0.270404
          0.270404
          0.270404
          0.270404
          0.270404
          0.270404
          0.270404
          0.270404
          0.270404
          0.270404
          0.270404
          0.270404
          0.270404
          0.270404
          0.270404
          0.270404
          0.270404
          0.270404
          0.270404
          0.270404
          0.270404
          0.270404
          0.270404
          0.270404
          0.270404
          0.270404
          0.270404
          0.270404
          0.270404
          0.270404
          0.270404
          0.270404
          0.270404
          0.270404
          0.270404
          0.270404
          0.270404
          0.270404
          0.270404
          0.270404
          0.270404
          0.270404
          0.270404
          0.270404
          0.270404
          0.270404
          0.270404
          0.270404
          0.270404
          0.270404
          0.270404
          0.270404
          0.270404
          0.270404
          0.270404
          0.270404
          0.270404
          0.270404
          0.270405
          0.270404
          0.270404
          0.270405
          0.270405
          0.270405
          0.270405
          0.270405
          0.270405
          0.270405
          0.270405
          0.270405
          0.270404
          0.270405
          0.270404
          0.270404
          0.270404
          0.270404
          0.270404
          0.270404
          0.270404
          0.270404
          0.270404
          0.270404
          0.270404
          0.270404
          0.270404
          0.270404
          0.270404
          0.270404
          0.270404
          0.270404
          0.270404
          0.270404
          0.270404
          0.270404
          0.270404
          0.270404
          0.270404
          0.270404
          0.270404
          0.270404
          0.270404
          0.270404
          0.270405
          0.270405
          0.270405
          0.270405
          0.270405
          0.270405
          0.270405
          0.270405
          0.270405
          0.270405
          0.270405
          0.270405
          0.270405
          0.270405
          0.270405
          0.270405
          0.270405
          0.270405
          0.270405
          0.270405
          0.270404
          0.270404
          0.270404
          0.270404
          0.270404
          0.270404
          0.270404
          0.270404
          0.270404
          0.270404
          0.270404
          0.270404
          0.270404
          0.270404
