         11.506565
         11.506364
         11.506185
         11.506027
         11.505890
         11.505773
         11.505673
         11.505590
         11.505522
         11.505468
         11.505426
         11.505395
         11.505373
         11.505359
         11.505353
         11.505353
         11.505358
         11.505368
         11.505381
         11.505398
         11.505417
         11.505439
         11.505462
         11.505487
         11.505512
         11.505539
         11.505566
         11.505593
         11.505620
         11.505647
         11.505673
         11.505699
         11.505725
         11.505751
         11.505775
         11.505799
         11.505823
         11.505845
         11.505867
         11.505888
         11.505908
         11.505928
         11.505947
         11.505965
         11.505982
         11.505999
         11.506015
         11.506030
         11.506045
         11.506059
         11.506073
         11.506086
         11.506098
         11.506111
         11.506122
         11.506133
         11.506144
         11.506155
         11.506165
         11.506174
         11.506184
         11.506193
         11.506202
         11.506211
         11.506220
         11.506228
         11.506236
         11.506244
         11.506251
         11.506259
         11.506266
         11.506273
         11.506280
         11.506287
         11.506294
         11.506300
         11.506306
         11.506312
         11.506318
         11.506324
         11.506330
         11.506335
         11.506340
         11.506345
         11.506350
         11.506354
         11.506359
         11.506363
         11.506367
         11.506371
         11.506375
         11.506378
         11.506382
         11.506385
         11.506388
         11.506391
         11.506394
         11.506397
         11.506400
         11.506403
         11.506405
         11.506408
         11.506410
         11.506413
         11.506415
         11.506418
         11.506420
         11.506423
         11.506425
         11.506428
         11.506430
         11.506432
         11.506435
         11.506437
         11.506440
         11.506443
         11.506445
         11.506448
         11.506450
         11.506453
         11.506455
         11.506458
         11.506460
         11.506463
         11.506465
         11.506468
         11.506470
         11.506472
         11.506475
         11.506477
         11.506479
         11.506481
         11.506483
         11.506485
         11.506487
         11.506489
         11.506491
         11.506492
         11.506494
         11.506496
         11.506497
         11.506498
         11.506500
         11.506501
         11.506502
         11.506503
         11.506504
         11.506505
         11.506506
         11.506507
         11.506508
         11.506509
         11.506510
         11.506511
         11.506512
         11.506513
         11.506513
         11.506514
         11.506515
         11.506516
         11.506517
         11.506518
         11.506519
         11.506519
         11.506520
         11.506521
         11.506522
         11.506523
         11.506524
         11.506525
         11.506526
         11.506527
         11.506528
         11.506529
         11.506530
         11.506531
         11.506532
         11.506533
         11.506534
         11.506535
         11.506536
         11.506537
         11.506538
         11.506539
         11.506540
         11.506541
         11.506542
         11.506542
         11.506543
         11.506544
         11.506544
         11.506545
         11.506546
         11.506546
         11.506547
         11.506547
         11.506548
         11.506548
         11.506549
         11.506549
         11.506549
         11.506550
         11.506550
         11.506550
         11.506551
         11.506551
         11.506551
         11.506551
         11.506552
         11.506552
         11.506552
         11.506553
         11.506553
         11.506554
         11.506554
         11.506554
         11.506555
         11.506555
         11.506555
         11.506556
         11.506556
         11.506557
         11.506557
         11.506558
         11.506558
         11.506559
         11.506559
         11.506560
         11.506560
         11.506561
         11.506561
         11.506562
         11.506562
         11.506563
         11.506563
         11.506563
         11.506564
         11.506564
         11.506564
         11.506565
         11.506565
         11.506565
         11.506565
         11.506565
         11.506566
         11.506566
         11.506566
         11.506566
         11.506566
         11.506566
         11.506566
         11.506566
         11.506566
