          0.407731
          0.407709
          0.407686
          0.407665
          0.407646
          0.407629
          0.407615
          0.407603
          0.407592
          0.407584
          0.407576
          0.407570
          0.407565
          0.407560
          0.407557
          0.407553
          0.407550
          0.407548
          0.407545
          0.407544
          0.407542
          0.407540
          0.407539
          0.407538
          0.407537
          0.407536
          0.407535
          0.407534
          0.407534
          0.407533
          0.407532
          0.407532
          0.407531
          0.407531
          0.407530
          0.407530
          0.407530
          0.407529
          0.407529
          0.407529
          0.407529
          0.407528
          0.407528
          0.407528
          0.407528
          0.407528
          0.407528
          0.407528
          0.407528
          0.407527
          0.407528
          0.407527
          0.407528
          0.407528
          0.407528
          0.407528
          0.407528
          0.407528
          0.407528
          0.407528
          0.407528
          0.407528
          0.407528
          0.407528
          0.407528
          0.407528
          0.407529
          0.407529
          0.407529
          0.407529
          0.407529
          0.407529
          0.407529
          0.407529
          0.407529
          0.407529
          0.407529
          0.407528
          0.407528
          0.407528
          0.407528
          0.407528
          0.407528
          0.407528
          0.407528
          0.407528
          0.407528
          0.407528
          0.407528
          0.407527
          0.407527
          0.407527
          0.407527
          0.407527
          0.407527
          0.407527
          0.407527
          0.407527
          0.407527
          0.407527
          0.407527
          0.407527
          0.407527
          0.407528
          0.407528
          0.407528
          0.407528
          0.407528
          0.407528
          0.407528
          0.407528
          0.407528
          0.407528
          0.407528
          0.407528
          0.407528
          0.407528
          0.407528
          0.407528
          0.407528
          0.407528
          0.407528
          0.407528
          0.407528
          0.407528
          0.407528
          0.407528
          0.407528
          0.407528
          0.407528
          0.407528
          0.407528
          0.407528
          0.407528
          0.407528
          0.407528
          0.407527
          0.407527
          0.407527
          0.407527
          0.407527
          0.407527
          0.407527
          0.407527
          0.407527
          0.407527
          0.407527
          0.407527
          0.407527
          0.407527
          0.407527
          0.407527
          0.407527
          0.407527
          0.407527
          0.407527
          0.407527
          0.407527
          0.407527
          0.407528
          0.407528
          0.407528
          0.407528
          0.407528
          0.407528
          0.407528
          0.407528
          0.407528
          0.407528
          0.407528
          0.407528
          0.407528
          0.407528
          0.407528
          0.407528
          0.407528
          0.407528
          0.407528
          0.407528
          0.407528
          0.407528
          0.407528
          0.407528
          0.407528
          0.407528
          0.407528
          0.407527
          0.407527
          0.407527
          0.407527
          0.407527
          0.407527
          0.407527
          0.407527
          0.407527
          0.407527
          0.407527
          0.407527
          0.407527
          0.407527
          0.407527
          0.407527
          0.407527
          0.407527
          0.407527
          0.407527
          0.407527
          0.407527
          0.407527
          0.407527
          0.407527
          0.407527
          0.407527
          0.407527
          0.407527
          0.407527
          0.407527
          0.407527
          0.407528
          0.407528
          0.407528
          0.407528
          0.407528
          0.407528
          0.407528
          0.407528
          0.407528
          0.407528
          0.407528
          0.407528
          0.407528
          0.407528
          0.407528
          0.407527
          0.407527
          0.407527
          0.407527
          0.407527
          0.407527
          0.407527
          0.407527
          0.407527
          0.407527
          0.407527
          0.407527
          0.407527
          0.407527
          0.407527
          0.407527
          0.407527
          0.407527
          0.407527
