          0.678323
          0.678249
          0.678247
          0.678274
          0.678317
          0.678366
          0.678419
          0.678470
          0.678519
          0.678565
          0.678608
          0.678648
          0.678685
          0.678719
          0.678751
          0.678780
          0.678806
          0.678831
          0.678854
          0.678875
          0.678894
          0.678912
          0.678928
          0.678942
          0.678956
          0.678969
          0.678980
          0.678990
          0.679000
          0.679009
          0.679016
          0.679024
          0.679030
          0.679037
          0.679042
          0.679047
          0.679052
          0.679056
          0.679060
          0.679064
          0.679067
          0.679070
          0.679073
          0.679076
          0.679078
          0.679081
          0.679083
          0.679085
          0.679087
          0.679089
          0.679090
          0.679092
          0.679094
          0.679095
          0.679097
          0.679098
          0.679099
          0.679101
          0.679102
          0.679103
          0.679104
          0.679105
          0.679106
          0.679107
          0.679108
          0.679108
          0.679109
          0.679110
          0.679110
          0.679111
          0.679111
          0.679112
          0.679112
          0.679112
          0.679113
          0.679113
          0.679113
          0.679113
          0.679113
          0.679113
          0.679113
          0.679112
          0.679112
          0.679112
          0.679112
          0.679112
          0.679112
          0.679112
          0.679112
          0.679112
          0.679112
          0.679112
          0.679112
          0.679112
          0.679112
          0.679112
          0.679112
          0.679112
          0.679112
          0.679112
          0.679112
          0.679113
          0.679113
          0.679113
          0.679113
          0.679114
          0.679114
          0.679114
          0.679114
          0.679115
          0.679115
          0.679115
          0.679115
          0.679115
          0.679116
          0.679116
          0.679116
          0.679116
          0.679116
          0.679116
          0.679116
          0.679116
          0.679116
          0.679116
          0.679116
          0.679116
          0.679116
          0.679116
          0.679116
          0.679116
          0.679115
          0.679115
          0.679115
          0.679115
          0.679115
          0.679115
          0.679114
          0.679114
          0.679114
          0.679114
          0.679114
          0.679114
          0.679114
          0.679114
          0.679114
          0.679114
          0.679114
          0.679114
          0.679114
          0.679114
          0.679114
          0.679114
          0.679114
          0.679114
          0.679114
          0.679114
          0.679114
          0.679115
          0.679115
          0.679115
          0.679115
          0.679115
          0.679115
          0.679115
          0.679116
          0.679116
          0.679116
          0.679116
          0.679116
          0.679116
          0.679116
          0.679116
          0.679116
          0.679116
          0.679116
          0.679116
          0.679116
          0.679116
          0.679116
          0.679116
          0.679116
          0.679116
          0.679116
          0.679116
          0.679116
          0.679115
          0.679115
          0.679115
          0.679115
          0.679115
          0.679115
          0.679115
          0.679115
          0.679115
          0.679115
          0.679115
          0.679115
          0.679115
          0.679115
          0.679115
          0.679115
          0.679115
          0.679115
          0.679115
          0.679115
          0.679115
          0.679115
          0.679115
          0.679115
          0.679115
          0.679115
          0.679115
          0.679115
          0.679115
          0.679115
          0.679116
          0.679116
          0.679116
          0.679116
          0.679116
          0.679116
          0.679116
          0.679116
          0.679116
          0.679116
          0.679116
          0.679116
          0.679116
          0.679116
          0.679116
          0.679116
          0.679116
          0.679116
          0.679116
          0.679116
          0.679116
          0.679115
          0.679115
          0.679115
          0.679115
          0.679115
          0.679115
          0.679115
          0.679115
          0.679115
          0.679115
          0.679115
          0.679115
          0.679115
          0.679115
          0.679115
          0.679115
