          0.038185
          0.038858
          0.038849
          0.038837
          0.038823
          0.038807
          0.038791
          0.038775
          0.038759
          0.038745
          0.038731
          0.038719
          0.038707
          0.038697
          0.038687
          0.038679
          0.038671
          0.038664
          0.038658
          0.038653
          0.038648
          0.038644
          0.038640
          0.038637
          0.038634
          0.038631
          0.038629
          0.038627
          0.038626
          0.038624
          0.038623
          0.038622
          0.038621
          0.038620
          0.038620
          0.038619
          0.038619
          0.038619
          0.038618
          0.038618
          0.038618
          0.038618
          0.038618
          0.038618
          0.038618
          0.038618
          0.038618
          0.038618
          0.038618
          0.038619
          0.038619
          0.038619
          0.038619
          0.038619
          0.038620
          0.038620
          0.038620
          0.038620
          0.038620
          0.038620
          0.038621
          0.038621
          0.038621
          0.038621
          0.038621
          0.038621
          0.038621
          0.038621
          0.038621
          0.038621
          0.038621
          0.038621
          0.038621
          0.038621
          0.038621
          0.038621
          0.038621
          0.038621
          0.038621
          0.038621
          0.038621
          0.038621
          0.038621
          0.038621
          0.038621
          0.038621
          0.038621
          0.038621
          0.038621
          0.038621
          0.038621
          0.038621
          0.038621
          0.038621
          0.038621
          0.038621
          0.038621
          0.038621
          0.038621
          0.038622
          0.038622
          0.038622
          0.038622
          0.038622
          0.038622
          0.038622
          0.038622
          0.038622
          0.038622
          0.038622
          0.038622
          0.038622
          0.038622
          0.038622
          0.038622
          0.038622
          0.038622
          0.038622
          0.038622
          0.038622
          0.038622
          0.038622
          0.038622
          0.038622
          0.038622
          0.038622
          0.038622
          0.038622
          0.038622
          0.038622
          0.038622
          0.038622
          0.038621
          0.038621
          0.038621
          0.038621
          0.038621
          0.038621
          0.038621
          0.038621
          0.038621
          0.038621
          0.038621
          0.038621
          0.038621
          0.038621
          0.038621
          0.038621
          0.038621
          0.038621
          0.038621
          0.038622
          0.038622
          0.038622
          0.038622
          0.038622
          0.038622
          0.038622
          0.038622
          0.038622
          0.038622
          0.038622
          0.038622
          0.038622
          0.038622
          0.038622
          0.038622
          0.038622
          0.038622
          0.038622
          0.038622
          0.038622
          0.038622
          0.038622
          0.038622
          0.038622
          0.038622
          0.038622
          0.038622
          0.038622
          0.038622
          0.038622
          0.038622
          0.038622
          0.038622
          0.038621
          0.038621
          0.038621
          0.038621
          0.038621
          0.038621
          0.038621
          0.038621
          0.038621
          0.038621
          0.038621
          0.038621
          0.038621
          0.038621
          0.038621
          0.038621
          0.038621
          0.038621
          0.038621
          0.038622
          0.038622
          0.038622
          0.038622
          0.038622
          0.038622
          0.038622
          0.038622
          0.038622
          0.038622
          0.038622
          0.038622
          0.038622
          0.038622
          0.038622
          0.038622
          0.038622
          0.038622
          0.038622
          0.038622
          0.038622
          0.038622
          0.038622
          0.038622
          0.038622
          0.038622
          0.038622
          0.038622
          0.038621
          0.038621
          0.038621
          0.038621
          0.038621
          0.038621
          0.038621
          0.038621
          0.038621
          0.038621
          0.038621
          0.038621
          0.038621
          0.038621
          0.038621
          0.038621
          0.038621
          0.038621
          0.038621
          0.038621
