          0.202798
          0.202894
          0.202888
          0.202837
          0.202771
          0.202702
          0.202635
          0.202573
          0.202517
          0.202467
          0.202422
          0.202381
          0.202345
          0.202313
          0.202284
          0.202257
          0.202234
          0.202213
          0.202194
          0.202176
          0.202161
          0.202147
          0.202134
          0.202123
          0.202112
          0.202103
          0.202094
          0.202086
          0.202079
          0.202073
          0.202067
          0.202062
          0.202057
          0.202053
          0.202049
          0.202046
          0.202042
          0.202039
          0.202037
          0.202034
          0.202032
          0.202030
          0.202028
          0.202026
          0.202025
          0.202023
          0.202022
          0.202021
          0.202020
          0.202019
          0.202018
          0.202017
          0.202016
          0.202015
          0.202015
          0.202014
          0.202013
          0.202013
          0.202012
          0.202012
          0.202012
          0.202011
          0.202011
          0.202011
          0.202010
          0.202010
          0.202010
          0.202010
          0.202009
          0.202009
          0.202009
          0.202009
          0.202009
          0.202009
          0.202009
          0.202009
          0.202009
          0.202009
          0.202009
          0.202009
          0.202009
          0.202009
          0.202009
          0.202009
          0.202009
          0.202009
          0.202009
          0.202009
          0.202009
          0.202009
          0.202009
          0.202009
          0.202008
          0.202008
          0.202008
          0.202008
          0.202008
          0.202008
          0.202008
          0.202008
          0.202008
          0.202008
          0.202008
          0.202008
          0.202008
          0.202008
          0.202008
          0.202008
          0.202008
          0.202008
          0.202008
          0.202008
          0.202008
          0.202008
          0.202008
          0.202008
          0.202008
          0.202008
          0.202008
          0.202008
          0.202008
          0.202008
          0.202008
          0.202008
          0.202008
          0.202008
          0.202008
          0.202008
          0.202008
          0.202008
          0.202008
          0.202008
          0.202008
          0.202008
          0.202008
          0.202008
          0.202008
          0.202008
          0.202008
          0.202008
          0.202008
          0.202008
          0.202008
          0.202008
          0.202008
          0.202008
          0.202008
          0.202008
          0.202008
          0.202008
          0.202008
          0.202008
          0.202008
          0.202008
          0.202008
          0.202008
          0.202008
          0.202008
          0.202008
          0.202008
          0.202008
          0.202008
          0.202008
          0.202008
          0.202008
          0.202008
          0.202008
          0.202008
          0.202008
          0.202008
          0.202008
          0.202008
          0.202008
          0.202008
          0.202008
          0.202008
          0.202008
          0.202008
          0.202008
          0.202008
          0.202008
          0.202008
          0.202008
          0.202008
          0.202008
          0.202008
          0.202008
          0.202008
          0.202008
          0.202008
          0.202008
          0.202008
          0.202008
          0.202008
          0.202008
          0.202008
          0.202008
          0.202008
          0.202008
          0.202008
          0.202008
          0.202008
          0.202008
          0.202008
          0.202008
          0.202008
          0.202008
          0.202008
          0.202008
          0.202008
          0.202008
          0.202008
          0.202008
          0.202008
          0.202008
          0.202008
          0.202008
          0.202008
          0.202008
          0.202008
          0.202008
          0.202008
          0.202008
          0.202008
          0.202008
          0.202008
          0.202008
          0.202008
          0.202008
          0.202008
          0.202008
          0.202008
          0.202008
          0.202008
          0.202008
          0.202008
          0.202008
          0.202008
          0.202008
          0.202008
          0.202008
          0.202008
          0.202008
          0.202008
          0.202008
          0.202008
          0.202008
          0.202008
          0.202008
          0.202008
          0.202008
          0.202008
