          1.761507
          1.761570
          1.761614
          1.761640
          1.761650
          1.761650
          1.761641
          1.761627
          1.761610
          1.761591
          1.761572
          1.761552
          1.761534
          1.761516
          1.761500
          1.761485
          1.761472
          1.761460
          1.761449
          1.761440
          1.761432
          1.761425
          1.761418
          1.761413
          1.761409
          1.761405
          1.761402
          1.761399
          1.761397
          1.761395
          1.761394
          1.761393
          1.761392
          1.761392
          1.761392
          1.761391
          1.761391
          1.761392
          1.761392
          1.761392
          1.761393
          1.761393
          1.761394
          1.761394
          1.761395
          1.761396
          1.761396
          1.761397
          1.761398
          1.761398
          1.761399
          1.761400
          1.761401
          1.761401
          1.761402
          1.761403
          1.761404
          1.761405
          1.761405
          1.761406
          1.761407
          1.761407
          1.761408
          1.761409
          1.761410
          1.761410
          1.761411
          1.761411
          1.761412
          1.761413
          1.761413
          1.761414
          1.761414
          1.761415
          1.761415
          1.761416
          1.761416
          1.761416
          1.761417
          1.761417
          1.761417
          1.761417
          1.761418
          1.761418
          1.761418
          1.761418
          1.761418
          1.761419
          1.761419
          1.761419
          1.761419
          1.761419
          1.761419
          1.761419
          1.761419
          1.761420
          1.761420
          1.761420
          1.761420
          1.761420
          1.761420
          1.761421
          1.761421
          1.761421
          1.761421
          1.761421
          1.761422
          1.761422
          1.761422
          1.761422
          1.761422
          1.761423
          1.761423
          1.761423
          1.761423
          1.761424
          1.761424
          1.761424
          1.761424
          1.761424
          1.761425
          1.761425
          1.761425
          1.761425
          1.761425
          1.761425
          1.761425
          1.761426
          1.761426
          1.761426
          1.761426
          1.761426
          1.761426
          1.761426
          1.761426
          1.761426
          1.761426
          1.761426
          1.761426
          1.761426
          1.761426
          1.761426
          1.761426
          1.761426
          1.761426
          1.761426
          1.761426
          1.761426
          1.761426
          1.761426
          1.761426
          1.761426
          1.761426
          1.761427
          1.761427
          1.761427
          1.761427
          1.761427
          1.761427
          1.761427
          1.761427
          1.761427
          1.761427
          1.761427
          1.761427
          1.761428
          1.761428
          1.761428
          1.761428
          1.761428
          1.761428
          1.761428
          1.761428
          1.761428
          1.761428
          1.761428
          1.761429
          1.761429
          1.761429
          1.761429
          1.761429
          1.761429
          1.761429
          1.761429
          1.761429
          1.761429
          1.761429
          1.761429
          1.761429
          1.761429
          1.761429
          1.761429
          1.761429
          1.761429
          1.761429
          1.761429
          1.761429
          1.761429
          1.761429
          1.761429
          1.761429
          1.761429
          1.761429
          1.761429
          1.761429
          1.761429
          1.761429
          1.761429
          1.761429
          1.761429
          1.761429
          1.761429
          1.761429
          1.761429
          1.761429
          1.761429
          1.761429
          1.761430
          1.761430
          1.761430
          1.761430
          1.761430
          1.761430
          1.761430
          1.761430
          1.761430
          1.761430
          1.761430
          1.761430
          1.761430
          1.761430
          1.761430
          1.761430
          1.761430
          1.761430
          1.761430
          1.761430
          1.761430
          1.761430
          1.761430
          1.761430
          1.761430
          1.761430
          1.761430
          1.761430
          1.761430
          1.761430
          1.761430
          1.761430
          1.761430
          1.761430
          1.761430
