          1.511117
          1.511484
          1.511501
          1.511355
          1.511161
          1.510968
          1.510793
          1.510639
          1.510507
          1.510395
          1.510299
          1.510218
          1.510149
          1.510090
          1.510041
          1.509998
          1.509962
          1.509932
          1.509906
          1.509884
          1.509864
          1.509848
          1.509834
          1.509823
          1.509812
          1.509804
          1.509797
          1.509790
          1.509785
          1.509780
          1.509776
          1.509773
          1.509771
          1.509768
          1.509766
          1.509765
          1.509764
          1.509762
          1.509761
          1.509761
          1.509761
          1.509760
          1.509760
          1.509760
          1.509760
          1.509760
          1.509761
          1.509761
          1.509762
          1.509762
          1.509763
          1.509764
          1.509765
          1.509766
          1.509767
          1.509769
          1.509770
          1.509771
          1.509772
          1.509773
          1.509775
          1.509776
          1.509777
          1.509778
          1.509780
          1.509781
          1.509782
          1.509783
          1.509784
          1.509784
          1.509785
          1.509786
          1.509787
          1.509787
          1.509788
          1.509788
          1.509788
          1.509788
          1.509788
          1.509788
          1.509788
          1.509788
          1.509788
          1.509788
          1.509788
          1.509788
          1.509787
          1.509787
          1.509787
          1.509786
          1.509786
          1.509786
          1.509786
          1.509786
          1.509786
          1.509786
          1.509786
          1.509786
          1.509786
          1.509786
          1.509786
          1.509787
          1.509787
          1.509788
          1.509788
          1.509789
          1.509789
          1.509790
          1.509790
          1.509791
          1.509791
          1.509792
          1.509792
          1.509793
          1.509793
          1.509794
          1.509794
          1.509795
          1.509795
          1.509795
          1.509795
          1.509796
          1.509796
          1.509796
          1.509796
          1.509796
          1.509796
          1.509796
          1.509796
          1.509796
          1.509796
          1.509795
          1.509795
          1.509795
          1.509795
          1.509795
          1.509794
          1.509794
          1.509794
          1.509794
          1.509793
          1.509793
          1.509793
          1.509793
          1.509792
          1.509792
          1.509792
          1.509792
          1.509792
          1.509792
          1.509792
          1.509792
          1.509793
          1.509793
          1.509793
          1.509793
          1.509793
          1.509794
          1.509794
          1.509794
          1.509794
          1.509795
          1.509795
          1.509795
          1.509796
          1.509796
          1.509796
          1.509796
          1.509796
          1.509797
          1.509797
          1.509797
          1.509797
          1.509797
          1.509797
          1.509797
          1.509797
          1.509798
          1.509798
          1.509798
          1.509797
          1.509797
          1.509797
          1.509797
          1.509797
          1.509797
          1.509797
          1.509797
          1.509797
          1.509796
          1.509796
          1.509796
          1.509796
          1.509796
          1.509796
          1.509796
          1.509795
          1.509795
          1.509795
          1.509795
          1.509795
          1.509795
          1.509795
          1.509795
          1.509795
          1.509795
          1.509795
          1.509796
          1.509796
          1.509796
          1.509796
          1.509796
          1.509796
          1.509796
          1.509797
          1.509797
          1.509797
          1.509797
          1.509797
          1.509797
          1.509798
          1.509798
          1.509798
          1.509798
          1.509798
          1.509798
          1.509798
          1.509798
          1.509798
          1.509798
          1.509798
          1.509798
          1.509798
          1.509798
          1.509798
          1.509798
          1.509798
          1.509797
          1.509797
          1.509797
          1.509797
          1.509797
          1.509797
          1.509796
          1.509796
          1.509796
          1.509796
          1.509796
          1.509796
          1.509796
          1.509795
          1.509796
