  8.661204624520040E-003  8.660454458391304E-003  8.659341973599851E-003
  8.657921461292064E-003  8.656357066655355E-003  8.654781733920066E-003
  8.653260522410120E-003  8.651819151834210E-003  8.650472284241114E-003
  8.649222737740886E-003  8.648072482475158E-003  8.647023094550337E-003
  8.646068674004108E-003  8.645203555744501E-003  8.644422742446556E-003
  8.643717300705218E-003  8.643089321337149E-003  8.642523036967680E-003
  8.642016253249878E-003  8.641567341643607E-003  8.641161276578942E-003
  8.640800838510623E-003  8.640477285664961E-003  8.640188956514026E-003
  8.639930315304654E-003  8.639702720539639E-003  8.639494879085306E-003
  8.639308879206168E-003  8.639145912146672E-003  8.638996342310426E-003
  8.638858885610624E-003  8.638742880114422E-003  8.638636041518986E-003
  8.638541631953668E-003  8.638453160415996E-003  8.638376818016841E-003
  8.638306355156883E-003  8.638245087370239E-003  8.638185783138311E-003
  8.638138600700783E-003  8.638093616156783E-003  8.638055029316687E-003
  8.638019266730931E-003  8.637986171672678E-003  8.637961980119907E-003
  8.637939171664123E-003  8.637919408372819E-003  8.637903884519774E-003
  8.637890369375264E-003  8.637876297765659E-003  8.637870741911248E-003
  8.637861540223082E-003  8.637859912319867E-003  8.637853054883180E-003
  8.637852239651802E-003  8.637854195320012E-003  8.637851928281585E-003
  8.637855645728202E-003  8.637856942246735E-003  8.637860197510767E-003
  8.637865123214695E-003  8.637863888112720E-003  8.637867553632099E-003
  8.637868531236268E-003  8.637870157989141E-003  8.637871746350107E-003
  8.637870462126584E-003  8.637869757133586E-003  8.637871200485057E-003
  8.637864966589987E-003  8.637862849066251E-003  8.637859028288609E-003
  8.637854207857724E-003  8.637847000008097E-003  8.637841805859310E-003
  8.637831904223786E-003  8.637821292358464E-003  8.637812190091968E-003
  8.637800881050574E-003  8.637790625333683E-003  8.637779656214956E-003
  8.637764731631244E-003  8.637755188839922E-003  8.637746615439609E-003
  8.637735779685740E-003  8.637722109064392E-003  8.637709454649931E-003
  8.637701814962382E-003  8.637690331093031E-003  8.637680527737590E-003
  8.637674089107357E-003  8.637666399672408E-003  8.637660914525801E-003
  8.637655364428917E-003  8.637649145907395E-003  8.637644458688918E-003
  8.637643532396896E-003  8.637639237783858E-003  8.637642089366937E-003
  8.637639248121229E-003  8.637638511904012E-003  8.637641171292334E-003
  8.637643603452294E-003  8.637645171076624E-003  8.637645427859150E-003
  8.637649263129385E-003  8.637652909723311E-003  8.637656947282746E-003
  8.637658147195776E-003  8.637659896381652E-003  8.637659516319061E-003
  8.637662367545148E-003  8.637663296061950E-003  8.637666317965953E-003
  8.637666456153650E-003  8.637662043467650E-003  8.637660774065739E-003
  8.637659601336249E-003  8.637656106819342E-003  8.637651855160203E-003
  8.637650127264120E-003  8.637646784780946E-003  8.637639601032457E-003
  8.637634343671183E-003  8.637628912839328E-003  8.637623875475217E-003
  8.637615892360225E-003  8.637607384217710E-003  8.637601567525199E-003
  8.637595643581636E-003  8.637587052494788E-003  8.637579313713126E-003
  8.637571242179362E-003  8.637563943756778E-003  8.637557526846503E-003
  8.637550717739985E-003  8.637544315108882E-003  8.637537901265735E-003
  8.637532063536036E-003  8.637527133739871E-003  8.637522176553183E-003
  8.637517961274899E-003  8.637515556641825E-003  8.637508674606345E-003
  8.637505889040746E-003  8.637505763320256E-003  8.637506375857701E-003
  8.637506073085591E-003  8.637505397633890E-003  8.637505112872182E-003
  8.637505961192197E-003  8.637505352201015E-003  8.637507670591228E-003
  8.637507722604236E-003  8.637510151364668E-003  8.637511538112890E-003
  8.637513345768649E-003  8.637517565740072E-003  8.637518692538064E-003
  8.637520726122614E-003  8.637521730965953E-003  8.637523013536468E-003
  8.637527924654845E-003  8.637526150242630E-003  8.637530578359224E-003
  8.637527880084966E-003  8.637528445145710E-003  8.637528615631440E-003
  8.637529851671887E-003  8.637530160195422E-003  8.637529665455532E-003
  8.637526763596304E-003  8.637528248955882E-003  8.637524347942628E-003
  8.637525035911975E-003  8.637518655677346E-003  8.637517246785418E-003
  8.637515947340328E-003  8.637514065409573E-003  8.637509875051318E-003
  8.637504754438795E-003  8.637500141147388E-003  8.637498460107820E-003
  8.637494813386029E-003  8.637492397362102E-003  8.637486492885618E-003
  8.637481771899300E-003  8.637479521762142E-003  8.637475759656749E-003
  8.637470290832177E-003  8.637469341125680E-003  8.637464190750874E-003
  8.637464484933181E-003  8.637458047948039E-003  8.637456019065362E-003
  8.637455209612847E-003  8.637454486227903E-003  8.637450757476274E-003
  8.637451580009191E-003  8.637449526000316E-003  8.637451498643707E-003
  8.637450060127120E-003  8.637450459763805E-003  8.637449760854836E-003
  8.637449917763891E-003  8.637452130584859E-003  8.637451189472936E-003
  8.637454495033402E-003  8.637457172173145E-003  8.637457507524466E-003
  8.637458353088630E-003  8.637461969700626E-003  8.637461743308471E-003
  8.637460637619832E-003  8.637465010766808E-003  8.637465789348554E-003
  8.637468710014536E-003  8.637467595975161E-003  8.637471766481435E-003
  8.637469947502854E-003  8.637471004401289E-003  8.637472208873826E-003
  8.637472885952326E-003  8.637471329050895E-003  8.637470239692109E-003
  8.637475367481324E-003  8.637471483475156E-003  8.637470712757927E-003
  8.637467560776380E-003  8.637467210427586E-003  8.637464898984173E-003
  8.637461192061133E-003  8.637459938795208E-003  8.637457604195523E-003
  8.637455886655562E-003  8.637453055769745E-003  8.637450963425568E-003
  8.637446683520497E-003  8.637443528745301E-003  8.637440945523038E-003
  8.637439510607425E-003  8.637437041459547E-003  8.637435220505939E-003
  8.637433546269372E-003  8.637430906643470E-003  8.637427726830774E-003
  8.637427294356324E-003  8.637424237136621E-003  8.637425982910113E-003
  8.637425370177728E-003  8.637422107917191E-003  8.637422615557788E-003
   1.00009676243925        1.00009113684519        1.00008476566733     
   1.00007798242398        1.00007109906106        1.00006434233798     
   1.00005785823601        1.00005173691807        1.00004603119829     
   1.00004076614899        1.00003594818877        1.00003156970032     
   1.00002761269630        1.00002405389657        1.00002086672447     
   1.00001802269420        1.00001549380548        1.00001324994421     
   1.00001126516636        1.00000951384893        1.00000797084739     
   1.00000661595062        1.00000542839287        1.00000439058570     
   1.00000348590978        1.00000269996871        1.00000201842769     
   1.00000143097268        1.00000092706485        1.00000049619539     
   1.00000013126690       0.999999825919754       0.999999571133408     
  0.999999362056835       0.999999193065775       0.999999060788891     
  0.999998960095650       0.999998887955504       0.999998840464167     
  0.999998816077724       0.999998810155356       0.999998821239114     
  0.999998846663049       0.999998884915545       0.999998934553626     
  0.999998992226913       0.999999056970853       0.999999127339467     
  0.999999201535261       0.999999278487483       0.999999357937076     
  0.999999436781722       0.999999515767992       0.999999592131870     
  0.999999667167084       0.999999738617872       0.999999805300045     
  0.999999868267916       0.999999925371287       0.999999977181324     
   1.00000002290136        1.00000006188462        1.00000009599006     
   1.00000012359444        1.00000014553925        1.00000016161735     
   1.00000017191949        1.00000017744965        1.00000017815098     
   1.00000017352212        1.00000016618613        1.00000015507141     
   1.00000014096778        1.00000012448492        1.00000010667155     
   1.00000008721923        1.00000006795352        1.00000004943092     
   1.00000003150350        1.00000001518110        1.00000000043922     
  0.999999987810127       0.999999978799256       0.999999971962205     
  0.999999967228853       0.999999965534675       0.999999967973580     
  0.999999974355981       0.999999983228746       0.999999995854673     
   1.00000001175506        1.00000002987030        1.00000005057235     
   1.00000007311712        1.00000009745041        1.00000012366962     
   1.00000015115512        1.00000017854458        1.00000020672544     
   1.00000023325150        1.00000025973341        1.00000028529775     
   1.00000030866017        1.00000032969239        1.00000034848252     
   1.00000036525499        1.00000037868951        1.00000038869360     
   1.00000039500176        1.00000039840754        1.00000039864217     
   1.00000039629697        1.00000039029680        1.00000038122627     
   1.00000036842087        1.00000035283783        1.00000033596558     
   1.00000031687418        1.00000029560607        1.00000027300338     
   1.00000024941501        1.00000022417521        1.00000019795331     
   1.00000017213766        1.00000014629149        1.00000012065033     
   1.00000009528156        1.00000007131197        1.00000004909120     
   1.00000002795697        1.00000000813283       0.999999990653025     
  0.999999975422516       0.999999962704702       0.999999952396958     
  0.999999944345284       0.999999938789556       0.999999935703076     
  0.999999935165457       0.999999937052305       0.999999941116330     
  0.999999947386417       0.999999955635770       0.999999965278363     
  0.999999977697402       0.999999991533109        1.00000000586111     
   1.00000002036852        1.00000003526468        1.00000005057785     
   1.00000006608259        1.00000008130868        1.00000009659905     
   1.00000011090753        1.00000012482918        1.00000013748927     
   1.00000014909524        1.00000015939202        1.00000016750570     
   1.00000017431913        1.00000017945731        1.00000018316116     
   1.00000018526654        1.00000018457248        1.00000018314558     
   1.00000017899962        1.00000017436481        1.00000016819531     
   1.00000016060675        1.00000015126920        1.00000014050691     
   1.00000012861334        1.00000011639919        1.00000010254076     
   1.00000008881456        1.00000007385531        1.00000005998284     
   1.00000004571071        1.00000003110368        1.00000001646184     
   1.00000000263138       0.999999990018304       0.999999978555808     
  0.999999967410947       0.999999957306043       0.999999947960365     
  0.999999940574382       0.999999934855256       0.999999930090087     
  0.999999926826005       0.999999925652015       0.999999925180018     
  0.999999926770612       0.999999928730237       0.999999933200279     
  0.999999938773398       0.999999945040983       0.999999951948577     
  0.999999960404470       0.999999968921159       0.999999978350563     
  0.999999987363547       0.999999996968964        1.00000000651250     
   1.00000001626582        1.00000002587487        1.00000003460331     
   1.00000004335853        1.00000005071796        1.00000005680817     
   1.00000006230288        1.00000006697855        1.00000006990249     
   1.00000007223615        1.00000007419997        1.00000007400709     
   1.00000007275438        1.00000006974722        1.00000006624893     
   1.00000006059379        1.00000005468767        1.00000004763693     
   1.00000003942603        1.00000003026657        1.00000002091411     
   1.00000001127179       0.999999999455218       0.999999988404575     
  0.999999977229545       0.999999966770522       0.999999956229242     
  0.999999946318733       0.999999937567194       0.999999929288190     
  0.999999921913708       0.999999915343386       0.999999910017110     
  0.999999905780674       0.999999903393744       0.999999902556907     
  0.999999903123936       0.999999904760525       0.999999907818720     
  0.999999912108457       0.999999917584885       0.999999924540450     
  0.999999933115549       0.999999942395457       0.999999953141850     
  0.999999963772137       0.999999974965970       0.999999987472934     
   1.51111684576259        1.51148438432981        1.51150081371188     
   1.51135480342174        1.51116095923816        1.51096800497468     
   1.51079276467292        1.51063930955426        1.51050734105987     
   1.51039461725833        1.51029878533171        1.51021762793416     
   1.51014876260330        1.51009028791233        1.51004057753700     
   1.50999817703102        1.50996240881720        1.50993168065567     
   1.50990555352267        1.50988352636697        1.50986439537874     
   1.50984826319757        1.50983436865660        1.50982254678893     
   1.50981240266117        1.50980398880458        1.50979653833093     
   1.50979020016244        1.50978503166066        1.50978042911371     
   1.50977630706972        1.50977330820523        1.50977062405931     
   1.50976842882413        1.50976636334869        1.50976485609690     
   1.50976350051160        1.50976249917487        1.50976142786967     
   1.50976099336611        1.50976050174366        1.50976025410394     
   1.50976002052014        1.50975989053131        1.50976021291462     
   1.50976049419093        1.50976085410427        1.50976140349442     
   1.50976198979315        1.50976248141563        1.50976345697339     
   1.50976418527040        1.50976530196137        1.50976608109214     
   1.50976724332578        1.50976852225711        1.50976952529856     
   1.50977094093931        1.50977214018463        1.50977343963687     
   1.50977481259186        1.50977581724638        1.50977716076903     
   1.50977830603815        1.50977951618026        1.50978066100114     
   1.50978166402010        1.50978266378072        1.50978377969057     
   1.50978439910551        1.50978530843097        1.50978605311558     
   1.50978667734276        1.50978718389769        1.50978776454099     
   1.50978798412380        1.50978815611093        1.50978835929352     
   1.50978842594219        1.50978847293264        1.50978842918646     
   1.50978814982630        1.50978816395521        1.50978815454700     
   1.50978796070061        1.50978754679138        1.50978716747292     
   1.50978707827322        1.50978670420685        1.50978642050838     
   1.50978631040659        1.50978609447889        1.50978603135500     
   1.50978590222817        1.50978569682085        1.50978564038028     
   1.50978580742220        1.50978577945827        1.50978620191756     
   1.50978623015874        1.50978643548230        1.50978687797402     
   1.50978730867952        1.50978766527366        1.50978797492534     
   1.50978857702376        1.50978912540751        1.50978976697155     
   1.50979022548253        1.50979073552536        1.50979116354719     
   1.50979181656727        1.50979231699288        1.50979298153418     
   1.50979344884870        1.50979364749680        1.50979408930668     
   1.50979451886420        1.50979478855136        1.50979503698868     
   1.50979545102941        1.50979573177356        1.50979573605688     
   1.50979587812690        1.50979599346570        1.50979610566587     
   1.50979600049104        1.50979588353862        1.50979590701805     
   1.50979587992612        1.50979562023528        1.50979543459399     
   1.50979518634578        1.50979493176999        1.50979475737153     
   1.50979450657648        1.50979426638373        1.50979398805748     
   1.50979372111073        1.50979350501433        1.50979327998638     
   1.50979306149021        1.50979297345397        1.50979253570236     
   1.50979239379886        1.50979240331087        1.50979247858929     
   1.50979242992566        1.50979238532537        1.50979239184448     
   1.50979246471377        1.50979246185589        1.50979266449497     
   1.50979269336849        1.50979290867855        1.50979305718236     
   1.50979325550435        1.50979363631366        1.50979380076011     
   1.50979405968163        1.50979427164175        1.50979452580421     
   1.50979499469956        1.50979506552922        1.50979553944135     
   1.50979556386406        1.50979582743326        1.50979605695737     
   1.50979638030594        1.50979660540706        1.50979681705015     
   1.50979687871152        1.50979722000074        1.50979719553239     
   1.50979747894662        1.50979729533815        1.50979747060185     
   1.50979760989088        1.50979767066752        1.50979760250534     
   1.50979743217186        1.50979732789346        1.50979740091386     
   1.50979731874135        1.50979728266426        1.50979700997981     
   1.50979681034769        1.50979678579736        1.50979659258305     
   1.50979631729415        1.50979632603250        1.50979603171372     
   1.50979608038777        1.50979566396835        1.50979555770963     
   1.50979551090078        1.50979544903209        1.50979521064205     
   1.50979527240995        1.50979513761762        1.50979522943677     
   1.50979514005743        1.50979519001700        1.50979513711862     
   1.50979515856795        1.50979531231057        1.50979529279672     
   1.50979552798610        1.50979571876321        1.50979579415088     
   1.50979588265576        1.50979615890216        1.50979620322207     
   1.50979620053304        1.50979658609186        1.50979673465842     
   1.50979701373788        1.50979704913549        1.50979742780983     
   1.50979738957070        1.50979759300047        1.50979779021943     
   1.50979794371792        1.50979795291621        1.50979803036418     
   1.50979845838238        1.50979828457598        1.50979833748784     
   1.50979823296847        1.50979831946603        1.50979824675986     
   1.50979810833302        1.50979810688937        1.50979801734601     
   1.50979793247226        1.50979777608603        1.50979766355922     
   1.50979741346003        1.50979719083851        1.50979703220627     
   1.50979693938489        1.50979674920861        1.50979658577184     
   1.50979644675690        1.50979625082357        1.50979600897964     
   1.50979592609430        1.50979573466770        1.50979581962773     
   1.50979570560366        1.50979548020699        1.50979552875070     
  0.678322638646767       0.678248770048452       0.678246502268385     
  0.678273823185743       0.678316510528507       0.678366490240312     
  0.678418624138955       0.678469925115559       0.678518978532071     
  0.678565071464361       0.678608041528800       0.678647990350775     
  0.678684963988811       0.678719115743127       0.678750625707331     
  0.678779622096242       0.678806477179014       0.678831103259143     
  0.678853782097506       0.678874744604129       0.678893869625507     
  0.678911504780584       0.678927639133082       0.678942451197759     
  0.678956004384515       0.678968516948448       0.678979859243242     
  0.678990241171376       0.678999833946421       0.679008517770845     
  0.679016369565907       0.679023752105460       0.679030438539777     
  0.679036583154108       0.679042108744336       0.679047253103798     
  0.679051916781577       0.679056239056978       0.679060092676053     
  0.679063804028097       0.679067143970509       0.679070263396675     
  0.679073103558042       0.679075715475800       0.679078277545549     
  0.679080618935389       0.679082803139396       0.679084889669896     
  0.679086836919632       0.679088599454095       0.679090428249589     
  0.679092035240357       0.679093696637593       0.679095116254167     
  0.679096591237653       0.679098036057288       0.679099286425420     
  0.679100621268818       0.679101806115389       0.679102966762041     
  0.679104099097237       0.679105017437147       0.679106010981548     
  0.679106875961279       0.679107713827170       0.679108488023156     
  0.679109154527694       0.679109782639341       0.679110423422248     
  0.679110826392978       0.679111306599992       0.679111698596629     
  0.679112019222480       0.679112261184662       0.679112516546900     
  0.679112611700957       0.679112666312247       0.679112726423551     
  0.679112717662575       0.679112701761142       0.679112647011028     
  0.679112486869382       0.679112447102815       0.679112411393573     
  0.679112306557739       0.679112114492706       0.679111938854306     
  0.679111891126639       0.679111739432831       0.679111630846062     
  0.679111605208483       0.679111547930882       0.679111557234480     
  0.679111555258551       0.679111531535169       0.679111566317547     
  0.679111701476196       0.679111760659511       0.679112008726479     
  0.679112104881243       0.679112265567901       0.679112522560978     
  0.679112776938005       0.679113002164168       0.679113199504981     
  0.679113503593061       0.679113789805166       0.679114100343117     
  0.679114329239150       0.679114568509903       0.679114757931757     
  0.679115028696744       0.679115234221723       0.679115495624381     
  0.679115669914829       0.679115719501105       0.679115851422589     
  0.679115973580443       0.679116025132116       0.679116056304191     
  0.679116148248469       0.679116185104493       0.679116105186881     
  0.679116071967918       0.679116026317896       0.679115980989055     
  0.679115847374045       0.679115701279681       0.679115616557790     
  0.679115519360965       0.679115335350003       0.679115179425257     
  0.679115004806266       0.679114838076433       0.679114705645614     
  0.679114554216933       0.679114412891598       0.679114266313772     
  0.679114131999788       0.679114025766789       0.679113922788143     
  0.679113834027891       0.679113803052452       0.679113643010111     
  0.679113601952779       0.679113634120517       0.679113698063426     
  0.679113725163135       0.679113752236075       0.679113798927563     
  0.679113875248116       0.679113920742960       0.679114049000875     
  0.679114111821461       0.679114246297867       0.679114354726326     
  0.679114478748403       0.679114673615722       0.679114780727168     
  0.679114918488229       0.679115030508284       0.679115151863885     
  0.679115361626599       0.679115402652801       0.679115600059633     
  0.679115610218314       0.679115705934051       0.679115786238190     
  0.679115898208858       0.679115972169551       0.679116030804763     
  0.679116021935674       0.679116122379046       0.679116074242282     
  0.679116144085879       0.679116023545027       0.679116037784039     
  0.679116044446731       0.679116022777735       0.679115944632947     
  0.679115825823229       0.679115727924668       0.679115705594276     
  0.679115626142058       0.679115570426214       0.679115420386065     
  0.679115298464765       0.679115249974104       0.679115145836410     
  0.679115006205253       0.679114986062686       0.679114851871438     
  0.679114860931704       0.679114688586603       0.679114639951790     
  0.679114624221563       0.679114609662050       0.679114524535663     
  0.679114562699628       0.679114526866894       0.679114589720756     
  0.679114578248060       0.679114620534157       0.679114626992626     
  0.679114661927035       0.679114753376880       0.679114772301454     
  0.679114896193981       0.679115005240537       0.679115062170254     
  0.679115123062875       0.679115258657975       0.679115296885776     
  0.679115310037036       0.679115474332777       0.679115544946169     
  0.679115665458670       0.679115681890278       0.679115832959626     
  0.679115817046384       0.679115885030506       0.679115951678572     
  0.679115998512943       0.679115983706597       0.679115985410368     
  0.679116136050567       0.679116044500522       0.679116033225335     
  0.679115957139512       0.679115954625415       0.679115891466496     
  0.679115796026033       0.679115758772979       0.679115689389255     
  0.679115627078904       0.679115536227221       0.679115464683055     
  0.679115338135976       0.679115228758747       0.679115144941306     
  0.679115093594835       0.679115011085185       0.679114943285009     
  0.679114887587370       0.679114810799605       0.679114719131301     
  0.679114698159315       0.679114631340484       0.679114684304073     
  0.679114668478400       0.679114600998581       0.679114642572598     
 -2.378937297637192E-003 -8.577225160014949E-004 -8.639685775705908E-004
 -7.999787714609883E-004 -7.137964229653151E-004 -6.264362750171719E-004
 -5.455091656561879E-004 -4.731485786078452E-004 -4.095781079424584E-004
 -3.541088036238738E-004 -3.059462490922154E-004 -2.642929992571154E-004
 -2.282265647845874E-004 -1.969914693642137E-004 -1.699252351499075E-004
 -1.464102288181054E-004 -1.261863493095287E-004 -1.085184679974022E-004
 -9.321147152108254E-005 -8.004095282294205E-005 -6.842172764729126E-005
 -5.840348323147309E-005 -4.962588329985936E-005 -4.200418105607355E-005
 -3.532984661770256E-005 -2.961834296913377E-005 -2.449910065373019E-005
 -2.002764498169502E-005 -1.622576400909186E-005 -1.278721130135528E-005
 -9.680290265275832E-006 -7.201754253573363E-006 -4.950000141029394E-006
 -3.006359309777162E-006 -1.192082026356506E-006  2.887855569493222E-007
  1.637054600370801E-006  2.748581767077563E-006  3.841752981972075E-006
  4.578454783601760E-006  5.291903207144288E-006  5.835837103653272E-006
  6.333402526951805E-006  6.748542386840053E-006  6.910755390210811E-006
  7.067760129146001E-006  7.155527847290594E-006  7.121919730121059E-006
  7.049565172398386E-006  7.001643172502353E-006  6.697359778612712E-006
  6.505413131247800E-006  6.105735391550572E-006  5.860834518323880E-006
  5.415994107649603E-006  4.915450136118596E-006  4.550513726584042E-006
  3.988034938903312E-006  3.530868203455869E-006  3.021355844422619E-006
  2.482906286941564E-006  2.129747120452709E-006  1.615701862938526E-006
  1.206069006471890E-006  7.712880722505661E-007  3.743892914087130E-007
  4.601638051477703E-008 -2.808364465638666E-007 -6.526033927152964E-007
 -7.740348679823249E-007 -1.023160367406865E-006 -1.190260912079159E-006
 -1.297812590141120E-006 -1.346473379917768E-006 -1.426492387563983E-006
 -1.334203239163063E-006 -1.224020570240704E-006 -1.131859782043183E-006
 -9.738895566372874E-007 -8.251566231325207E-007 -6.477760548038408E-007
 -3.590919769646079E-007 -2.295545340093884E-007 -9.530606624156924E-008
  1.226242772293170E-007  4.338984168882569E-007  7.124367854493336E-007
  8.331049293154786E-007  1.084715589896111E-006  1.267485637680254E-006
  1.351992375950453E-006  1.479714364810097E-006  1.529728043384018E-006
  1.605140476653693E-006  1.704809011275588E-006  1.719834488330878E-006
  1.622693430673026E-006  1.612844572784224E-006  1.385919321845442E-006
  1.348573034956918E-006  1.232968863945336E-006  1.003817752263511E-006
  7.856618510412969E-007  6.102861727833656E-007  4.607803621627279E-007
  1.788124038702642E-007 -6.511781929721962E-008 -3.401184602471866E-007
 -5.156206119214984E-007 -7.048919902635371E-007 -8.356121888671405E-007
 -1.063364743954073E-006 -1.214038778039610E-006 -1.432454539011043E-006
 -1.538180016245204E-006 -1.505977563537260E-006 -1.586771393433181E-006
 -1.661072525806916E-006 -1.650921157608313E-006 -1.629090168515132E-006
 -1.685493702495555E-006 -1.673966955820848E-006 -1.526083143945750E-006
 -1.445837965569545E-006 -1.360590417851368E-006 -1.280060076288798E-006
 -1.092136579834860E-006 -9.055383684637132E-007 -8.016875899510146E-007
 -6.762730981485210E-007 -4.527420717033435E-007 -2.737606426003839E-007
 -7.595747664093117E-008  1.086807947232365E-007  2.424932269009648E-007
  4.004111660205630E-007  5.482135260785452E-007  7.082540353900413E-007
  8.492807984586345E-007  9.523654401725210E-007  1.049928561194141E-006
  1.134724993948846E-006  1.152668738876491E-006  1.324668515703330E-006
  1.343755642254167E-006  1.280767706952327E-006  1.182814851050290E-006
  1.142045908555356E-006  1.099095063046227E-006  1.036147936478871E-006
  9.475236802039598E-007  8.963859619268984E-007  7.526856999551062E-007
  6.957511560805080E-007  5.492372241411104E-007  4.400928627456866E-007
  3.213626836534249E-007  1.244654616459069E-007  3.479613788498454E-008
 -9.618813641865225E-008 -1.973105192390052E-007 -3.047564897703540E-007
 -5.086955595776217E-007 -5.095662160008245E-007 -6.932199223859929E-007
 -6.524264201793064E-007 -7.206928068799268E-007 -7.734240917931178E-007
 -8.631615410323578E-007 -9.045597872266579E-007 -9.370350887973203E-007
 -8.910525653497933E-007 -9.796326519063607E-007 -8.904568441550072E-007
 -9.485990161870830E-007 -7.800512300864919E-007 -7.885900030923658E-007
 -7.858669740559939E-007 -7.395962091413495E-007 -6.327511964948198E-007
 -4.810145492083603E-007 -3.650554484495863E-007 -3.365943220026749E-007
 -2.390413181139522E-007 -1.734136673463304E-007  1.958212335178684E-009
  1.338577077763126E-007  1.814197815608015E-007  3.007122149526254E-007
  4.551576368855360E-007  4.687285849129268E-007  6.190260665153945E-007
  5.986952098033671E-007  7.954313595602678E-007  8.456778453214622E-007
  8.582793044358577E-007  8.780774924065959E-007  9.779471614826333E-007
  9.239747028014835E-007  9.643856212157178E-007  8.920329428195156E-007
  9.184173711582392E-007  8.834559907956543E-007  8.892796672343244E-007
  8.538874128670398E-007  7.640624393337184E-007  7.595271145306712E-007
  6.270994108305322E-007  5.245796213087015E-007  4.846806367525530E-007
  4.366874236229004E-007  2.973312776462012E-007  2.775351391003075E-007
  2.770384528726440E-007  9.354968401758457E-008  3.141018370106810E-008
 -9.709571361487276E-008 -1.029501416837293E-007 -2.727144298838658E-007
 -2.349666338892994E-007 -3.191559441166454E-007 -4.071606135108377E-007
 -4.615969839473734E-007 -4.407061665902766E-007 -4.603152804249766E-007
 -6.549594396244898E-007 -5.460632933698235E-007 -5.505620266373634E-007
 -4.789965007711878E-007 -4.917017171405846E-007 -4.296694058217082E-007
 -3.347647026700496E-007 -3.144348115213611E-007 -2.547115084982542E-007
 -2.093644855052578E-007 -1.290721198809711E-007 -6.014114894676137E-008
  7.082366230209804E-008  1.803666342093536E-007  2.629332337671508E-007
  3.122216911280797E-007  4.004526585411652E-007  4.716393759287713E-007
  5.315310675922093E-007  6.274716180632710E-007  7.453900672901571E-007
  7.842514594756586E-007  8.806634005162124E-007  8.365070190927608E-007
  8.861140115781680E-007  9.922482803755886E-007  9.650710000181491E-007
