          1.269312
          1.269258
          1.269206
          1.269156
          1.269111
          1.269072
          1.269039
          1.269011
          1.268988
          1.268968
          1.268951
          1.268937
          1.268926
          1.268916
          1.268907
          1.268900
          1.268895
          1.268890
          1.268886
          1.268883
          1.268880
          1.268878
          1.268876
          1.268874
          1.268873
          1.268872
          1.268871
          1.268871
          1.268870
          1.268870
          1.268870
          1.268870
          1.268870
          1.268870
          1.268870
          1.268870
          1.268870
          1.268870
          1.268870
          1.268871
          1.268871
          1.268871
          1.268872
          1.268872
          1.268872
          1.268873
          1.268873
          1.268874
          1.268874
          1.268874
          1.268875
          1.268875
          1.268876
          1.268876
          1.268877
          1.268878
          1.268878
          1.268879
          1.268879
          1.268880
          1.268880
          1.268881
          1.268881
          1.268882
          1.268882
          1.268883
          1.268883
          1.268884
          1.268884
          1.268884
          1.268885
          1.268885
          1.268885
          1.268885
          1.268886
          1.268886
          1.268886
          1.268886
          1.268886
          1.268886
          1.268886
          1.268886
          1.268886
          1.268886
          1.268886
          1.268886
          1.268886
          1.268886
          1.268886
          1.268886
          1.268886
          1.268886
          1.268886
          1.268886
          1.268886
          1.268886
          1.268886
          1.268886
          1.268887
          1.268887
          1.268887
          1.268887
          1.268887
          1.268888
          1.268888
          1.268888
          1.268888
          1.268889
          1.268889
          1.268889
          1.268889
          1.268889
          1.268890
          1.268890
          1.268890
          1.268890
          1.268890
          1.268890
          1.268890
          1.268891
          1.268891
          1.268891
          1.268891
          1.268891
          1.268891
          1.268891
          1.268891
          1.268891
          1.268891
          1.268891
          1.268891
          1.268891
          1.268891
          1.268891
          1.268891
          1.268890
          1.268890
          1.268890
          1.268890
          1.268890
          1.268890
          1.268890
          1.268890
          1.268890
          1.268890
          1.268890
          1.268890
          1.268890
          1.268890
          1.268891
          1.268891
          1.268891
          1.268891
          1.268891
          1.268891
          1.268891
          1.268891
          1.268891
          1.268891
          1.268892
          1.268892
          1.268892
          1.268892
          1.268892
          1.268892
          1.268892
          1.268892
          1.268892
          1.268892
          1.268892
          1.268892
          1.268892
          1.268893
          1.268893
          1.268893
          1.268893
          1.268893
          1.268893
          1.268893
          1.268893
          1.268893
          1.268893
          1.268893
          1.268893
          1.268893
          1.268892
          1.268892
          1.268892
          1.268892
          1.268892
          1.268892
          1.268892
          1.268892
          1.268892
          1.268892
          1.268892
          1.268892
          1.268892
          1.268892
          1.268892
          1.268892
          1.268892
          1.268892
          1.268892
          1.268892
          1.268892
          1.268892
          1.268892
          1.268892
          1.268892
          1.268892
          1.268893
          1.268893
          1.268893
          1.268893
          1.268893
          1.268893
          1.268893
          1.268893
          1.268893
          1.268893
          1.268893
          1.268893
          1.268893
          1.268893
          1.268893
          1.268893
          1.268893
          1.268893
          1.268893
          1.268893
          1.268893
          1.268893
          1.268893
          1.268893
          1.268893
          1.268893
          1.268893
          1.268893
          1.268893
          1.268893
          1.268893
          1.268893
          1.268893
          1.268893
          1.268893
          1.268893
          1.268893
          1.268893
          1.268893
          1.268892
          1.268892
