         13.371165
         13.367592
         13.367835
         13.368039
         13.368221
         13.368396
         13.368567
         13.368736
         13.368901
         13.369062
         13.369216
         13.369362
         13.369500
         13.369628
         13.369748
         13.369860
         13.369963
         13.370058
         13.370145
         13.370225
         13.370298
         13.370364
         13.370426
         13.370481
         13.370532
         13.370579
         13.370622
         13.370661
         13.370697
         13.370730
         13.370760
         13.370787
         13.370813
         13.370836
         13.370858
         13.370878
         13.370897
         13.370915
         13.370931
         13.370947
         13.370962
         13.370976
         13.370989
         13.371002
         13.371014
         13.371025
         13.371036
         13.371047
         13.371057
         13.371067
         13.371077
         13.371086
         13.371095
         13.371104
         13.371112
         13.371120
         13.371128
         13.371135
         13.371142
         13.371149
         13.371155
         13.371161
         13.371167
         13.371172
         13.371177
         13.371181
         13.371185
         13.371188
         13.371192
         13.371194
         13.371197
         13.371199
         13.371200
         13.371202
         13.371203
         13.371204
         13.371205
         13.371206
         13.371206
         13.371206
         13.371206
         13.371206
         13.371205
         13.371205
         13.371205
         13.371204
         13.371203
         13.371203
         13.371203
         13.371202
         13.371202
         13.371201
         13.371201
         13.371201
         13.371201
         13.371201
         13.371201
         13.371201
         13.371201
         13.371202
         13.371202
         13.371203
         13.371203
         13.371204
         13.371205
         13.371206
         13.371207
         13.371208
         13.371209
         13.371209
         13.371211
         13.371212
         13.371213
         13.371214
         13.371215
         13.371216
         13.371216
         13.371217
         13.371218
         13.371219
         13.371220
         13.371220
         13.371221
         13.371221
         13.371221
         13.371221
         13.371221
         13.371221
         13.371221
         13.371221
         13.371221
         13.371221
         13.371221
         13.371220
         13.371220
         13.371220
         13.371219
         13.371219
         13.371218
         13.371218
         13.371218
         13.371217
         13.371217
         13.371217
         13.371217
         13.371216
         13.371216
         13.371216
         13.371216
         13.371216
         13.371216
         13.371216
         13.371216
         13.371216
         13.371217
         13.371217
         13.371217
         13.371217
         13.371218
         13.371218
         13.371219
         13.371219
         13.371220
         13.371220
         13.371220
         13.371221
         13.371221
         13.371221
         13.371221
         13.371221
         13.371221
         13.371221
         13.371221
         13.371221
         13.371222
         13.371221
         13.371221
         13.371221
         13.371220
         13.371220
         13.371219
         13.371219
         13.371218
         13.371218
         13.371217
         13.371216
         13.371215
         13.371215
         13.371214
         13.371213
         13.371213
         13.371212
         13.371212
         13.371211
         13.371211
         13.371210
         13.371210
         13.371210
         13.371209
         13.371209
         13.371209
         13.371209
         13.371209
         13.371209
         13.371209
         13.371210
         13.371210
         13.371210
         13.371211
         13.371211
         13.371211
         13.371212
         13.371212
         13.371213
         13.371214
         13.371214
         13.371215
         13.371215
         13.371215
         13.371216
         13.371216
         13.371216
         13.371217
         13.371217
         13.371217
         13.371217
         13.371217
         13.371217
         13.371217
         13.371217
         13.371217
         13.371216
         13.371216
         13.371216
         13.371215
         13.371215
         13.371214
         13.371214
         13.371213
         13.371213
         13.371213
         13.371212
         13.371212
         13.371211
         13.371211
         13.371211
         13.371211
         13.371211
         13.371211
         13.371211
         13.371211
         13.371212
         13.371213
