          0.614490
          0.614670
          0.614694
          0.614717
          0.614743
          0.614768
          0.614793
          0.614817
          0.614839
          0.614861
          0.614881
          0.614901
          0.614919
          0.614936
          0.614952
          0.614967
          0.614981
          0.614994
          0.615006
          0.615017
          0.615028
          0.615038
          0.615048
          0.615056
          0.615064
          0.615072
          0.615079
          0.615086
          0.615092
          0.615098
          0.615103
          0.615108
          0.615113
          0.615117
          0.615121
          0.615125
          0.615129
          0.615133
          0.615136
          0.615139
          0.615142
          0.615145
          0.615147
          0.615150
          0.615152
          0.615154
          0.615157
          0.615159
          0.615160
          0.615162
          0.615164
          0.615166
          0.615167
          0.615169
          0.615170
          0.615171
          0.615173
          0.615174
          0.615175
          0.615176
          0.615177
          0.615178
          0.615178
          0.615179
          0.615180
          0.615181
          0.615181
          0.615182
          0.615182
          0.615183
          0.615183
          0.615184
          0.615184
          0.615184
          0.615185
          0.615185
          0.615185
          0.615185
          0.615186
          0.615186
          0.615186
          0.615186
          0.615187
          0.615187
          0.615187
          0.615187
          0.615187
          0.615187
          0.615188
          0.615188
          0.615188
          0.615188
          0.615188
          0.615188
          0.615188
          0.615189
          0.615189
          0.615189
          0.615189
          0.615189
          0.615189
          0.615189
          0.615189
          0.615190
          0.615190
          0.615190
          0.615190
          0.615190
          0.615190
          0.615190
          0.615190
          0.615190
          0.615191
          0.615191
          0.615191
          0.615191
          0.615191
          0.615191
          0.615191
          0.615191
          0.615191
          0.615191
          0.615191
          0.615191
          0.615191
          0.615191
          0.615191
          0.615191
          0.615191
          0.615191
          0.615191
          0.615191
          0.615191
          0.615191
          0.615191
          0.615191
          0.615191
          0.615191
          0.615191
          0.615191
          0.615191
          0.615191
          0.615191
          0.615191
          0.615191
          0.615191
          0.615191
          0.615191
          0.615191
          0.615191
          0.615191
          0.615191
          0.615191
          0.615191
          0.615191
          0.615191
          0.615191
          0.615191
          0.615191
          0.615191
          0.615191
          0.615191
          0.615191
          0.615191
          0.615191
          0.615191
          0.615191
          0.615191
          0.615191
          0.615191
          0.615191
          0.615191
          0.615191
          0.615191
          0.615191
          0.615191
          0.615191
          0.615191
          0.615191
          0.615191
          0.615191
          0.615191
          0.615191
          0.615191
          0.615191
          0.615191
          0.615191
          0.615191
          0.615191
          0.615191
          0.615191
          0.615191
          0.615191
          0.615191
          0.615191
          0.615191
          0.615191
          0.615191
          0.615191
          0.615191
          0.615191
          0.615191
          0.615191
          0.615191
          0.615191
          0.615191
          0.615191
          0.615191
          0.615191
          0.615191
          0.615191
          0.615191
          0.615191
          0.615191
          0.615191
          0.615191
          0.615191
          0.615191
          0.615191
          0.615191
          0.615191
          0.615191
          0.615191
          0.615191
          0.615191
          0.615191
          0.615191
          0.615191
          0.615191
          0.615191
          0.615191
          0.615191
          0.615191
          0.615191
          0.615191
          0.615191
          0.615191
          0.615191
          0.615191
          0.615191
          0.615191
          0.615191
          0.615191
          0.615190
          0.615190
          0.615190
          0.615190
          0.615190
          0.615190
          0.615190
          0.615190
          0.615190
