         -0.003430
         -0.001208
         -0.001135
         -0.001028
         -0.000917
         -0.000811
         -0.000712
         -0.000623
         -0.000545
         -0.000475
         -0.000414
         -0.000361
         -0.000314
         -0.000273
         -0.000238
         -0.000204
         -0.000176
         -0.000151
         -0.000130
         -0.000111
         -0.000095
         -0.000080
         -0.000067
         -0.000056
         -0.000047
         -0.000038
         -0.000030
         -0.000023
         -0.000018
         -0.000013
         -0.000009
         -0.000005
         -0.000002
          0.000001
          0.000003
          0.000005
          0.000006
          0.000007
          0.000008
          0.000009
          0.000010
          0.000010
          0.000010
          0.000010
          0.000010
          0.000010
          0.000010
          0.000009
          0.000009
          0.000008
          0.000009
          0.000008
          0.000008
          0.000007
          0.000006
          0.000006
          0.000006
          0.000006
          0.000006
          0.000005
          0.000005
          0.000005
          0.000005
          0.000005
          0.000005
          0.000005
          0.000005
          0.000005
          0.000006
          0.000005
          0.000005
          0.000006
          0.000005
          0.000006
          0.000006
          0.000006
          0.000006
          0.000006
          0.000006
          0.000006
          0.000007
          0.000007
          0.000006
          0.000006
          0.000006
          0.000006
          0.000006
          0.000006
          0.000006
          0.000006
          0.000005
          0.000005
          0.000005
          0.000004
          0.000004
          0.000004
          0.000003
          0.000003
          0.000003
          0.000003
          0.000002
          0.000002
          0.000002
          0.000002
          0.000001
          0.000001
          0.000001
          0.000001
          0.000001
          0.000000
          0.000000
         -0.000000
         -0.000000
          0.000000
         -0.000000
         -0.000000
         -0.000000
         -0.000000
         -0.000000
         -0.000000
         -0.000000
         -0.000000
         -0.000000
          0.000000
          0.000000
          0.000001
          0.000001
          0.000000
          0.000000
          0.000001
          0.000001
          0.000001
          0.000001
          0.000001
          0.000001
          0.000001
          0.000002
          0.000002
          0.000002
          0.000002
          0.000002
          0.000002
          0.000002
          0.000002
          0.000002
          0.000002
          0.000002
          0.000002
          0.000002
          0.000002
          0.000001
          0.000001
          0.000001
          0.000001
          0.000001
          0.000001
          0.000001
          0.000001
          0.000001
          0.000000
          0.000000
          0.000000
          0.000000
          0.000000
          0.000000
         -0.000000
          0.000000
          0.000000
          0.000000
          0.000000
          0.000000
          0.000000
         -0.000000
         -0.000000
         -0.000000
          0.000000
          0.000000
          0.000000
          0.000000
          0.000001
          0.000001
          0.000001
          0.000001
          0.000001
          0.000001
          0.000001
          0.000001
          0.000001
          0.000001
          0.000001
          0.000001
          0.000001
          0.000001
          0.000001
          0.000001
          0.000001
          0.000001
          0.000001
          0.000001
          0.000001
          0.000001
          0.000001
          0.000001
          0.000001
          0.000000
          0.000001
          0.000001
          0.000000
          0.000001
          0.000000
          0.000000
         -0.000000
          0.000000
         -0.000000
         -0.000000
          0.000000
         -0.000000
         -0.000000
          0.000000
         -0.000000
         -0.000000
         -0.000000
         -0.000000
         -0.000000
         -0.000000
          0.000000
         -0.000000
          0.000000
          0.000000
          0.000000
          0.000000
          0.000000
          0.000000
          0.000001
          0.000001
          0.000001
          0.000001
          0.000001
          0.000001
          0.000001
          0.000001
          0.000002
          0.000001
          0.000001
          0.000001
          0.000001
          0.000002
          0.000002
          0.000002
          0.000001
          0.000001
          0.000001
