          0.134134
          0.134001
          0.133882
          0.133774
          0.133677
          0.133590
          0.133512
          0.133441
          0.133378
          0.133321
          0.133269
          0.133223
          0.133181
          0.133144
          0.133110
          0.133080
          0.133052
          0.133028
          0.133005
          0.132985
          0.132968
          0.132951
          0.132937
          0.132924
          0.132912
          0.132901
          0.132892
          0.132883
          0.132876
          0.132869
          0.132862
          0.132857
          0.132852
          0.132847
          0.132843
          0.132839
          0.132836
          0.132833
          0.132830
          0.132828
          0.132826
          0.132824
          0.132822
          0.132820
          0.132819
          0.132818
          0.132817
          0.132815
          0.132815
          0.132814
          0.132813
          0.132812
          0.132812
          0.132811
          0.132811
          0.132810
          0.132810
          0.132809
          0.132809
          0.132809
          0.132808
          0.132808
          0.132808
          0.132808
          0.132808
          0.132807
          0.132807
          0.132807
          0.132807
          0.132807
          0.132807
          0.132807
          0.132807
          0.132807
          0.132807
          0.132807
          0.132807
          0.132806
          0.132806
          0.132806
          0.132806
          0.132806
          0.132806
          0.132806
          0.132806
          0.132806
          0.132806
          0.132806
          0.132806
          0.132806
          0.132806
          0.132806
          0.132806
          0.132806
          0.132806
          0.132806
          0.132806
          0.132806
          0.132806
          0.132806
          0.132806
          0.132806
          0.132806
          0.132806
          0.132806
          0.132806
          0.132806
          0.132806
          0.132806
          0.132806
          0.132806
          0.132806
          0.132806
          0.132806
          0.132806
          0.132806
          0.132806
          0.132806
          0.132806
          0.132806
          0.132806
          0.132806
          0.132806
          0.132806
          0.132806
          0.132806
          0.132806
          0.132806
          0.132806
          0.132806
          0.132806
          0.132806
          0.132806
          0.132806
          0.132806
          0.132806
          0.132806
          0.132806
          0.132806
          0.132806
          0.132806
          0.132806
          0.132806
          0.132806
          0.132806
          0.132806
          0.132806
          0.132806
          0.132806
          0.132806
          0.132806
          0.132806
          0.132806
          0.132806
          0.132806
          0.132806
          0.132806
          0.132806
          0.132806
          0.132806
          0.132806
          0.132806
          0.132806
          0.132806
          0.132806
          0.132806
          0.132806
          0.132806
          0.132806
          0.132806
          0.132806
          0.132806
          0.132806
          0.132806
          0.132806
          0.132806
          0.132806
          0.132806
          0.132806
          0.132806
          0.132806
          0.132806
          0.132806
          0.132806
          0.132806
          0.132806
          0.132806
          0.132806
          0.132806
          0.132806
          0.132806
          0.132806
          0.132806
          0.132806
          0.132806
          0.132806
          0.132806
          0.132806
          0.132806
          0.132806
          0.132806
          0.132806
          0.132806
          0.132806
          0.132806
          0.132806
          0.132806
          0.132806
          0.132806
          0.132806
          0.132806
          0.132806
          0.132806
          0.132806
          0.132806
          0.132806
          0.132806
          0.132806
          0.132806
          0.132806
          0.132806
          0.132806
          0.132806
          0.132806
          0.132806
          0.132806
          0.132806
          0.132806
          0.132806
          0.132806
          0.132806
          0.132806
          0.132806
          0.132806
          0.132806
          0.132806
          0.132806
          0.132806
          0.132806
          0.132806
          0.132806
          0.132806
          0.132806
          0.132806
          0.132806
          0.132806
          0.132806
          0.132806
          0.132806
          0.132806
          0.132806
          0.132806
