         12.043104
         12.042830
         12.042584
         12.042368
         12.042181
         12.042021
         12.041886
         12.041773
         12.041682
         12.041610
         12.041554
         12.041514
         12.041487
         12.041472
         12.041467
         12.041472
         12.041483
         12.041501
         12.041525
         12.041552
         12.041584
         12.041619
         12.041656
         12.041695
         12.041736
         12.041778
         12.041820
         12.041862
         12.041905
         12.041947
         12.041990
         12.042031
         12.042072
         12.042112
         12.042151
         12.042189
         12.042227
         12.042263
         12.042299
         12.042333
         12.042366
         12.042398
         12.042429
         12.042459
         12.042488
         12.042516
         12.042544
         12.042570
         12.042595
         12.042620
         12.042643
         12.042666
         12.042688
         12.042709
         12.042730
         12.042750
         12.042769
         12.042787
         12.042805
         12.042822
         12.042838
         12.042854
         12.042870
         12.042884
         12.042898
         12.042911
         12.042924
         12.042936
         12.042948
         12.042959
         12.042969
         12.042979
         12.042989
         12.042998
         12.043007
         12.043015
         12.043023
         12.043030
         12.043037
         12.043043
         12.043050
         12.043055
         12.043060
         12.043065
         12.043070
         12.043074
         12.043078
         12.043082
         12.043086
         12.043089
         12.043092
         12.043095
         12.043098
         12.043100
         12.043103
         12.043105
         12.043107
         12.043109
         12.043111
         12.043113
         12.043115
         12.043116
         12.043118
         12.043120
         12.043121
         12.043123
         12.043124
         12.043126
         12.043127
         12.043128
         12.043130
         12.043131
         12.043132
         12.043134
         12.043135
         12.043136
         12.043137
         12.043138
         12.043140
         12.043141
         12.043142
         12.043143
         12.043144
         12.043145
         12.043146
         12.043147
         12.043147
         12.043148
         12.043149
         12.043150
         12.043150
         12.043151
         12.043151
         12.043152
         12.043152
         12.043153
         12.043153
         12.043153
         12.043154
         12.043154
         12.043154
         12.043154
         12.043155
         12.043155
         12.043155
         12.043155
         12.043155
         12.043155
         12.043155
         12.043155
         12.043155
         12.043155
         12.043155
         12.043155
         12.043155
         12.043155
         12.043155
         12.043155
         12.043155
         12.043156
         12.043156
         12.043156
         12.043157
         12.043157
         12.043157
         12.043157
         12.043157
         12.043157
         12.043157
         12.043158
         12.043158
         12.043158
         12.043158
         12.043158
         12.043159
         12.043159
         12.043159
         12.043159
         12.043159
         12.043159
         12.043159
         12.043159
         12.043159
         12.043159
         12.043159
         12.043158
         12.043158
         12.043158
         12.043157
         12.043157
         12.043157
         12.043156
         12.043156
         12.043156
         12.043155
         12.043155
         12.043155
         12.043155
         12.043154
         12.043154
         12.043153
         12.043153
         12.043153
         12.043152
         12.043152
         12.043152
         12.043152
         12.043152
         12.043152
         12.043151
         12.043151
         12.043151
         12.043152
         12.043152
         12.043152
         12.043152
         12.043152
         12.043152
         12.043152
         12.043152
         12.043152
         12.043152
         12.043153
         12.043153
         12.043153
         12.043154
         12.043154
         12.043154
         12.043154
         12.043154
         12.043154
         12.043154
         12.043154
         12.043154
         12.043155
         12.043154
         12.043154
         12.043154
         12.043154
         12.043154
         12.043154
         12.043154
         12.043153
         12.043153
         12.043153
         12.043153
         12.043153
         12.043152
         12.043152
         12.043152
         12.043152
         12.043152
         12.043152
