          0.426704
          0.426741
          0.426710
          0.426684
          0.426664
          0.426647
          0.426633
          0.426621
          0.426611
          0.426602
          0.426595
          0.426589
          0.426583
          0.426579
          0.426575
          0.426571
          0.426567
          0.426564
          0.426561
          0.426559
          0.426557
          0.426555
          0.426553
          0.426552
          0.426550
          0.426549
          0.426548
          0.426546
          0.426545
          0.426545
          0.426544
          0.426543
          0.426542
          0.426541
          0.426541
          0.426540
          0.426540
          0.426539
          0.426539
          0.426538
          0.426538
          0.426538
          0.426538
          0.426537
          0.426537
          0.426537
          0.426537
          0.426537
          0.426536
          0.426536
          0.426536
          0.426536
          0.426536
          0.426536
          0.426536
          0.426536
          0.426535
          0.426535
          0.426535
          0.426535
          0.426535
          0.426535
          0.426534
          0.426534
          0.426534
          0.426534
          0.426534
          0.426533
          0.426533
          0.426533
          0.426533
          0.426533
          0.426533
          0.426532
          0.426532
          0.426532
          0.426532
          0.426532
          0.426531
          0.426531
          0.426531
          0.426531
          0.426531
          0.426531
          0.426531
          0.426531
          0.426531
          0.426531
          0.426531
          0.426530
          0.426531
          0.426531
          0.426531
          0.426531
          0.426531
          0.426531
          0.426531
          0.426531
          0.426531
          0.426531
          0.426531
          0.426531
          0.426531
          0.426531
          0.426531
          0.426531
          0.426531
          0.426531
          0.426531
          0.426531
          0.426531
          0.426531
          0.426531
          0.426531
          0.426531
          0.426531
          0.426531
          0.426531
          0.426531
          0.426531
          0.426531
          0.426531
          0.426531
          0.426531
          0.426531
          0.426531
          0.426531
          0.426531
          0.426531
          0.426531
          0.426531
          0.426531
          0.426531
          0.426531
          0.426531
          0.426531
          0.426530
          0.426531
          0.426530
          0.426530
          0.426530
          0.426530
          0.426530
          0.426530
          0.426530
          0.426530
          0.426530
          0.426530
          0.426530
          0.426530
          0.426531
          0.426530
          0.426530
          0.426531
          0.426531
          0.426531
          0.426531
          0.426531
          0.426531
          0.426531
          0.426531
          0.426531
          0.426531
          0.426531
          0.426531
          0.426531
          0.426531
          0.426531
          0.426531
          0.426531
          0.426531
          0.426531
          0.426531
          0.426531
          0.426531
          0.426531
          0.426531
          0.426531
          0.426531
          0.426530
          0.426531
          0.426530
          0.426530
          0.426530
          0.426530
          0.426530
          0.426530
          0.426530
          0.426530
          0.426530
          0.426530
          0.426530
          0.426530
          0.426530
          0.426530
          0.426530
          0.426530
          0.426530
          0.426530
          0.426530
          0.426530
          0.426530
          0.426530
          0.426530
          0.426531
          0.426530
          0.426530
          0.426531
          0.426530
          0.426531
          0.426531
          0.426531
          0.426531
          0.426531
          0.426531
          0.426531
          0.426531
          0.426531
          0.426531
          0.426531
          0.426531
          0.426531
          0.426531
          0.426531
          0.426531
          0.426531
          0.426531
          0.426530
          0.426531
          0.426530
          0.426531
          0.426530
          0.426530
          0.426530
          0.426530
          0.426530
          0.426530
          0.426530
          0.426530
          0.426530
          0.426530
          0.426530
          0.426530
          0.426530
          0.426530
          0.426530
          0.426530
          0.426530
          0.426530
          0.426530
          0.426530
          0.426530
