          0.680590
          0.680626
          0.680608
          0.680627
          0.680666
          0.680711
          0.680757
          0.680801
          0.680842
          0.680880
          0.680915
          0.680947
          0.680977
          0.681004
          0.681030
          0.681052
          0.681072
          0.681091
          0.681109
          0.681125
          0.681141
          0.681154
          0.681167
          0.681179
          0.681190
          0.681200
          0.681209
          0.681218
          0.681226
          0.681233
          0.681240
          0.681246
          0.681252
          0.681257
          0.681262
          0.681267
          0.681272
          0.681276
          0.681280
          0.681284
          0.681287
          0.681291
          0.681294
          0.681297
          0.681299
          0.681302
          0.681305
          0.681307
          0.681309
          0.681311
          0.681313
          0.681315
          0.681316
          0.681318
          0.681320
          0.681321
          0.681322
          0.681323
          0.681324
          0.681325
          0.681325
          0.681326
          0.681327
          0.681327
          0.681327
          0.681328
          0.681329
          0.681329
          0.681328
          0.681329
          0.681329
          0.681329
          0.681330
          0.681329
          0.681330
          0.681330
          0.681330
          0.681330
          0.681330
          0.681330
          0.681330
          0.681330
          0.681330
          0.681330
          0.681330
          0.681330
          0.681331
          0.681331
          0.681331
          0.681331
          0.681331
          0.681331
          0.681332
          0.681332
          0.681332
          0.681332
          0.681333
          0.681333
          0.681333
          0.681334
          0.681334
          0.681334
          0.681335
          0.681335
          0.681335
          0.681335
          0.681336
          0.681336
          0.681336
          0.681336
          0.681336
          0.681336
          0.681336
          0.681336
          0.681337
          0.681337
          0.681337
          0.681337
          0.681337
          0.681337
          0.681337
          0.681337
          0.681337
          0.681336
          0.681336
          0.681336
          0.681336
          0.681336
          0.681336
          0.681336
          0.681336
          0.681336
          0.681336
          0.681335
          0.681335
          0.681335
          0.681335
          0.681335
          0.681335
          0.681335
          0.681335
          0.681335
          0.681335
          0.681335
          0.681335
          0.681335
          0.681335
          0.681335
          0.681335
          0.681335
          0.681336
          0.681336
          0.681336
          0.681336
          0.681336
          0.681336
          0.681336
          0.681336
          0.681336
          0.681337
          0.681336
          0.681337
          0.681336
          0.681336
          0.681337
          0.681337
          0.681336
          0.681337
          0.681337
          0.681336
          0.681336
          0.681337
          0.681337
          0.681337
          0.681337
          0.681336
          0.681336
          0.681336
          0.681336
          0.681336
          0.681336
          0.681336
          0.681336
          0.681335
          0.681335
          0.681335
          0.681335
          0.681335
          0.681336
          0.681335
          0.681335
          0.681335
          0.681335
          0.681335
          0.681335
          0.681335
          0.681336
          0.681335
          0.681336
          0.681336
          0.681336
          0.681336
          0.681336
          0.681336
          0.681336
          0.681336
          0.681336
          0.681336
          0.681336
          0.681336
          0.681337
          0.681337
          0.681337
          0.681337
          0.681337
          0.681337
          0.681337
          0.681337
          0.681337
          0.681337
          0.681337
          0.681337
          0.681337
          0.681337
          0.681337
          0.681336
          0.681337
          0.681336
          0.681336
          0.681336
          0.681336
          0.681336
          0.681336
          0.681336
          0.681336
          0.681336
          0.681336
          0.681335
          0.681335
          0.681335
          0.681335
          0.681335
          0.681335
          0.681335
          0.681335
          0.681335
          0.681335
          0.681335
          0.681335
          0.681335
          0.681336
          0.681336
