          0.999654
          0.999689
          0.999727
          0.999763
          0.999796
          0.999828
          0.999857
          0.999884
          0.999908
          0.999929
          0.999949
          0.999966
          0.999981
          0.999994
          1.000005
          1.000014
          1.000023
          1.000030
          1.000036
          1.000040
          1.000044
          1.000047
          1.000050
          1.000052
          1.000053
          1.000054
          1.000054
          1.000054
          1.000054
          1.000053
          1.000053
          1.000052
          1.000051
          1.000050
          1.000049
          1.000047
          1.000046
          1.000045
          1.000043
          1.000042
          1.000041
          1.000039
          1.000038
          1.000037
          1.000036
          1.000034
          1.000033
          1.000032
          1.000031
          1.000030
          1.000029
          1.000028
          1.000027
          1.000026
          1.000025
          1.000024
          1.000023
          1.000022
          1.000022
          1.000021
          1.000020
          1.000019
          1.000018
          1.000018
          1.000017
          1.000016
          1.000016
          1.000015
          1.000014
          1.000014
          1.000013
          1.000012
          1.000012
          1.000011
          1.000010
          1.000010
          1.000009
          1.000009
          1.000008
          1.000008
          1.000007
          1.000007
          1.000006
          1.000006
          1.000006
          1.000005
          1.000005
          1.000004
          1.000004
          1.000004
          1.000004
          1.000003
          1.000003
          1.000003
          1.000003
          1.000003
          1.000002
          1.000002
          1.000002
          1.000002
          1.000002
          1.000002
          1.000002
          1.000002
          1.000002
          1.000002
          1.000002
          1.000002
          1.000002
          1.000002
          1.000002
          1.000002
          1.000002
          1.000002
          1.000002
          1.000002
          1.000002
          1.000001
          1.000001
          1.000001
          1.000001
          1.000001
          1.000001
          1.000001
          1.000001
          1.000001
          1.000001
          1.000001
          1.000001
          1.000001
          1.000001
          1.000001
          1.000001
          1.000001
          1.000001
          1.000000
          1.000000
          1.000000
          1.000000
          1.000000
          1.000000
          1.000000
          1.000000
          1.000000
          1.000000
          1.000000
          1.000000
          1.000000
          1.000000
          1.000000
          1.000000
          1.000000
          1.000000
          1.000000
          1.000000
          1.000000
          1.000000
          1.000000
          1.000000
          1.000000
          1.000000
          1.000000
          1.000000
          1.000000
          1.000000
          1.000000
          1.000000
          1.000000
          1.000000
          1.000000
          1.000000
          1.000000
          1.000000
          1.000000
          1.000000
          1.000000
          1.000000
          1.000000
          1.000000
          1.000000
          1.000000
          1.000000
          1.000000
          1.000000
          1.000000
          1.000000
          1.000000
          1.000000
          1.000000
          1.000000
          1.000000
          1.000000
          1.000000
          1.000000
          1.000000
          1.000000
          1.000000
          1.000000
          1.000000
          1.000000
          1.000000
          1.000000
          1.000000
          1.000000
          1.000000
          1.000000
          1.000000
          1.000000
          1.000000
          1.000000
          1.000000
          1.000000
          1.000000
          1.000000
          1.000000
          1.000000
          1.000000
          1.000000
          1.000000
          1.000000
          1.000000
          1.000000
          1.000000
          1.000000
          1.000000
          1.000000
          1.000000
          1.000000
          1.000000
          1.000000
          1.000000
          1.000000
          1.000000
          1.000000
          1.000000
          1.000000
          1.000000
          1.000000
          1.000000
          1.000000
          1.000000
          1.000000
          1.000000
          1.000000
          1.000000
          1.000000
          1.000000
          1.000000
          1.000000
          1.000000
          1.000000
          1.000000
