          0.212293
          0.212355
          0.212326
          0.212263
          0.212189
          0.212116
          0.212046
          0.211983
          0.211927
          0.211876
          0.211832
          0.211792
          0.211756
          0.211725
          0.211696
          0.211671
          0.211648
          0.211628
          0.211610
          0.211593
          0.211578
          0.211565
          0.211553
          0.211542
          0.211532
          0.211523
          0.211515
          0.211507
          0.211500
          0.211494
          0.211489
          0.211484
          0.211479
          0.211475
          0.211471
          0.211467
          0.211464
          0.211461
          0.211458
          0.211456
          0.211453
          0.211451
          0.211449
          0.211448
          0.211446
          0.211445
          0.211443
          0.211442
          0.211441
          0.211440
          0.211439
          0.211438
          0.211437
          0.211436
          0.211436
          0.211435
          0.211435
          0.211434
          0.211434
          0.211433
          0.211433
          0.211433
          0.211432
          0.211432
          0.211432
          0.211432
          0.211431
          0.211431
          0.211431
          0.211431
          0.211431
          0.211431
          0.211431
          0.211431
          0.211430
          0.211430
          0.211430
          0.211430
          0.211430
          0.211430
          0.211430
          0.211430
          0.211430
          0.211430
          0.211430
          0.211429
          0.211429
          0.211429
          0.211429
          0.211429
          0.211429
          0.211429
          0.211429
          0.211429
          0.211429
          0.211429
          0.211428
          0.211428
          0.211428
          0.211428
          0.211428
          0.211428
          0.211428
          0.211428
          0.211428
          0.211428
          0.211428
          0.211428
          0.211428
          0.211428
          0.211428
          0.211428
          0.211428
          0.211428
          0.211428
          0.211428
          0.211428
          0.211428
          0.211428
          0.211428
          0.211428
          0.211428
          0.211428
          0.211428
          0.211428
          0.211428
          0.211428
          0.211428
          0.211428
          0.211428
          0.211428
          0.211428
          0.211428
          0.211428
          0.211428
          0.211428
          0.211428
          0.211428
          0.211428
          0.211428
          0.211428
          0.211428
          0.211428
          0.211428
          0.211428
          0.211428
          0.211428
          0.211428
          0.211428
          0.211428
          0.211428
          0.211428
          0.211428
          0.211428
          0.211428
          0.211428
          0.211428
          0.211428
          0.211428
          0.211428
          0.211428
          0.211428
          0.211428
          0.211428
          0.211428
          0.211428
          0.211428
          0.211428
          0.211428
          0.211428
          0.211428
          0.211428
          0.211428
          0.211428
          0.211428
          0.211428
          0.211428
          0.211428
          0.211428
          0.211428
          0.211428
          0.211428
          0.211428
          0.211428
          0.211428
          0.211428
          0.211428
          0.211428
          0.211428
          0.211428
          0.211428
          0.211428
          0.211428
          0.211428
          0.211428
          0.211428
          0.211428
          0.211428
          0.211428
          0.211428
          0.211428
          0.211428
          0.211428
          0.211428
          0.211428
          0.211427
          0.211427
          0.211427
          0.211427
          0.211427
          0.211427
          0.211427
          0.211427
          0.211427
          0.211427
          0.211427
          0.211427
          0.211427
          0.211427
          0.211427
          0.211428
          0.211428
          0.211428
          0.211428
          0.211428
          0.211428
          0.211428
          0.211428
          0.211428
          0.211428
          0.211428
          0.211428
          0.211428
          0.211428
          0.211428
          0.211428
          0.211428
          0.211428
          0.211428
          0.211428
          0.211428
          0.211428
          0.211428
          0.211428
          0.211428
          0.211428
          0.211428
          0.211428
          0.211428
          0.211428
          0.211428
          0.211428
