          1.761539
          1.761621
          1.761675
          1.761705
          1.761717
          1.761715
          1.761703
          1.761685
          1.761663
          1.761639
          1.761614
          1.761589
          1.761565
          1.761542
          1.761521
          1.761502
          1.761484
          1.761468
          1.761454
          1.761442
          1.761430
          1.761421
          1.761412
          1.761405
          1.761399
          1.761394
          1.761390
          1.761386
          1.761384
          1.761381
          1.761380
          1.761379
          1.761378
          1.761377
          1.761377
          1.761377
          1.761378
          1.761379
          1.761379
          1.761380
          1.761381
          1.761383
          1.761384
          1.761385
          1.761387
          1.761388
          1.761389
          1.761391
          1.761392
          1.761394
          1.761395
          1.761397
          1.761398
          1.761400
          1.761401
          1.761403
          1.761404
          1.761405
          1.761406
          1.761408
          1.761409
          1.761410
          1.761411
          1.761412
          1.761413
          1.761414
          1.761415
          1.761415
          1.761416
          1.761417
          1.761418
          1.761418
          1.761419
          1.761419
          1.761420
          1.761420
          1.761421
          1.761421
          1.761422
          1.761422
          1.761422
          1.761423
          1.761423
          1.761423
          1.761424
          1.761424
          1.761424
          1.761425
          1.761425
          1.761425
          1.761425
          1.761426
          1.761426
          1.761426
          1.761426
          1.761426
          1.761427
          1.761427
          1.761427
          1.761427
          1.761427
          1.761428
          1.761428
          1.761428
          1.761428
          1.761428
          1.761429
          1.761429
          1.761429
          1.761429
          1.761429
          1.761430
          1.761430
          1.761430
          1.761430
          1.761430
          1.761430
          1.761430
          1.761430
          1.761431
          1.761431
          1.761431
          1.761431
          1.761431
          1.761431
          1.761431
          1.761431
          1.761431
          1.761431
          1.761431
          1.761431
          1.761431
          1.761431
          1.761431
          1.761431
          1.761431
          1.761431
          1.761431
          1.761431
          1.761431
          1.761431
          1.761431
          1.761431
          1.761431
          1.761431
          1.761431
          1.761431
          1.761431
          1.761431
          1.761431
          1.761431
          1.761431
          1.761431
          1.761431
          1.761431
          1.761431
          1.761431
          1.761432
          1.761432
          1.761432
          1.761432
          1.761432
          1.761432
          1.761432
          1.761432
          1.761432
          1.761432
          1.761432
          1.761432
          1.761432
          1.761432
          1.761432
          1.761432
          1.761432
          1.761432
          1.761432
          1.761432
          1.761432
          1.761432
          1.761432
          1.761432
          1.761432
          1.761432
          1.761432
          1.761432
          1.761432
          1.761432
          1.761432
          1.761431
          1.761431
          1.761431
          1.761431
          1.761431
          1.761431
          1.761431
          1.761431
          1.761431
          1.761431
          1.761431
          1.761431
          1.761431
          1.761431
          1.761431
          1.761431
          1.761431
          1.761431
          1.761431
          1.761432
          1.761432
          1.761432
          1.761432
          1.761432
          1.761432
          1.761432
          1.761432
          1.761432
          1.761432
          1.761432
          1.761432
          1.761432
          1.761432
          1.761432
          1.761432
          1.761432
          1.761432
          1.761432
          1.761432
          1.761432
          1.761432
          1.761432
          1.761432
          1.761432
          1.761432
          1.761432
          1.761432
          1.761432
          1.761432
          1.761432
          1.761432
          1.761432
          1.761431
          1.761431
          1.761431
          1.761431
          1.761431
          1.761431
          1.761431
          1.761431
          1.761431
          1.761431
          1.761431
          1.761431
