          1.511708
          1.512112
          1.511947
          1.511709
          1.511468
          1.511241
          1.511037
          1.510857
          1.510701
          1.510566
          1.510450
          1.510351
          1.510265
          1.510191
          1.510130
          1.510072
          1.510024
          1.509983
          1.509947
          1.509917
          1.509892
          1.509869
          1.509849
          1.509832
          1.509819
          1.509806
          1.509795
          1.509785
          1.509778
          1.509772
          1.509766
          1.509761
          1.509758
          1.509755
          1.509752
          1.509751
          1.509751
          1.509750
          1.509749
          1.509750
          1.509750
          1.509751
          1.509752
          1.509753
          1.509754
          1.509756
          1.509757
          1.509759
          1.509761
          1.509763
          1.509764
          1.509766
          1.509768
          1.509770
          1.509772
          1.509774
          1.509774
          1.509776
          1.509777
          1.509779
          1.509780
          1.509782
          1.509782
          1.509783
          1.509783
          1.509784
          1.509786
          1.509785
          1.509785
          1.509786
          1.509786
          1.509787
          1.509787
          1.509787
          1.509787
          1.509787
          1.509788
          1.509787
          1.509787
          1.509788
          1.509787
          1.509787
          1.509788
          1.509788
          1.509788
          1.509788
          1.509788
          1.509788
          1.509788
          1.509788
          1.509789
          1.509789
          1.509789
          1.509790
          1.509790
          1.509790
          1.509791
          1.509791
          1.509792
          1.509792
          1.509793
          1.509793
          1.509794
          1.509794
          1.509795
          1.509795
          1.509796
          1.509796
          1.509796
          1.509797
          1.509797
          1.509798
          1.509798
          1.509798
          1.509798
          1.509799
          1.509799
          1.509799
          1.509799
          1.509799
          1.509799
          1.509799
          1.509799
          1.509799
          1.509799
          1.509798
          1.509799
          1.509799
          1.509799
          1.509798
          1.509798
          1.509798
          1.509798
          1.509797
          1.509797
          1.509798
          1.509797
          1.509797
          1.509797
          1.509797
          1.509797
          1.509797
          1.509797
          1.509797
          1.509797
          1.509796
          1.509796
          1.509797
          1.509797
          1.509797
          1.509797
          1.509797
          1.509797
          1.509798
          1.509798
          1.509798
          1.509798
          1.509798
          1.509799
          1.509799
          1.509799
          1.509800
          1.509799
          1.509799
          1.509800
          1.509800
          1.509799
          1.509800
          1.509799
          1.509799
          1.509799
          1.509800
          1.509800
          1.509800
          1.509800
          1.509799
          1.509799
          1.509799
          1.509799
          1.509798
          1.509799
          1.509798
          1.509798
          1.509798
          1.509798
          1.509797
          1.509797
          1.509797
          1.509798
          1.509797
          1.509797
          1.509797
          1.509797
          1.509797
          1.509797
          1.509797
          1.509797
          1.509797
          1.509797
          1.509797
          1.509798
          1.509797
          1.509797
          1.509798
          1.509798
          1.509798
          1.509798
          1.509798
          1.509798
          1.509799
          1.509799
          1.509799
          1.509799
          1.509800
          1.509800
          1.509799
          1.509800
          1.509800
          1.509799
          1.509800
          1.509800
          1.509800
          1.509800
          1.509800
          1.509800
          1.509800
          1.509800
          1.509799
          1.509800
          1.509799
          1.509799
          1.509799
          1.509799
          1.509799
          1.509798
          1.509798
          1.509798
          1.509798
          1.509798
          1.509797
          1.509797
          1.509797
          1.509797
          1.509797
          1.509797
          1.509797
          1.509796
          1.509797
          1.509796
          1.509797
          1.509797
          1.509797
