          0.008661
          0.008665
          0.008663
          0.008662
          0.008660
          0.008658
          0.008657
          0.008655
          0.008654
          0.008652
          0.008651
          0.008650
          0.008649
          0.008648
          0.008647
          0.008646
          0.008645
          0.008644
          0.008644
          0.008643
          0.008643
          0.008642
          0.008642
          0.008641
          0.008641
          0.008641
          0.008640
          0.008640
          0.008640
          0.008639
          0.008639
          0.008639
          0.008639
          0.008639
          0.008639
          0.008639
          0.008638
          0.008638
          0.008638
          0.008638
          0.008638
          0.008638
          0.008638
          0.008638
          0.008638
          0.008638
          0.008638
          0.008638
          0.008638
          0.008638
          0.008638
          0.008638
          0.008638
          0.008638
          0.008638
          0.008638
          0.008638
          0.008638
          0.008638
          0.008638
          0.008638
          0.008638
          0.008638
          0.008638
          0.008638
          0.008638
          0.008638
          0.008638
          0.008638
          0.008638
          0.008638
          0.008637
          0.008637
          0.008637
          0.008637
          0.008637
          0.008637
          0.008637
          0.008637
          0.008637
          0.008637
          0.008637
          0.008637
          0.008637
          0.008637
          0.008637
          0.008637
          0.008637
          0.008637
          0.008637
          0.008637
          0.008637
          0.008637
          0.008637
          0.008637
          0.008637
          0.008637
          0.008637
          0.008637
          0.008637
          0.008637
          0.008637
          0.008637
          0.008637
          0.008637
          0.008637
          0.008637
          0.008637
          0.008637
          0.008637
          0.008637
          0.008637
          0.008637
          0.008637
          0.008637
          0.008637
          0.008637
          0.008637
          0.008637
          0.008637
          0.008637
          0.008637
          0.008637
          0.008637
          0.008637
          0.008637
          0.008637
          0.008637
          0.008637
          0.008637
          0.008637
          0.008637
          0.008637
          0.008637
          0.008637
          0.008637
          0.008637
          0.008637
          0.008637
          0.008637
          0.008637
          0.008637
          0.008637
          0.008637
          0.008637
          0.008637
          0.008637
          0.008637
          0.008637
          0.008637
          0.008637
          0.008637
          0.008637
          0.008637
          0.008637
          0.008637
          0.008637
          0.008637
          0.008637
          0.008637
          0.008637
          0.008637
          0.008637
          0.008637
          0.008637
          0.008637
          0.008637
          0.008637
          0.008637
          0.008637
          0.008637
          0.008637
          0.008637
          0.008637
          0.008637
          0.008637
          0.008637
          0.008637
          0.008637
          0.008637
          0.008637
          0.008637
          0.008637
          0.008637
          0.008637
          0.008637
          0.008637
          0.008637
          0.008637
          0.008637
          0.008637
          0.008637
          0.008637
          0.008637
          0.008637
          0.008637
          0.008637
          0.008637
          0.008637
          0.008637
          0.008637
          0.008637
          0.008637
          0.008637
          0.008637
          0.008637
          0.008637
          0.008637
          0.008637
          0.008637
          0.008637
          0.008637
          0.008637
          0.008637
          0.008637
          0.008637
          0.008637
          0.008637
          0.008637
          0.008637
          0.008637
          0.008637
          0.008637
          0.008637
          0.008637
          0.008637
          0.008637
          0.008637
          0.008637
          0.008637
          0.008637
          0.008637
          0.008637
          0.008637
          0.008637
          0.008637
          0.008637
          0.008637
          0.008637
          0.008637
          0.008637
          0.008637
          0.008637
          0.008637
          0.008637
          0.008637
          0.008637
          0.008637
          0.008637
          0.008637
          0.008637
          0.008637
          1.000120
          1.000115
          1.000108
          1.000100
          1.000091
          1.000083
          1.000075
          1.000068
          1.000061
          1.000054
          1.000048
          1.000042
          1.000037
          1.000032
          1.000028
          1.000024
          1.000021
          1.000018
          1.000015
          1.000013
          1.000011
          1.000009
          1.000007
          1.000006
          1.000005
          1.000003
          1.000003
          1.000002
          1.000001
          1.000000
          1.000000
          0.999999
          0.999999
          0.999999
          0.999999
          0.999998
          0.999998
          0.999998
          0.999998
          0.999998
          0.999998
          0.999998
          0.999998
          0.999998
          0.999998
          0.999998
          0.999998
          0.999998
          0.999998
          0.999998
          0.999998
          0.999998
          0.999998
          0.999998
          0.999998
          0.999998
          0.999998
          0.999999
          0.999999
          0.999999
          0.999999
          0.999999
          0.999999
          0.999999
          0.999999
          0.999999
          0.999999
          0.999999
          0.999999
          0.999999
          0.999999
          0.999999
          0.999999
          0.999999
          0.999999
          0.999999
          0.999999
          0.999999
          0.999999
          0.999999
          0.999999
          0.999999
          0.999999
          0.999999
          0.999999
          0.999999
          0.999999
          0.999999
          0.999999
          0.999999
          0.999999
          0.999999
          0.999999
          1.000000
          1.000000
          1.000000
          1.000000
          1.000000
          1.000000
          1.000000
          1.000000
          1.000000
          1.000000
          1.000000
          1.000000
          1.000000
          1.000000
          1.000000
          1.000000
          1.000000
          1.000000
          1.000000
          1.000000
          1.000000
          1.000000
          1.000000
          1.000000
          1.000000
          1.000000
          1.000000
          1.000000
          1.000000
          1.000000
          1.000000
          1.000000
          1.000000
          1.000000
          1.000000
          1.000000
          1.000000
          1.000000
          1.000000
          1.000000
          1.000000
          1.000000
          1.000000
          1.000000
          1.000000
          1.000000
          1.000000
          1.000000
          1.000000
          1.000000
          1.000000
          1.000000
          1.000000
          1.000000
          1.000000
          1.000000
          1.000000
          1.000000
          1.000000
          1.000000
          1.000000
          1.000000
          1.000000
          1.000000
          1.000000
          1.000000
          1.000000
          1.000000
          1.000000
          1.000000
          1.000000
          1.000000
          1.000000
          1.000000
          1.000000
          1.000000
          1.000000
          1.000000
          1.000000
          1.000000
          1.000000
          1.000000
          1.000000
          1.000000
          1.000000
          1.000000
          1.000000
          1.000000
          1.000000
          1.000000
          1.000000
          1.000000
          1.000000
          1.000000
          1.000000
          1.000000
          1.000000
          1.000000
          1.000000
          1.000000
          1.000000
          1.000000
          1.000000
          1.000000
          1.000000
          1.000000
          1.000000
          1.000000
          1.000000
          1.000000
          1.000000
          1.000000
          1.000000
          1.000000
          1.000000
          1.000000
          1.000000
          1.000000
          1.000000
          1.000000
          1.000000
          1.000000
          1.000000
          1.000000
          1.000000
          1.000000
          1.000000
          1.000000
          1.000000
          1.000000
          1.000000
          1.000000
          1.000000
          1.000000
          1.000000
          1.000000
          1.000000
          1.000000
          1.000000
          1.000000
          1.000000
          1.000000
          1.000000
          1.000000
          1.000000
          1.000000
          1.000000
          1.000000
          1.000000
          1.000000
          1.000000
          1.000000
          1.000000
          1.000000
          1.000000
          1.000000
          1.000000
          1.000000
          1.000000
          1.511708
          1.512112
          1.511947
          1.511709
          1.511468
          1.511241
          1.511037
          1.510857
          1.510701
          1.510566
          1.510450
          1.510351
          1.510265
          1.510191
          1.510130
          1.510072
          1.510024
          1.509983
          1.509947
          1.509917
          1.509892
          1.509869
          1.509849
          1.509832
          1.509819
          1.509806
          1.509795
          1.509785
          1.509778
          1.509772
          1.509766
          1.509761
          1.509758
          1.509755
          1.509752
          1.509751
          1.509751
          1.509750
          1.509749
          1.509750
          1.509750
          1.509751
          1.509752
          1.509753
          1.509754
          1.509756
          1.509757
          1.509759
          1.509761
          1.509763
          1.509764
          1.509766
          1.509768
          1.509770
          1.509772
          1.509774
          1.509774
          1.509776
          1.509777
          1.509779
          1.509780
          1.509782
          1.509782
          1.509783
          1.509783
          1.509784
          1.509786
          1.509785
          1.509785
          1.509786
          1.509786
          1.509787
          1.509787
          1.509787
          1.509787
          1.509787
          1.509788
          1.509787
          1.509787
          1.509788
          1.509787
          1.509787
          1.509788
          1.509788
          1.509788
          1.509788
          1.509788
          1.509788
          1.509788
          1.509788
          1.509789
          1.509789
          1.509789
          1.509790
          1.509790
          1.509790
          1.509791
          1.509791
          1.509792
          1.509792
          1.509793
          1.509793
          1.509794
          1.509794
          1.509795
          1.509795
          1.509796
          1.509796
          1.509796
          1.509797
          1.509797
          1.509798
          1.509798
          1.509798
          1.509798
          1.509799
          1.509799
          1.509799
          1.509799
          1.509799
          1.509799
          1.509799
          1.509799
          1.509799
          1.509799
          1.509798
          1.509799
          1.509799
          1.509799
          1.509798
          1.509798
          1.509798
          1.509798
          1.509797
          1.509797
          1.509798
          1.509797
          1.509797
          1.509797
          1.509797
          1.509797
          1.509797
          1.509797
          1.509797
          1.509797
          1.509796
          1.509796
          1.509797
          1.509797
          1.509797
          1.509797
          1.509797
          1.509797
          1.509798
          1.509798
          1.509798
          1.509798
          1.509798
          1.509799
          1.509799
          1.509799
          1.509800
          1.509799
          1.509799
          1.509800
          1.509800
          1.509799
          1.509800
          1.509799
          1.509799
          1.509799
          1.509800
          1.509800
          1.509800
          1.509800
          1.509799
          1.509799
          1.509799
          1.509799
          1.509798
          1.509799
          1.509798
          1.509798
          1.509798
          1.509798
          1.509797
          1.509797
          1.509797
          1.509798
          1.509797
          1.509797
          1.509797
          1.509797
          1.509797
          1.509797
          1.509797
          1.509797
          1.509797
          1.509797
          1.509797
          1.509798
          1.509797
          1.509797
          1.509798
          1.509798
          1.509798
          1.509798
          1.509798
          1.509798
          1.509799
          1.509799
          1.509799
          1.509799
          1.509800
          1.509800
          1.509799
          1.509800
          1.509800
          1.509799
          1.509800
          1.509800
          1.509800
          1.509800
          1.509800
          1.509800
          1.509800
          1.509800
          1.509799
          1.509800
          1.509799
          1.509799
          1.509799
          1.509799
          1.509799
          1.509798
          1.509798
          1.509798
          1.509798
          1.509797
          1.509797
          1.509797
          1.509797
          1.509797
          1.509797
          1.509797
          1.509797
          1.509796
          1.509797
          1.509796
          1.509797
          1.509797
          1.509797
          0.680590
          0.680626
          0.680608
          0.680627
          0.680666
          0.680711
          0.680757
          0.680801
          0.680842
          0.680880
          0.680915
          0.680947
          0.680977
          0.681004
          0.681030
          0.681052
          0.681072
          0.681091
          0.681109
          0.681125
          0.681141
          0.681154
          0.681167
          0.681179
          0.681190
          0.681200
          0.681209
          0.681218
          0.681226
          0.681233
          0.681240
          0.681246
          0.681252
          0.681257
          0.681262
          0.681267
          0.681272
          0.681276
          0.681280
          0.681284
          0.681287
          0.681291
          0.681294
          0.681297
          0.681299
          0.681302
          0.681305
          0.681307
          0.681309
          0.681311
          0.681313
          0.681315
          0.681316
          0.681318
          0.681320
          0.681321
          0.681322
          0.681323
          0.681324
          0.681325
          0.681325
          0.681326
          0.681327
          0.681327
          0.681327
          0.681328
          0.681329
          0.681329
          0.681328
          0.681329
          0.681329
          0.681329
          0.681330
          0.681329
          0.681330
          0.681330
          0.681330
          0.681330
          0.681330
          0.681330
          0.681330
          0.681330
          0.681330
          0.681330
          0.681330
          0.681330
          0.681331
          0.681331
          0.681331
          0.681331
          0.681331
          0.681331
          0.681332
          0.681332
          0.681332
          0.681332
          0.681333
          0.681333
          0.681333
          0.681334
          0.681334
          0.681334
          0.681335
          0.681335
          0.681335
          0.681335
          0.681336
          0.681336
          0.681336
          0.681336
          0.681336
          0.681336
          0.681336
          0.681336
          0.681337
          0.681337
          0.681337
          0.681337
          0.681337
          0.681337
          0.681337
          0.681337
          0.681337
          0.681336
          0.681336
          0.681336
          0.681336
          0.681336
          0.681336
          0.681336
          0.681336
          0.681336
          0.681336
          0.681335
          0.681335
          0.681335
          0.681335
          0.681335
          0.681335
          0.681335
          0.681335
          0.681335
          0.681335
          0.681335
          0.681335
          0.681335
          0.681335
          0.681335
          0.681335
          0.681335
          0.681336
          0.681336
          0.681336
          0.681336
          0.681336
          0.681336
          0.681336
          0.681336
          0.681336
          0.681337
          0.681336
          0.681337
          0.681336
          0.681336
          0.681337
          0.681337
          0.681336
          0.681337
          0.681337
          0.681336
          0.681336
          0.681337
          0.681337
          0.681337
          0.681337
          0.681336
          0.681336
          0.681336
          0.681336
          0.681336
          0.681336
          0.681336
          0.681336
          0.681335
          0.681335
          0.681335
          0.681335
          0.681335
          0.681336
          0.681335
          0.681335
          0.681335
          0.681335
          0.681335
          0.681335
          0.681335
          0.681336
          0.681335
          0.681336
          0.681336
          0.681336
          0.681336
          0.681336
          0.681336
          0.681336
          0.681336
          0.681336
          0.681336
          0.681336
          0.681336
          0.681337
          0.681337
          0.681337
          0.681337
          0.681337
          0.681337
          0.681337
          0.681337
          0.681337
          0.681337
          0.681337
          0.681337
          0.681337
          0.681337
          0.681337
          0.681336
          0.681337
          0.681336
          0.681336
          0.681336
          0.681336
          0.681336
          0.681336
          0.681336
          0.681336
          0.681336
          0.681336
          0.681335
          0.681335
          0.681335
          0.681335
          0.681335
          0.681335
          0.681335
          0.681335
          0.681335
          0.681335
          0.681335
          0.681335
          0.681335
          0.681336
          0.681336
         -0.003430
         -0.001208
         -0.001135
         -0.001028
         -0.000917
         -0.000811
         -0.000712
         -0.000623
         -0.000545
         -0.000475
         -0.000414
         -0.000361
         -0.000314
         -0.000273
         -0.000238
         -0.000204
         -0.000176
         -0.000151
         -0.000130
         -0.000111
         -0.000095
         -0.000080
         -0.000067
         -0.000056
         -0.000047
         -0.000038
         -0.000030
         -0.000023
         -0.000018
         -0.000013
         -0.000009
         -0.000005
         -0.000002
          0.000001
          0.000003
          0.000005
          0.000006
          0.000007
          0.000008
          0.000009
          0.000010
          0.000010
          0.000010
          0.000010
          0.000010
          0.000010
          0.000010
          0.000009
          0.000009
          0.000008
          0.000009
          0.000008
          0.000008
          0.000007
          0.000006
          0.000006
          0.000006
          0.000006
          0.000006
          0.000005
          0.000005
          0.000005
          0.000005
          0.000005
          0.000005
          0.000005
          0.000005
          0.000005
          0.000006
          0.000005
          0.000005
          0.000006
          0.000005
          0.000006
          0.000006
          0.000006
          0.000006
          0.000006
          0.000006
          0.000006
          0.000007
          0.000007
          0.000006
          0.000006
          0.000006
          0.000006
          0.000006
          0.000006
          0.000006
          0.000006
          0.000005
          0.000005
          0.000005
          0.000004
          0.000004
          0.000004
          0.000003
          0.000003
          0.000003
          0.000003
          0.000002
          0.000002
          0.000002
          0.000002
          0.000001
          0.000001
          0.000001
          0.000001
          0.000001
          0.000000
          0.000000
         -0.000000
         -0.000000
          0.000000
         -0.000000
         -0.000000
         -0.000000
         -0.000000
         -0.000000
         -0.000000
         -0.000000
         -0.000000
         -0.000000
          0.000000
          0.000000
          0.000001
          0.000001
          0.000000
          0.000000
          0.000001
          0.000001
          0.000001
          0.000001
          0.000001
          0.000001
          0.000001
          0.000002
          0.000002
          0.000002
          0.000002
          0.000002
          0.000002
          0.000002
          0.000002
          0.000002
          0.000002
          0.000002
          0.000002
          0.000002
          0.000002
          0.000001
          0.000001
          0.000001
          0.000001
          0.000001
          0.000001
          0.000001
          0.000001
          0.000001
          0.000000
          0.000000
          0.000000
          0.000000
          0.000000
          0.000000
         -0.000000
          0.000000
          0.000000
          0.000000
          0.000000
          0.000000
          0.000000
         -0.000000
         -0.000000
         -0.000000
          0.000000
          0.000000
          0.000000
          0.000000
          0.000001
          0.000001
          0.000001
          0.000001
          0.000001
          0.000001
          0.000001
          0.000001
          0.000001
          0.000001
          0.000001
          0.000001
          0.000001
          0.000001
          0.000001
          0.000001
          0.000001
          0.000001
          0.000001
          0.000001
          0.000001
          0.000001
          0.000001
          0.000001
          0.000001
          0.000000
          0.000001
          0.000001
          0.000000
          0.000001
          0.000000
          0.000000
         -0.000000
          0.000000
         -0.000000
         -0.000000
          0.000000
         -0.000000
         -0.000000
          0.000000
         -0.000000
         -0.000000
         -0.000000
         -0.000000
         -0.000000
         -0.000000
          0.000000
         -0.000000
          0.000000
          0.000000
          0.000000
          0.000000
          0.000000
          0.000000
          0.000001
          0.000001
          0.000001
          0.000001
          0.000001
          0.000001
          0.000001
          0.000001
          0.000002
          0.000001
          0.000001
          0.000001
          0.000001
          0.000002
          0.000002
          0.000002
          0.000001
          0.000001
          0.000001
