  8.660677221624448E-003  8.664883361121917E-003  8.663311597244734E-003
  8.661630460296854E-003  8.660008090155746E-003  8.658387018988857E-003
  8.656784972675718E-003  8.655230594556402E-003  8.653760924675341E-003
  8.652360562851753E-003  8.651053543017909E-003  8.649838419494136E-003
  8.648720276942303E-003  8.647679438270829E-003  8.646759129633880E-003
  8.645835753331639E-003  8.645031572445847E-003  8.644302976951070E-003
  8.643641554425194E-003  8.643046853547130E-003  8.642517541330583E-003
  8.642024847706190E-003  8.641587768160536E-003  8.641187120273616E-003
  8.640839189706668E-003  8.640506140328312E-003  8.640207438806797E-003
  8.639939519343841E-003  8.639708874128769E-003  8.639497786477785E-003
  8.639293457405063E-003  8.639120464466521E-003  8.638965708335330E-003
  8.638825388014271E-003  8.638693777970590E-003  8.638585458999558E-003
  8.638497473887796E-003  8.638401882957921E-003  8.638320913742850E-003
  8.638253763604761E-003  8.638188485050836E-003  8.638133238311210E-003
  8.638087102833059E-003  8.638037109607132E-003  8.637996265565146E-003
  8.637968280988452E-003  8.637933686164660E-003  8.637906833009459E-003
  8.637879012158926E-003  8.637863906203171E-003  8.637825396103358E-003
  8.637813583210641E-003  8.637796618974810E-003  8.637784326748672E-003
  8.637777866317795E-003  8.637755572229597E-003  8.637728667139764E-003
  8.637717496226827E-003  8.637697726661307E-003  8.637691541163905E-003
  8.637662260202215E-003  8.637660262625056E-003  8.637634970425882E-003
  8.637616072955389E-003  8.637589074469114E-003  8.637583540252316E-003
  8.637577398288196E-003  8.637549372960674E-003  8.637521009292444E-003
  8.637519259031676E-003  8.637500517668322E-003  8.637481856334216E-003
  8.637480323147777E-003  8.637458271659895E-003  8.637450235000852E-003
  8.637437798424172E-003  8.637424321319965E-003  8.637413884776813E-003
  8.637401610291700E-003  8.637397469822741E-003  8.637379759475299E-003
  8.637366701805900E-003  8.637376501397745E-003  8.637364845689378E-003
  8.637362155128116E-003  8.637362284739323E-003  8.637360876401967E-003
  8.637363731470201E-003  8.637360554923181E-003  8.637349690262929E-003
  8.637367526489583E-003  8.637357902072413E-003  8.637366150184109E-003
  8.637369654101173E-003  8.637372934906332E-003  8.637372207340462E-003
  8.637388310946889E-003  8.637390942100401E-003  8.637396507704448E-003
  8.637397849367252E-003  8.637406553516150E-003  8.637407460675784E-003
  8.637418002110661E-003  8.637420175806668E-003  8.637420704162031E-003
  8.637426716005869E-003  8.637432719251872E-003  8.637434897589127E-003
  8.637430601626054E-003  8.637445110230691E-003  8.637440716461610E-003
  8.637445106579836E-003  8.637442620815831E-003  8.637435192495603E-003
  8.637441294605702E-003  8.637444168428583E-003  8.637438771904890E-003
  8.637442262668837E-003  8.637435963990648E-003  8.637436519639418E-003
  8.637428680815518E-003  8.637430939366905E-003  8.637427364096187E-003
  8.637418245678425E-003  8.637415405153717E-003  8.637406263780774E-003
  8.637406714174432E-003  8.637414306728659E-003  8.637408200687804E-003
  8.637398480979809E-003  8.637394057672667E-003  8.637387785825380E-003
  8.637392357856112E-003  8.637380708814485E-003  8.637377204254023E-003
  8.637382389574901E-003  8.637371126663129E-003  8.637377391406218E-003
  8.637372430828738E-003  8.637373800267186E-003  8.637374225549350E-003
  8.637373145400544E-003  8.637368901817382E-003  8.637371060302412E-003
  8.637370332664804E-003  8.637367865999571E-003  8.637359461015797E-003
  8.637376807501535E-003  8.637375761490949E-003  8.637377345702975E-003
  8.637381297060468E-003  8.637381368097214E-003  8.637381904200209E-003
  8.637385755908495E-003  8.637388499311786E-003  8.637386717350528E-003
  8.637389837924454E-003  8.637395531465262E-003  8.637400433494598E-003
  8.637411657382800E-003  8.637402889753152E-003  8.637407946522985E-003
  8.637399082584719E-003  8.637399812868797E-003  8.637408125326911E-003
  8.637412327671878E-003  8.637393813174264E-003  8.637403657648412E-003
  8.637400516767783E-003  8.637397285246628E-003  8.637397612455661E-003
  8.637399459087380E-003  8.637409911737670E-003  8.637413146469208E-003
  8.637403676217100E-003  8.637397736239706E-003  8.637387813961407E-003
  8.637391054135485E-003  8.637387938524345E-003  8.637379495462545E-003
  8.637386771127834E-003  8.637381107394345E-003  8.637384327084477E-003
  8.637373367279483E-003  8.637372298762408E-003  8.637370545567655E-003
  8.637369922287736E-003  8.637368170828663E-003  8.637380107911600E-003
  8.637369425053328E-003  8.637372837359892E-003  8.637375326220055E-003
  8.637370649145553E-003  8.637372884963931E-003  8.637382074579005E-003
  8.637378042227788E-003  8.637385244969204E-003  8.637372246265852E-003
  8.637381040620725E-003  8.637384648578243E-003  8.637390881417713E-003
  8.637377816057421E-003  8.637382926801012E-003  8.637392614188453E-003
  8.637405568763990E-003  8.637395655518021E-003  8.637395857405764E-003
  8.637401737038202E-003  8.637398688447671E-003  8.637404678924678E-003
  8.637409108252298E-003  8.637411801549916E-003  8.637408455883022E-003
  8.637415410655051E-003  8.637414780785830E-003  8.637407694416734E-003
  8.637410185205323E-003  8.637415230259401E-003  8.637402983374762E-003
  8.637409545006679E-003  8.637410108312777E-003  8.637412386453986E-003
  8.637417679680541E-003  8.637419434828210E-003  8.637410954159487E-003
  8.637401443354719E-003  8.637405638784172E-003  8.637392109175386E-003
  8.637398656460382E-003  8.637391060324750E-003  8.637394058318733E-003
  8.637390203642164E-003  8.637391111827011E-003  8.637386348358865E-003
  8.637375000266409E-003  8.637377781725027E-003  8.637376269340651E-003
  8.637373724139336E-003  8.637373643099874E-003  8.637367505250796E-003
  8.637364877448130E-003  8.637358015853093E-003  8.637364354880651E-003
  8.637362121631189E-003  8.637368883033297E-003  8.637370036636477E-003
  8.637359720498262E-003  8.637361786950456E-003  8.637359029091060E-003
  8.637364616188661E-003  8.637373338771974E-003  8.637364523173702E-003
   1.00012031006163        1.00011528564547        1.00010768073479     
   1.00009961849091        1.00009141071926        1.00008326216515     
   1.00007534540171        1.00006778464983        1.00006066031250     
   1.00005401370430        1.00004786978286        1.00004222984846     
   1.00003708359586        1.00003241031764        1.00002818913405     
   1.00002438120453        1.00002098344822        1.00001795204486     
   1.00001525555440        1.00001286448382        1.00001074926839     
   1.00000888092630        1.00000723983065        1.00000580078805     
   1.00000454512056        1.00000344953130        1.00000250321030     
   1.00000168969404        1.00000099410244        1.00000039997110     
  0.999999896862711       0.999999478808805       0.999999132445294     
  0.999998848832760       0.999998620554268       0.999998442293504     
  0.999998304349769       0.999998198257048       0.999998124606071     
  0.999998077123186       0.999998049972182       0.999998041275338     
  0.999998046699271       0.999998062341846       0.999998088532330     
  0.999998121600519       0.999998156790052       0.999998195631936     
  0.999998235235019       0.999998275531653       0.999998312250910     
  0.999998352584213       0.999998387930223       0.999998419837955     
  0.999998446862116       0.999998467288144       0.999998486358526     
  0.999998505786887       0.999998520846050       0.999998534553205     
  0.999998542982933       0.999998553815912       0.999998558833828     
  0.999998565824966       0.999998573219976       0.999998583958743     
  0.999998591665365       0.999998596974616       0.999998607271990     
  0.999998623041682       0.999998636236060       0.999998652587110     
  0.999998672423043       0.999998690712378       0.999998714282970     
  0.999998739037277       0.999998766656087       0.999998797735249     
  0.999998831560049       0.999998868879000       0.999998907278866     
  0.999998951156095       0.999998999070227       0.999999043858350     
  0.999999092354044       0.999999141757763       0.999999191148122     
  0.999999240978693       0.999999289883403       0.999999339713603     
  0.999999392781804       0.999999439910487       0.999999489650441     
  0.999999536228327       0.999999581006284       0.999999623950102     
  0.999999666175563       0.999999702242131       0.999999736312826     
  0.999999767346932       0.999999796576990       0.999999821575738     
  0.999999844716729       0.999999862907912       0.999999878743292     
  0.999999892673920       0.999999902920904       0.999999909484575     
  0.999999913584334       0.999999917256110       0.999999914582314     
  0.999999911605153       0.999999905620827       0.999999898898769     
  0.999999893071639       0.999999883897103       0.999999872484492     
  0.999999861561418       0.999999848474302       0.999999836426352     
  0.999999823377782       0.999999812104490       0.999999799554739     
  0.999999787711389       0.999999778464069       0.999999769933701     
  0.999999764185737       0.999999758254664       0.999999749983829     
  0.999999743814597       0.999999741006703       0.999999739939836     
  0.999999741236268       0.999999741520933       0.999999745960006     
  0.999999751988111       0.999999756885431       0.999999765831388     
  0.999999773277681       0.999999782767780       0.999999792287720     
  0.999999802138044       0.999999812754549       0.999999825091274     
  0.999999837068794       0.999999849524911       0.999999862905490     
  0.999999878932166       0.999999889359897       0.999999899889062     
  0.999999909592839       0.999999917639422       0.999999925208027     
  0.999999932079543       0.999999937147025       0.999999940716570     
  0.999999944165667       0.999999945883933       0.999999945024714     
  0.999999941814422       0.999999934302659       0.999999928855742     
  0.999999921158361       0.999999915666605       0.999999909374470     
  0.999999899903833       0.999999888650691       0.999999882875768     
  0.999999873668248       0.999999865168777       0.999999857448863     
  0.999999849417312       0.999999840643306       0.999999828529814     
  0.999999815534478       0.999999805851149       0.999999798513949     
  0.999999794848371       0.999999790766991       0.999999788319138     
  0.999999789232244       0.999999788579928       0.999999790496872     
  0.999999792237280       0.999999798295762       0.999999805513701     
  0.999999814066840       0.999999823541885       0.999999834198373     
  0.999999841679119       0.999999853121210       0.999999864047632     
  0.999999874704142       0.999999887303194       0.999999899585975     
  0.999999909295992       0.999999920518775       0.999999929629789     
  0.999999942923325       0.999999953406145       0.999999962621438     
  0.999999969683564       0.999999980592034       0.999999989479458     
  0.999999994810000       0.999999995520779       0.999999998781897     
   1.00000000134144        1.00000000133036        1.00000000150164     
  0.999999998939672       0.999999994121974       0.999999987642055     
  0.999999981452640       0.999999972343702       0.999999962758765     
  0.999999954788371       0.999999945441738       0.999999933959948     
  0.999999925850667       0.999999915191942       0.999999903901079     
  0.999999891516911       0.999999877206348       0.999999862218847     
  0.999999849913616       0.999999840716684       0.999999830383755     
  0.999999824592925       0.999999817076540       0.999999812369988     
  0.999999807206824       0.999999803845870       0.999999800871704     
  0.999999800164628       0.999999803849748       0.999999807476341     
  0.999999812409867       0.999999818979247       0.999999826398868     
  0.999999836521886       0.999999848173197       0.999999862585522     
  0.999999875490032       0.999999889511323       0.999999901751610     
  0.999999913949088       0.999999929653339       0.999999944832715     
  0.999999960884776       0.999999975041745       0.999999986255923     
   1.51170792966928        1.51211156649806        1.51194682773652     
   1.51170875831327        1.51146829590960        1.51124139349156     
   1.51103670189314        1.51085656120331        1.51070103328213     
   1.51056608829549        1.51045006470533        1.51035057732699     
   1.51026534326719        1.51019148174131        1.51012964328885     
   1.51007156306379        1.51002366078397        1.50998256711649     
   1.50994721115899        1.50991715144923        1.50989160763869     
   1.50986866010919        1.50984942764058        1.50983233113542     
   1.50981862181803        1.50980568080969        1.50979475074439     
   1.50978543128851        1.50977803562423        1.50977189982790     
   1.50976592542665        1.50976136010018        1.50975785753010     
   1.50975505939662        1.50975247296488        1.50975119637526     
   1.50975080393802        1.50974967876157        1.50974944085453     
   1.50974989310082        1.50975008715868        1.50975085266233     
   1.50975210223869        1.50975290124942        1.50975406659978     
   1.50975602399814        1.50975743186403        1.50975917923656     
   1.50976080684059        1.50976302983627        1.50976372437807     
   1.50976603588829        1.50976792934223        1.50976992753254     
   1.50977232181123        1.50977351994035        1.50977438899495     
   1.50977624731405        1.50977739638817        1.50977925814435     
   1.50977952889383        1.50978150952743        1.50978202083437     
   1.50978266566635        1.50978293120811        1.50978422258561     
   1.50978551276900        1.50978520281278        1.50978497921763     
   1.50978624394400        1.50978638559560        1.50978652428391     
   1.50978741284812        1.50978704765311        1.50978741248812     
   1.50978748439226        1.50978750817264        1.50978737348664     
   1.50978728173114        1.50978760750387        1.50978702915263     
   1.50978686995493        1.50978792373386        1.50978750275454     
   1.50978751293962        1.50978783299730        1.50978803809608     
   1.50978836121908        1.50978830782491        1.50978790573451     
   1.50978915369438        1.50978870745946        1.50978935260778     
   1.50978983783778        1.50979006073434        1.50979020580651     
   1.50979132290802        1.50979144468623        1.50979199823875     
   1.50979220945664        1.50979295573257        1.50979324643831     
   1.50979399096505        1.50979422691867        1.50979456111882     
   1.50979522301596        1.50979575452734        1.50979608176994     
   1.50979608660431        1.50979729056488        1.50979719400499     
   1.50979778597133        1.50979783155048        1.50979752621831     
   1.50979823235468        1.50979870506600        1.50979870350548     
   1.50979894715258        1.50979884293083        1.50979911772601     
   1.50979890413545        1.50979919783395        1.50979919951147     
   1.50979875486793        1.50979873892833        1.50979833337178     
   1.50979850686270        1.50979900308995        1.50979880983670     
   1.50979819480085        1.50979809350827        1.50979781310435     
   1.50979816199501        1.50979746022497        1.50979738338289     
   1.50979759681728        1.50979694552306        1.50979740056172     
   1.50979703031512        1.50979716192718        1.50979698818924     
   1.50979694337408        1.50979667115576        1.50979672871416     
   1.50979660088597        1.50979640754948        1.50979602153134     
   1.50979695435072        1.50979684872852        1.50979699597523     
   1.50979739571654        1.50979731306553        1.50979742217938     
   1.50979770074433        1.50979786750144        1.50979777760833     
   1.50979808280803        1.50979839085694        1.50979880110516     
   1.50979949426013        1.50979901319130        1.50979954483378     
   1.50979901305753        1.50979903652084        1.50979974241356     
   1.50980011227597        1.50979897012140        1.50979961627807     
   1.50979946958025        1.50979932831523        1.50979944525589     
   1.50979970839914        1.50980034665217        1.50980049522991     
   1.50979994190004        1.50979945224499        1.50979895196809     
   1.50979904363672        1.50979892075118        1.50979835759643     
   1.50979878586416        1.50979839301207        1.50979845012153     
   1.50979764677071        1.50979761104272        1.50979738619141     
   1.50979716287334        1.50979713445044        1.50979790301056     
   1.50979712719395        1.50979721171769        1.50979730275751     
   1.50979688088615        1.50979693925111        1.50979722620044     
   1.50979692824150        1.50979740759480        1.50979655624837     
   1.50979710076816        1.50979729622262        1.50979759584944     
   1.50979680964759        1.50979723883237        1.50979776157863     
   1.50979836821439        1.50979785863613        1.50979787286635     
   1.50979830315413        1.50979814862701        1.50979867111522     
   1.50979914759098        1.50979934866100        1.50979914583499     
   1.50979958667393        1.50979968094558        1.50979930416421     
   1.50979953255984        1.50979993701987        1.50979918402743     
   1.50979963542891        1.50979985707725        1.50980005958422     
   1.50980030111072        1.50980041641165        1.50980002666971     
   1.50979953000187        1.50979992577745        1.50979912077872     
   1.50979956390408        1.50979911079165        1.50979935621970     
   1.50979904419147        1.50979908701753        1.50979874407193     
   1.50979799744123        1.50979813960961        1.50979795572472     
   1.50979771729497        1.50979749994466        1.50979716984529     
   1.50979696387090        1.50979655632450        1.50979695107409     
   1.50979679299798        1.50979717133397        1.50979710220541     
   1.50979639230766        1.50979660322316        1.50979638372586     
   1.50979687462229        1.50979733260314        1.50979683289543     
  0.680589851291206       0.680625535822075       0.680608059238711     
  0.680627116331080       0.680666114169303       0.680711182862154     
  0.680756770272227       0.680800537791730       0.680841951772990     
  0.680880024510032       0.680915139030848       0.680947475195210     
  0.680977270274438       0.681004370943277       0.681029974598667     
  0.681051534445657       0.681072210588170       0.681091336872471     
  0.681108988047777       0.681125418882638       0.681140736643130     
  0.681154491576532       0.681167383527923       0.681179073867770     
  0.681190241640323       0.681200074240655       0.681209201006881     
  0.681217652432197       0.681225699273693       0.681233164224031     
  0.681239731646123       0.681246011916658       0.681251934209583     
  0.681257438866893       0.681262408750994       0.681267321799376     
  0.681272100929591       0.681276138678855       0.681280079538674     
  0.681283916111287       0.681287329426657       0.681290641469991     
  0.681293859324336       0.681296646015757       0.681299339806258     
  0.681302127693309       0.681304509862356       0.681306840627508     
  0.681308958637370       0.681311166802381       0.681312631474334     
  0.681314589554489       0.681316279771662       0.681317917760695     
  0.681319606001318       0.681320739816503       0.681321637121181     
  0.681322836963134       0.681323709082096       0.681324807206780     
  0.681325230280309       0.681326260842424       0.681326672270520     
  0.681327102651916       0.681327329129592       0.681327952747797     
  0.681328562382732       0.681328529215374       0.681328475134274     
  0.681329006576061       0.681329100650553       0.681329170790785     
  0.681329559325852       0.681329449685154       0.681329620426556     
  0.681329678338225       0.681329708443699       0.681329702373313     
  0.681329699523242       0.681329869003399       0.681329692839028     
  0.681329658674401       0.681330136900067       0.681330066815337     
  0.681330169645458       0.681330388052855       0.681330567717470     
  0.681330809498598       0.681330903499504       0.681330839775869     
  0.681331441415221       0.681331390953759       0.681331758232600     
  0.681332058662735       0.681332275430944       0.681332441446228     
  0.681332997610312       0.681333181132760       0.681333498045044     
  0.681333678522466       0.681334055404077       0.681334247377976     
  0.681334623456927       0.681334793605784       0.681334971013608     
  0.681335269299886       0.681335526540777       0.681335691946121     
  0.681335708396547       0.681336189681935       0.681336168475765     
  0.681336390152392       0.681336402188566       0.681336266221495     
  0.681336507509943       0.681336664913043       0.681336624578825     
  0.681336699936659       0.681336612907150       0.681336668534836     
  0.681336527367164       0.681336595725904       0.681336544196225     
  0.681336321282842       0.681336258823995       0.681336044075846     
  0.681336063857540       0.681336233359492       0.681336120305975     
  0.681335847617453       0.681335755962101       0.681335606211732     
  0.681335716473846       0.681335422489826       0.681335356497258     
  0.681335443249707       0.681335178940713       0.681335348989573     
  0.681335220121643       0.681335275346555       0.681335241856255     
  0.681335237840291       0.681335145403907       0.681335191974891     
  0.681335172471428       0.681335124377096       0.681334979167734     
  0.681335387653557       0.681335396169672       0.681335483884082     
  0.681335659644686       0.681335669982885       0.681335733356297     
  0.681335864792698       0.681335956739513       0.681335941061174     
  0.681336071888687       0.681336218811082       0.681336391429231     
  0.681336683498351       0.681336499582237       0.681336684603872     
  0.681336463973396       0.681336459399728       0.681336708733255     
  0.681336838802626       0.681336369565919       0.681336591407698     
  0.681336510656429       0.681336427807764       0.681336437533969     
  0.681336504730327       0.681336742537884       0.681336792243613     
  0.681336545832096       0.681336323530524       0.681336069579663     
  0.681336075996710       0.681335992303119       0.681335744064865     
  0.681335891316245       0.681335728925490       0.681335751042800     
  0.681335431846962       0.681335396172654       0.681335312416921     
  0.681335239919430       0.681335224980954       0.681335539933047     
  0.681335265215523       0.681335319932624       0.681335380091128     
  0.681335245171003       0.681335293016038       0.681335461358107     
  0.681335380278460       0.681335591632895       0.681335284193777     
  0.681335517014025       0.681335629297317       0.681335790620104     
  0.681335506996835       0.681335682295348       0.681335926062393     
  0.681336225782189       0.681336047434741       0.681336064841056     
  0.681336241948095       0.681336198419169       0.681336401441049     
  0.681336584800900       0.681336671377846       0.681336594184600     
  0.681336767604064       0.681336788536192       0.681336622577226     
  0.681336685117583       0.681336824514099       0.681336508628833     
  0.681336657678651       0.681336709786447       0.681336766402084     
  0.681336851604371       0.681336874455383       0.681336678182637     
  0.681336429872494       0.681336528469829       0.681336171594491     
  0.681336303140487       0.681336093917356       0.681336156052653     
  0.681336016515487       0.681336012381907       0.681335863051465     
  0.681335550114398       0.681335587283700       0.681335516164317     
  0.681335426609497       0.681335360515317       0.681335228436620     
  0.681335154591560       0.681335000958671       0.681335174209288     
  0.681335144272204       0.681335330784454       0.681335358429360     
  0.681335118623628       0.681335224466459       0.681335181843119     
  0.681335407171633       0.681335653725049       0.681335509281581     
 -3.430035727412737E-003 -1.207640121818569E-003 -1.135416337052149E-003
 -1.028019500579037E-003 -9.173219586453457E-004 -8.105324894132252E-004
 -7.119874377419919E-004 -6.232668746633028E-004 -5.449299695392037E-004
 -4.754360243981136E-004 -4.143888385815330E-004 -3.609080357406480E-004
 -3.141449413556696E-004 -2.728359337426508E-004 -2.375119772207953E-004
 -2.040355624589438E-004 -1.757891862289872E-004 -1.511200986786555E-004
 -1.295259612401813E-004 -1.107867398194780E-004 -9.456176018677010E-005
 -7.987388115866598E-005 -6.726081698216310E-005 -5.595221491688383E-005
 -4.653415279319417E-005 -3.769439538304529E-005 -3.004735182292842E-005
 -2.339528378993437E-005 -1.788039727885914E-005 -1.312266576033894E-005
 -8.568216152143351E-006 -4.871746356368870E-006 -1.810836867736034E-006
  7.864412230624220E-007  3.180615778009763E-006  4.850130526160052E-006
  5.982941214998137E-006  7.431236539804291E-006  8.373663332148005E-006
  8.920740102473470E-006  9.548144935960085E-006  9.854495381480771E-006
  9.896009512640644E-006  1.013333848929066E-005  1.014669438330782E-005
  9.748105761482633E-006  9.606473045869849E-006  9.282272917393683E-006
  9.017443202882814E-006  8.435965575851911E-006  8.619979265085700E-006
  7.973458609231662E-006  7.523523664613354E-006  7.012301864704533E-006
  6.302288520037041E-006  6.174166146732242E-006  6.205980926174856E-006
  5.752951698190003E-006  5.649890850720565E-006  5.169240171143574E-006
  5.475783347028843E-006  4.900012145409373E-006  5.066136929045183E-006
  5.133559315041451E-006  5.392517373928442E-006  5.092299614924922E-006
  4.777061923486498E-006  5.243902232585855E-006  5.658987559389061E-006
  5.287012194254178E-006  5.478071182969114E-006  5.655262629749932E-006
  5.400864845322332E-006  5.779970922635316E-006  5.760078278065905E-006
  5.866929074081313E-006  5.992742727031078E-006  6.153503402559197E-006
  6.290880026779937E-006  6.194904170285117E-006  6.522506899124947E-006
  6.623147406050340E-006  6.092230283480344E-006  6.290154729927239E-006
  6.234022323446037E-006  6.023452213963924E-006  5.880457191747514E-006
  5.648909475180836E-006  5.604504272086366E-006  5.740325499517130E-006
  5.021704053556574E-006  5.165087432714897E-006  4.743049192986693E-006
  4.404629173251303E-006  4.201518800149077E-006  4.054227620907122E-006
  3.415766545127528E-006  3.270004657774110E-006  2.928084120870250E-006
  2.754447554858740E-006  2.324635670670541E-006  2.137888318296056E-006
  1.710367272823282E-006  1.558278608380695E-006  1.390094031541205E-006
  1.053471024797966E-006  7.785620579520524E-007  6.226951688473261E-007
  6.516113473156190E-007  7.617021546017938E-008  1.639792599678502E-007
 -8.260389077070132E-008 -5.921303080508619E-008  1.465190830720489E-007
 -1.380439442154429E-007 -3.117000878092739E-007 -2.367883712502748E-007
 -3.102770490002393E-007 -1.850995432677046E-007 -2.473446339396246E-007
 -6.693758556816223E-008 -1.464622020020545E-007 -7.395710009682672E-008
  2.135490178189870E-007  2.804327510418821E-007  5.401518847726842E-007
  5.016581098447684E-007  2.938034957548541E-007  4.538352543646526E-007
  8.110984984246450E-007  9.263858013182794E-007  1.130944241995929E-006
  1.003094964244968E-006  1.393760308502373E-006  1.469609756724643E-006
  1.377452544250492E-006  1.736604733023602E-006  1.527264782814967E-006
  1.723658216214848E-006  1.668452930825446E-006  1.747079915992152E-006
  1.775822016936362E-006  1.918190915744422E-006  1.884258596013185E-006
  1.936146815066507E-006  2.036610809099026E-006  2.234022983521640E-006
  1.732464069231832E-006  1.763595879050000E-006  1.674102193107400E-006
  1.474117189609491E-006  1.490935772825243E-006  1.418242040554463E-006
  1.254666479708053E-006  1.141533102946632E-006  1.155469670459872E-006
  9.777491127863875E-007  7.982885077834216E-007  5.763640893904787E-007
  2.027370009422417E-007  4.347854717371900E-007  1.698263404948353E-007
  4.310300735713883E-007  4.120440082384955E-007  6.088354304566015E-008
 -1.300410330178482E-007  4.491502906086674E-007  1.148337716572349E-007
  1.879039388319350E-007  2.502566073500247E-007  1.863508700146418E-007
  6.209736138936301E-008 -2.579736074126500E-007 -3.302770537368932E-007
 -4.395993096394410E-008  2.048845588977072E-007  4.583350518365987E-007
  3.923917719051582E-007  4.637915815706600E-007  7.425826998730403E-007
  5.143238996977925E-007  7.020579282828171E-007  6.575249414446378E-007
  1.053145189291350E-006  1.077704251824322E-006  1.183871085787515E-006
  1.265500345560479E-006  1.270591063651776E-006  8.583466096089742E-007
  1.231694067318913E-006  1.152024016972294E-006  1.090830800199893E-006
  1.290898187582211E-006  1.237693034981810E-006  1.056637007500776E-006
  1.190583381459189E-006  9.401147357497028E-007  1.352974002214314E-006
  1.064702547871477E-006  9.539477377377976E-007  7.889048625718451E-007
  1.193081381099799E-006  9.893187390856493E-007  7.240805320492340E-007
  4.022018164710502E-007  6.742722600099379E-007  6.680163553246372E-007
  4.578826764012974E-007  5.422917775407448E-007  2.857422398525228E-007
  5.690148631534787E-008 -3.408871529283253E-008  7.116178976706884E-008
 -1.494764149065615E-007 -1.762712196772172E-007  3.613136232806423E-008
 -6.787123861191971E-008 -2.474874529473050E-007  1.490801195417474E-007
 -6.185482364526414E-008 -1.442852005392646E-007 -2.303094128417748E-007
 -3.584905863805709E-007 -4.229735017157100E-007 -2.173445063454093E-007
  4.540836923756508E-008 -1.320099327692233E-007  2.915331592049448E-007
  7.769664561244571E-008  3.217536850653048E-007  2.071218631618845E-007
  3.645063730932539E-007  3.492899259184499E-007  5.218664419461948E-007
  9.049694649408371E-007  8.351440094553361E-007  9.322554662510996E-007
  1.051607577281480E-006  1.148123995543837E-006  1.317137321776743E-006
  1.426690027965105E-006  1.631598330530774E-006  1.417773798875191E-006
  1.474574456103371E-006  1.266187901548609E-006  1.277508439720620E-006
  1.617109155796162E-006  1.509863056137625E-006  1.623269782022337E-006
  1.395118931820651E-006  1.157445924565564E-006  1.427953189775240E-006
