          1.328418
          1.328484
          1.328411
          1.328349
          1.328300
          1.328260
          1.328226
          1.328197
          1.328173
          1.328153
          1.328136
          1.328122
          1.328110
          1.328099
          1.328091
          1.328082
          1.328076
          1.328070
          1.328066
          1.328062
          1.328059
          1.328056
          1.328054
          1.328052
          1.328051
          1.328049
          1.328048
          1.328048
          1.328047
          1.328047
          1.328046
          1.328046
          1.328046
          1.328046
          1.328046
          1.328047
          1.328047
          1.328048
          1.328048
          1.328049
          1.328049
          1.328050
          1.328051
          1.328051
          1.328052
          1.328052
          1.328053
          1.328054
          1.328054
          1.328055
          1.328055
          1.328056
          1.328057
          1.328057
          1.328058
          1.328058
          1.328059
          1.328059
          1.328059
          1.328060
          1.328060
          1.328061
          1.328061
          1.328061
          1.328061
          1.328061
          1.328061
          1.328061
          1.328061
          1.328061
          1.328061
          1.328061
          1.328061
          1.328061
          1.328061
          1.328061
          1.328061
          1.328061
          1.328061
          1.328061
          1.328061
          1.328060
          1.328061
          1.328061
          1.328061
          1.328061
          1.328061
          1.328061
          1.328061
          1.328061
          1.328061
          1.328061
          1.328061
          1.328062
          1.328062
          1.328062
          1.328062
          1.328062
          1.328062
          1.328062
          1.328063
          1.328063
          1.328063
          1.328063
          1.328063
          1.328063
          1.328064
          1.328064
          1.328064
          1.328064
          1.328064
          1.328064
          1.328064
          1.328064
          1.328064
          1.328064
          1.328064
          1.328064
          1.328064
          1.328064
          1.328064
          1.328064
          1.328064
          1.328064
          1.328064
          1.328064
          1.328064
          1.328064
          1.328064
          1.328064
          1.328064
          1.328064
          1.328064
          1.328063
          1.328063
          1.328063
          1.328063
          1.328063
          1.328063
          1.328063
          1.328063
          1.328063
          1.328063
          1.328063
          1.328063
          1.328063
          1.328063
          1.328063
          1.328063
          1.328063
          1.328063
          1.328063
          1.328063
          1.328063
          1.328063
          1.328063
          1.328063
          1.328064
          1.328064
          1.328064
          1.328064
          1.328064
          1.328064
          1.328064
          1.328064
          1.328064
          1.328064
          1.328064
          1.328064
          1.328064
          1.328064
          1.328064
          1.328064
          1.328064
          1.328064
          1.328064
          1.328064
          1.328064
          1.328064
          1.328063
          1.328063
          1.328063
          1.328063
          1.328063
          1.328063
          1.328063
          1.328063
          1.328063
          1.328063
          1.328063
          1.328063
          1.328063
          1.328063
          1.328063
          1.328063
          1.328063
          1.328063
          1.328063
          1.328063
          1.328063
          1.328063
          1.328063
          1.328063
          1.328063
          1.328063
          1.328063
          1.328063
          1.328063
          1.328063
          1.328063
          1.328063
          1.328063
          1.328063
          1.328064
          1.328064
          1.328063
          1.328063
          1.328064
          1.328063
          1.328063
          1.328064
          1.328064
          1.328064
          1.328064
          1.328064
          1.328063
          1.328064
          1.328063
          1.328063
          1.328063
          1.328063
          1.328063
          1.328063
          1.328063
          1.328063
          1.328063
          1.328063
          1.328063
          1.328063
          1.328062
          1.328062
          1.328062
          1.328062
          1.328062
          1.328062
          1.328062
          1.328062
          1.328062
          1.328062
          1.328062
          1.328063
          1.328062
