         13.861634
         13.854110
         13.854469
         13.854757
         13.855016
         13.855253
         13.855471
         13.855672
         13.855860
         13.856034
         13.856196
         13.856348
         13.856490
         13.856624
         13.856750
         13.856869
         13.856982
         13.857088
         13.857189
         13.857285
         13.857376
         13.857463
         13.857545
         13.857624
         13.857699
         13.857771
         13.857839
         13.857905
         13.857968
         13.858028
         13.858086
         13.858142
         13.858196
         13.858249
         13.858300
         13.858350
         13.858398
         13.858445
         13.858491
         13.858536
         13.858581
         13.858625
         13.858669
         13.858711
         13.858752
         13.858793
         13.858833
         13.858871
         13.858908
         13.858943
         13.858976
         13.859013
         13.859043
         13.859073
         13.859103
         13.859132
         13.859161
         13.859190
         13.859218
         13.859246
         13.859274
         13.859301
         13.859328
         13.859355
         13.859381
         13.859407
         13.859433
         13.859459
         13.859485
         13.859510
         13.859535
         13.859560
         13.859585
         13.859610
         13.859634
         13.859658
         13.859682
         13.859706
         13.859729
         13.859752
         13.859775
         13.859798
         13.859820
         13.859842
         13.859864
         13.859885
         13.859906
         13.859927
         13.859947
         13.859968
         13.859988
         13.860007
         13.860027
         13.860046
         13.860066
         13.860085
         13.860103
         13.860122
         13.860140
         13.860159
         13.860177
         13.860195
         13.860212
         13.860230
         13.860247
         13.860265
         13.860282
         13.860298
         13.860315
         13.860331
         13.860347
         13.860363
         13.860379
         13.860394
         13.860410
         13.860425
         13.860440
         13.860455
         13.860469
         13.860483
         13.860498
         13.860512
         13.860526
         13.860539
         13.860553
         13.860567
         13.860580
         13.860593
         13.860606
         13.860619
         13.860632
         13.860644
         13.860657
         13.860669
         13.860681
         13.860693
         13.860705
         13.860717
         13.860728
         13.860740
         13.860751
         13.860762
         13.860773
         13.860784
         13.860794
         13.860805
         13.860815
         13.860826
         13.860836
         13.860846
         13.860856
         13.860866
         13.860875
         13.860885
         13.860894
         13.860904
         13.860913
         13.860922
         13.860931
         13.860940
         13.860948
         13.860957
         13.860965
         13.860974
         13.860982
         13.860990
         13.860998
         13.861006
         13.861014
         13.861021
         13.861029
         13.861036
         13.861044
         13.861051
         13.861058
         13.861065
         13.861072
         13.861079
         13.861086
         13.861093
         13.861099
         13.861106
         13.861112
         13.861119
         13.861125
         13.861131
         13.861137
         13.861143
         13.861149
         13.861154
         13.861160
         13.861165
         13.861170
         13.861176
         13.861181
         13.861185
         13.861190
         13.861195
         13.861199
         13.861203
         13.861208
         13.861212
         13.861216
         13.861220
         13.861224
         13.861228
         13.861232
         13.861236
         13.861239
         13.861243
         13.861247
         13.861251
         13.861255
         13.861259
         13.861262
         13.861266
         13.861269
         13.861272
         13.861275
         13.861278
         13.861280
         13.861282
         13.861284
         13.861285
         13.861286
         13.861287
         13.861287
         13.861287
         13.861286
         13.861286
         13.861285
         13.861284
         13.861282
         13.861281
         13.861280
         13.861279
         13.861279
         13.861278
         13.861278
         13.861279
         13.861279
         13.861280
         13.861281
         13.861283
         13.861284
         13.861285
         13.861286
         13.861287
         13.861286
         13.861285
         13.861283
         13.861279
         13.861274
