          1.376775
          1.377800
          1.377721
          1.377642
          1.377562
          1.377486
          1.377415
          1.377350
          1.377292
          1.377239
          1.377192
          1.377149
          1.377111
          1.377076
          1.377045
          1.377017
          1.376991
          1.376969
          1.376949
          1.376930
          1.376914
          1.376899
          1.376886
          1.376874
          1.376864
          1.376854
          1.376846
          1.376838
          1.376831
          1.376825
          1.376819
          1.376814
          1.376810
          1.376806
          1.376803
          1.376799
          1.376796
          1.376794
          1.376791
          1.376789
          1.376787
          1.376785
          1.376784
          1.376782
          1.376781
          1.376780
          1.376779
          1.376778
          1.376777
          1.376777
          1.376776
          1.376776
          1.376776
          1.376776
          1.376776
          1.376775
          1.376775
          1.376775
          1.376774
          1.376774
          1.376774
          1.376774
          1.376773
          1.376773
          1.376773
          1.376773
          1.376773
          1.376773
          1.376773
          1.376773
          1.376772
          1.376772
          1.376772
          1.376772
          1.376772
          1.376772
          1.376772
          1.376772
          1.376772
          1.376772
          1.376772
          1.376772
          1.376772
          1.376772
          1.376772
          1.376772
          1.376772
          1.376772
          1.376772
          1.376772
          1.376772
          1.376772
          1.376772
          1.376773
          1.376773
          1.376773
          1.376773
          1.376773
          1.376773
          1.376773
          1.376773
          1.376773
          1.376773
          1.376773
          1.376773
          1.376773
          1.376773
          1.376773
          1.376773
          1.376773
          1.376773
          1.376773
          1.376773
          1.376773
          1.376773
          1.376773
          1.376773
          1.376773
          1.376773
          1.376773
          1.376773
          1.376773
          1.376773
          1.376773
          1.376773
          1.376773
          1.376773
          1.376773
          1.376773
          1.376773
          1.376773
          1.376773
          1.376773
          1.376774
          1.376774
          1.376774
          1.376774
          1.376774
          1.376774
          1.376774
          1.376774
          1.376774
          1.376774
          1.376774
          1.376774
          1.376774
          1.376774
          1.376774
          1.376774
          1.376774
          1.376774
          1.376774
          1.376774
          1.376774
          1.376774
          1.376774
          1.376774
          1.376774
          1.376774
          1.376774
          1.376774
          1.376774
          1.376774
          1.376774
          1.376774
          1.376774
          1.376774
          1.376774
          1.376774
          1.376774
          1.376774
          1.376774
          1.376774
          1.376774
          1.376774
          1.376774
          1.376774
          1.376774
          1.376774
          1.376774
          1.376774
          1.376774
          1.376774
          1.376774
          1.376774
          1.376774
          1.376774
          1.376774
          1.376774
          1.376774
          1.376774
          1.376774
          1.376774
          1.376775
          1.376775
          1.376775
          1.376775
          1.376775
          1.376775
          1.376775
          1.376775
          1.376775
          1.376775
          1.376775
          1.376775
          1.376775
          1.376775
          1.376775
          1.376775
          1.376775
          1.376775
          1.376775
          1.376775
          1.376775
          1.376775
          1.376775
          1.376775
          1.376775
          1.376775
          1.376775
          1.376775
          1.376775
          1.376775
          1.376775
          1.376775
          1.376775
          1.376775
          1.376775
          1.376775
          1.376775
          1.376775
          1.376775
          1.376775
          1.376775
          1.376775
          1.376775
          1.376775
          1.376775
          1.376775
          1.376775
          1.376775
          1.376775
          1.376774
          1.376774
          1.376774
          1.376774
          1.376774
          1.376774
          1.376774
          1.376774
          1.376774
          1.376774
          1.376775
