         -0.005949
         -0.000722
         -0.000662
         -0.000602
         -0.000548
         -0.000497
         -0.000451
         -0.000409
         -0.000371
         -0.000338
         -0.000307
         -0.000280
         -0.000255
         -0.000233
         -0.000214
         -0.000196
         -0.000179
         -0.000164
         -0.000151
         -0.000138
         -0.000127
         -0.000117
         -0.000107
         -0.000099
         -0.000091
         -0.000084
         -0.000078
         -0.000072
         -0.000067
         -0.000062
         -0.000058
         -0.000053
         -0.000049
         -0.000046
         -0.000042
         -0.000039
         -0.000036
         -0.000034
         -0.000033
         -0.000032
         -0.000031
         -0.000030
         -0.000028
         -0.000028
         -0.000029
         -0.000030
         -0.000030
         -0.000030
         -0.000029
         -0.000028
         -0.000015
         -0.000017
         -0.000017
         -0.000018
         -0.000017
         -0.000017
         -0.000017
         -0.000016
         -0.000016
         -0.000016
         -0.000016
         -0.000015
         -0.000015
         -0.000015
         -0.000015
         -0.000015
         -0.000014
         -0.000014
         -0.000014
         -0.000014
         -0.000014
         -0.000014
         -0.000014
         -0.000014
         -0.000014
         -0.000014
         -0.000014
         -0.000014
         -0.000013
         -0.000013
         -0.000013
         -0.000013
         -0.000013
         -0.000012
         -0.000012
         -0.000012
         -0.000012
         -0.000011
         -0.000011
         -0.000011
         -0.000011
         -0.000011
         -0.000011
         -0.000010
         -0.000010
         -0.000010
         -0.000010
         -0.000010
         -0.000010
         -0.000010
         -0.000010
         -0.000010
         -0.000010
         -0.000010
         -0.000010
         -0.000009
         -0.000009
         -0.000009
         -0.000009
         -0.000009
         -0.000009
         -0.000009
         -0.000008
         -0.000008
         -0.000008
         -0.000008
         -0.000008
         -0.000008
         -0.000008
         -0.000008
         -0.000007
         -0.000007
         -0.000007
         -0.000007
         -0.000007
         -0.000007
         -0.000007
         -0.000007
         -0.000007
         -0.000007
         -0.000007
         -0.000007
         -0.000007
         -0.000007
         -0.000006
         -0.000006
         -0.000006
         -0.000006
         -0.000006
         -0.000006
         -0.000006
         -0.000006
         -0.000006
         -0.000006
         -0.000006
         -0.000005
         -0.000005
         -0.000005
         -0.000005
         -0.000005
         -0.000005
         -0.000005
         -0.000005
         -0.000005
         -0.000005
         -0.000005
         -0.000005
         -0.000005
         -0.000005
         -0.000005
         -0.000005
         -0.000005
         -0.000004
         -0.000004
         -0.000004
         -0.000004
         -0.000004
         -0.000004
         -0.000004
         -0.000004
         -0.000004
         -0.000004
         -0.000004
         -0.000004
         -0.000004
         -0.000004
         -0.000004
         -0.000004
         -0.000004
         -0.000004
         -0.000004
         -0.000004
         -0.000004
         -0.000004
         -0.000003
         -0.000003
         -0.000003
         -0.000003
         -0.000003
         -0.000003
         -0.000003
         -0.000003
         -0.000003
         -0.000003
         -0.000003
         -0.000003
         -0.000003
         -0.000003
         -0.000003
         -0.000003
         -0.000003
         -0.000003
         -0.000002
         -0.000002
         -0.000002
         -0.000002
         -0.000002
         -0.000002
         -0.000002
         -0.000003
         -0.000003
         -0.000003
         -0.000003
         -0.000003
         -0.000003
         -0.000003
         -0.000004
         -0.000004
         -0.000004
         -0.000004
         -0.000004
         -0.000004
         -0.000004
         -0.000004
         -0.000003
         -0.000003
         -0.000003
         -0.000003
         -0.000002
         -0.000002
         -0.000001
         -0.000001
         -0.000001
         -0.000001
         -0.000000
         -0.000000
         -0.000001
         -0.000001
         -0.000001
         -0.000001
         -0.000002
         -0.000003
         -0.000004
         -0.000005
         -0.000005
         -0.000006
         -0.000007
         -0.000008
         -0.000009
         -0.000010
         -0.000010
         -0.000010
