          0.292869
          0.292916
          0.292956
          0.292993
          0.293026
          0.293056
          0.293083
          0.293108
          0.293130
          0.293151
          0.293169
          0.293186
          0.293201
          0.293215
          0.293228
          0.293239
          0.293250
          0.293259
          0.293268
          0.293276
          0.293283
          0.293289
          0.293295
          0.293301
          0.293305
          0.293310
          0.293314
          0.293318
          0.293321
          0.293324
          0.293327
          0.293330
          0.293332
          0.293334
          0.293337
          0.293338
          0.293340
          0.293342
          0.293343
          0.293345
          0.293347
          0.293348
          0.293349
          0.293350
          0.293351
          0.293352
          0.293353
          0.293354
          0.293354
          0.293355
          0.293356
          0.293357
          0.293357
          0.293358
          0.293358
          0.293358
          0.293359
          0.293359
          0.293360
          0.293360
          0.293360
          0.293361
          0.293361
          0.293362
          0.293362
          0.293362
          0.293363
          0.293363
          0.293363
          0.293364
          0.293364
          0.293365
          0.293365
          0.293365
          0.293366
          0.293366
          0.293366
          0.293367
          0.293367
          0.293368
          0.293368
          0.293368
          0.293369
          0.293369
          0.293369
          0.293369
          0.293370
          0.293370
          0.293370
          0.293371
          0.293371
          0.293371
          0.293372
          0.293372
          0.293372
          0.293372
          0.293373
          0.293373
          0.293373
          0.293373
          0.293374
          0.293374
          0.293374
          0.293375
          0.293375
          0.293375
          0.293375
          0.293376
          0.293376
          0.293376
          0.293376
          0.293377
          0.293377
          0.293377
          0.293377
          0.293377
          0.293378
          0.293378
          0.293378
          0.293378
          0.293378
          0.293379
          0.293379
          0.293379
          0.293379
          0.293379
          0.293380
          0.293380
          0.293380
          0.293380
          0.293380
          0.293381
          0.293381
          0.293381
          0.293381
          0.293381
          0.293381
          0.293382
          0.293382
          0.293382
          0.293382
          0.293382
          0.293382
          0.293383
          0.293383
          0.293383
          0.293383
          0.293383
          0.293383
          0.293383
          0.293384
          0.293384
          0.293384
          0.293384
          0.293384
          0.293384
          0.293384
          0.293385
          0.293385
          0.293385
          0.293385
          0.293385
          0.293385
          0.293385
          0.293385
          0.293385
          0.293386
          0.293386
          0.293386
          0.293386
          0.293386
          0.293386
          0.293386
          0.293386
          0.293386
          0.293386
          0.293386
          0.293387
          0.293387
          0.293387
          0.293387
          0.293387
          0.293387
          0.293387
          0.293387
          0.293387
          0.293387
          0.293387
          0.293387
          0.293388
          0.293388
          0.293388
          0.293388
          0.293388
          0.293388
          0.293388
          0.293388
          0.293388
          0.293388
          0.293388
          0.293388
          0.293388
          0.293388
          0.293388
          0.293388
          0.293388
          0.293388
          0.293388
          0.293388
          0.293388
          0.293388
          0.293388
          0.293388
          0.293388
          0.293388
          0.293388
          0.293388
          0.293389
          0.293388
          0.293388
          0.293388
          0.293388
          0.293388
          0.293388
          0.293388
          0.293388
          0.293388
          0.293388
          0.293388
          0.293387
          0.293387
          0.293387
          0.293387
          0.293387
          0.293387
          0.293387
          0.293387
          0.293387
          0.293387
          0.293387
          0.293387
          0.293387
          0.293387
          0.293387
          0.293387
          0.293387
          0.293387
          0.293387
          0.293387
          0.293386
          0.293386
          0.293386
