          0.008637
          0.008928
          0.008899
          0.008876
          0.008854
          0.008835
          0.008817
          0.008801
          0.008787
          0.008774
          0.008762
          0.008752
          0.008742
          0.008734
          0.008726
          0.008719
          0.008712
          0.008706
          0.008701
          0.008696
          0.008692
          0.008688
          0.008684
          0.008681
          0.008678
          0.008675
          0.008673
          0.008670
          0.008668
          0.008666
          0.008665
          0.008663
          0.008662
          0.008660
          0.008659
          0.008658
          0.008657
          0.008657
          0.008656
          0.008655
          0.008655
          0.008654
          0.008654
          0.008653
          0.008652
          0.008652
          0.008651
          0.008651
          0.008650
          0.008650
          0.008649
          0.008648
          0.008648
          0.008648
          0.008648
          0.008648
          0.008648
          0.008647
          0.008647
          0.008647
          0.008647
          0.008647
          0.008647
          0.008647
          0.008647
          0.008646
          0.008646
          0.008646
          0.008646
          0.008646
          0.008646
          0.008646
          0.008646
          0.008646
          0.008646
          0.008646
          0.008645
          0.008645
          0.008645
          0.008645
          0.008645
          0.008645
          0.008645
          0.008645
          0.008645
          0.008644
          0.008644
          0.008644
          0.008644
          0.008644
          0.008644
          0.008644
          0.008644
          0.008644
          0.008644
          0.008644
          0.008644
          0.008644
          0.008643
          0.008643
          0.008643
          0.008643
          0.008643
          0.008643
          0.008643
          0.008643
          0.008643
          0.008643
          0.008643
          0.008643
          0.008643
          0.008643
          0.008642
          0.008642
          0.008642
          0.008642
          0.008642
          0.008642
          0.008642
          0.008642
          0.008642
          0.008642
          0.008642
          0.008642
          0.008642
          0.008642
          0.008642
          0.008642
          0.008642
          0.008641
          0.008641
          0.008641
          0.008641
          0.008641
          0.008641
          0.008641
          0.008641
          0.008641
          0.008641
          0.008641
          0.008641
          0.008641
          0.008641
          0.008641
          0.008641
          0.008641
          0.008641
          0.008641
          0.008641
          0.008641
          0.008641
          0.008640
          0.008640
          0.008640
          0.008640
          0.008640
          0.008640
          0.008640
          0.008640
          0.008640
          0.008640
          0.008640
          0.008640
          0.008640
          0.008640
          0.008640
          0.008640
          0.008640
          0.008640
          0.008640
          0.008640
          0.008640
          0.008640
          0.008640
          0.008640
          0.008640
          0.008640
          0.008640
          0.008640
          0.008640
          0.008640
          0.008640
          0.008639
          0.008639
          0.008639
          0.008639
          0.008639
          0.008639
          0.008639
          0.008639
          0.008639
          0.008639
          0.008639
          0.008639
          0.008639
          0.008639
          0.008639
          0.008639
          0.008639
          0.008639
          0.008639
          0.008639
          0.008639
          0.008639
          0.008639
          0.008639
          0.008639
          0.008639
          0.008639
          0.008639
          0.008639
          0.008639
          0.008639
          0.008639
          0.008639
          0.008639
          0.008639
          0.008639
          0.008639
          0.008639
          0.008639
          0.008639
          0.008639
          0.008638
          0.008638
          0.008638
          0.008638
          0.008638
          0.008638
          0.008638
          0.008638
          0.008638
          0.008638
          0.008638
          0.008639
          0.008639
          0.008639
          0.008639
          0.008639
          0.008639
          0.008639
          0.008639
          0.008639
          0.008639
          0.008639
          0.008639
          0.008639
          0.008639
          0.008639
          0.008639
          0.008638
          0.008638
