         12.484859
         12.484334
         12.483868
         12.483453
         12.483085
         12.482758
         12.482469
         12.482215
         12.481991
         12.481794
         12.481623
         12.481474
         12.481345
         12.481235
         12.481141
         12.481062
         12.480996
         12.480942
         12.480899
         12.480866
         12.480841
         12.480824
         12.480814
         12.480810
         12.480812
         12.480818
         12.480829
         12.480843
         12.480861
         12.480881
         12.480905
         12.480930
         12.480958
         12.480988
         12.481019
         12.481051
         12.481085
         12.481120
         12.481155
         12.481191
         12.481229
         12.481266
         12.481304
         12.481342
         12.481380
         12.481419
         12.481458
         12.481497
         12.481536
         12.481574
         12.481611
         12.481650
         12.481688
         12.481725
         12.481762
         12.481799
         12.481835
         12.481870
         12.481906
         12.481940
         12.481975
         12.482009
         12.482042
         12.482075
         12.482108
         12.482141
         12.482172
         12.482204
         12.482235
         12.482266
         12.482297
         12.482327
         12.482357
         12.482386
         12.482416
         12.482445
         12.482473
         12.482501
         12.482529
         12.482557
         12.482585
         12.482612
         12.482639
         12.482665
         12.482691
         12.482717
         12.482743
         12.482768
         12.482793
         12.482818
         12.482842
         12.482866
         12.482890
         12.482914
         12.482937
         12.482960
         12.482983
         12.483006
         12.483028
         12.483050
         12.483072
         12.483093
         12.483114
         12.483136
         12.483156
         12.483177
         12.483197
         12.483218
         12.483238
         12.483257
         12.483277
         12.483296
         12.483315
         12.483334
         12.483353
         12.483371
         12.483389
         12.483407
         12.483425
         12.483442
         12.483460
         12.483477
         12.483494
         12.483511
         12.483527
         12.483544
         12.483560
         12.483576
         12.483592
         12.483607
         12.483623
         12.483638
         12.483653
         12.483668
         12.483683
         12.483697
         12.483712
         12.483726
         12.483740
         12.483754
         12.483768
         12.483781
         12.483795
         12.483808
         12.483821
         12.483834
         12.483847
         12.483859
         12.483872
         12.483884
         12.483896
         12.483908
         12.483920
         12.483932
         12.483943
         12.483955
         12.483966
         12.483977
         12.483988
         12.483999
         12.484010
         12.484021
         12.484031
         12.484042
         12.484052
         12.484062
         12.484072
         12.484082
         12.484091
         12.484101
         12.484111
         12.484120
         12.484129
         12.484138
         12.484147
         12.484156
         12.484165
         12.484173
         12.484182
         12.484190
         12.484199
         12.484207
         12.484215
         12.484223
         12.484231
         12.484238
         12.484246
         12.484254
         12.484261
         12.484268
         12.484275
         12.484283
         12.484290
         12.484296
         12.484303
         12.484310
         12.484316
         12.484323
         12.484329
         12.484335
         12.484341
         12.484347
         12.484353
         12.484359
         12.484364
         12.484370
         12.484375
         12.484380
         12.484385
         12.484391
         12.484396
         12.484401
         12.484406
         12.484410
         12.484415
         12.484420
         12.484424
         12.484429
         12.484433
         12.484438
         12.484442
         12.484446
         12.484450
         12.484454
         12.484457
         12.484461
         12.484464
         12.484467
         12.484469
         12.484472
         12.484474
         12.484476
         12.484478
         12.484480
         12.484482
         12.484483
         12.484484
         12.484485
         12.484487
         12.484488
         12.484489
         12.484490
         12.484491
         12.484492
         12.484493
         12.484494
         12.484495
         12.484496
         12.484497
         12.484498
         12.484499
         12.484499
         12.484499
