          0.442313
          0.442296
          0.442283
          0.442272
          0.442261
          0.442252
          0.442244
          0.442237
          0.442230
          0.442225
          0.442220
          0.442215
          0.442211
          0.442208
          0.442205
          0.442202
          0.442200
          0.442198
          0.442196
          0.442195
          0.442193
          0.442192
          0.442191
          0.442189
          0.442189
          0.442188
          0.442187
          0.442186
          0.442186
          0.442185
          0.442185
          0.442184
          0.442184
          0.442183
          0.442183
          0.442182
          0.442182
          0.442182
          0.442182
          0.442181
          0.442181
          0.442181
          0.442181
          0.442181
          0.442181
          0.442181
          0.442181
          0.442181
          0.442181
          0.442180
          0.442180
          0.442180
          0.442179
          0.442179
          0.442179
          0.442178
          0.442178
          0.442178
          0.442178
          0.442178
          0.442177
          0.442177
          0.442177
          0.442177
          0.442177
          0.442177
          0.442177
          0.442177
          0.442177
          0.442177
          0.442177
          0.442177
          0.442177
          0.442177
          0.442177
          0.442177
          0.442176
          0.442176
          0.442176
          0.442176
          0.442176
          0.442176
          0.442176
          0.442176
          0.442176
          0.442176
          0.442176
          0.442176
          0.442176
          0.442176
          0.442176
          0.442176
          0.442176
          0.442176
          0.442176
          0.442176
          0.442176
          0.442176
          0.442176
          0.442176
          0.442176
          0.442176
          0.442176
          0.442176
          0.442176
          0.442176
          0.442176
          0.442176
          0.442176
          0.442176
          0.442176
          0.442176
          0.442176
          0.442176
          0.442176
          0.442176
          0.442176
          0.442176
          0.442176
          0.442176
          0.442176
          0.442176
          0.442176
          0.442176
          0.442176
          0.442176
          0.442176
          0.442176
          0.442176
          0.442176
          0.442176
          0.442176
          0.442176
          0.442176
          0.442176
          0.442176
          0.442176
          0.442176
          0.442176
          0.442176
          0.442176
          0.442176
          0.442176
          0.442176
          0.442176
          0.442176
          0.442176
          0.442176
          0.442176
          0.442176
          0.442176
          0.442176
          0.442176
          0.442176
          0.442176
          0.442176
          0.442176
          0.442176
          0.442176
          0.442176
          0.442176
          0.442176
          0.442176
          0.442176
          0.442176
          0.442176
          0.442176
          0.442176
          0.442176
          0.442176
          0.442176
          0.442176
          0.442176
          0.442176
          0.442176
          0.442176
          0.442176
          0.442176
          0.442176
          0.442176
          0.442176
          0.442176
          0.442176
          0.442176
          0.442176
          0.442176
          0.442176
          0.442176
          0.442176
          0.442176
          0.442176
          0.442176
          0.442176
          0.442176
          0.442176
          0.442176
          0.442176
          0.442176
          0.442176
          0.442176
          0.442176
          0.442176
          0.442176
          0.442176
          0.442176
          0.442176
          0.442176
          0.442176
          0.442176
          0.442176
          0.442176
          0.442176
          0.442176
          0.442176
          0.442176
          0.442176
          0.442176
          0.442176
          0.442176
          0.442176
          0.442176
          0.442176
          0.442176
          0.442176
          0.442176
          0.442175
          0.442175
          0.442175
          0.442175
          0.442175
          0.442175
          0.442175
          0.442175
          0.442175
          0.442175
          0.442175
          0.442175
          0.442175
          0.442175
          0.442175
          0.442175
          0.442175
          0.442175
          0.442176
          0.442176
          0.442176
          0.442176
          0.442176
          0.442176
          0.442176
          0.442176
          0.442176
