          0.684661
          0.684152
          0.683861
          0.683627
          0.683430
          0.683257
          0.683105
          0.682969
          0.682847
          0.682738
          0.682640
          0.682553
          0.682475
          0.682405
          0.682342
          0.682285
          0.682234
          0.682188
          0.682146
          0.682108
          0.682074
          0.682043
          0.682015
          0.681990
          0.681968
          0.681947
          0.681929
          0.681912
          0.681897
          0.681884
          0.681872
          0.681862
          0.681852
          0.681843
          0.681835
          0.681829
          0.681825
          0.681821
          0.681818
          0.681816
          0.681815
          0.681813
          0.681810
          0.681809
          0.681810
          0.681810
          0.681809
          0.681808
          0.681808
          0.681806
          0.681800
          0.681800
          0.681801
          0.681801
          0.681802
          0.681803
          0.681803
          0.681804
          0.681804
          0.681804
          0.681805
          0.681805
          0.681806
          0.681806
          0.681806
          0.681807
          0.681807
          0.681807
          0.681808
          0.681808
          0.681809
          0.681809
          0.681810
          0.681810
          0.681810
          0.681811
          0.681811
          0.681811
          0.681811
          0.681812
          0.681812
          0.681812
          0.681812
          0.681812
          0.681813
          0.681813
          0.681813
          0.681813
          0.681813
          0.681813
          0.681813
          0.681814
          0.681814
          0.681814
          0.681814
          0.681814
          0.681815
          0.681815
          0.681815
          0.681815
          0.681816
          0.681816
          0.681816
          0.681816
          0.681816
          0.681816
          0.681817
          0.681817
          0.681817
          0.681817
          0.681817
          0.681817
          0.681817
          0.681817
          0.681818
          0.681818
          0.681818
          0.681818
          0.681818
          0.681818
          0.681818
          0.681818
          0.681819
          0.681819
          0.681819
          0.681819
          0.681819
          0.681819
          0.681819
          0.681820
          0.681820
          0.681820
          0.681820
          0.681820
          0.681820
          0.681820
          0.681820
          0.681821
          0.681821
          0.681821
          0.681821
          0.681821
          0.681821
          0.681821
          0.681821
          0.681821
          0.681821
          0.681821
          0.681822
          0.681822
          0.681822
          0.681822
          0.681822
          0.681822
          0.681822
          0.681822
          0.681822
          0.681822
          0.681823
          0.681823
          0.681823
          0.681823
          0.681823
          0.681823
          0.681823
          0.681823
          0.681823
          0.681823
          0.681823
          0.681823
          0.681823
          0.681823
          0.681824
          0.681824
          0.681824
          0.681824
          0.681824
          0.681824
          0.681824
          0.681824
          0.681824
          0.681824
          0.681824
          0.681824
          0.681824
          0.681825
          0.681825
          0.681825
          0.681825
          0.681825
          0.681825
          0.681825
          0.681825
          0.681825
          0.681825
          0.681825
          0.681825
          0.681825
          0.681825
          0.681825
          0.681825
          0.681825
          0.681825
          0.681825
          0.681825
          0.681825
          0.681825
          0.681825
          0.681825
          0.681826
          0.681826
          0.681826
          0.681826
          0.681826
          0.681826
          0.681826
          0.681826
          0.681827
          0.681827
          0.681827
          0.681826
          0.681826
          0.681826
          0.681826
          0.681826
          0.681826
          0.681825
          0.681825
          0.681825
          0.681825
          0.681824
          0.681824
          0.681824
          0.681824
          0.681824
          0.681824
          0.681824
          0.681825
          0.681825
          0.681826
          0.681826
          0.681827
          0.681827
          0.681828
          0.681828
          0.681829
          0.681829
          0.681830
          0.681830
          0.681830
          0.681830
          0.681829
