          0.999357
          0.999430
          0.999492
          0.999549
          0.999600
          0.999646
          0.999688
          0.999726
          0.999760
          0.999790
          0.999818
          0.999843
          0.999865
          0.999885
          0.999903
          0.999919
          0.999934
          0.999947
          0.999959
          0.999970
          0.999979
          0.999988
          0.999995
          1.000002
          1.000008
          1.000013
          1.000018
          1.000022
          1.000026
          1.000029
          1.000032
          1.000034
          1.000036
          1.000038
          1.000040
          1.000041
          1.000043
          1.000044
          1.000045
          1.000045
          1.000046
          1.000047
          1.000047
          1.000047
          1.000048
          1.000048
          1.000048
          1.000048
          1.000047
          1.000047
          1.000047
          1.000046
          1.000046
          1.000045
          1.000045
          1.000044
          1.000044
          1.000043
          1.000043
          1.000042
          1.000042
          1.000041
          1.000041
          1.000040
          1.000040
          1.000039
          1.000039
          1.000038
          1.000038
          1.000037
          1.000037
          1.000037
          1.000036
          1.000036
          1.000035
          1.000035
          1.000035
          1.000034
          1.000034
          1.000034
          1.000033
          1.000033
          1.000032
          1.000032
          1.000032
          1.000031
          1.000031
          1.000031
          1.000030
          1.000030
          1.000030
          1.000029
          1.000029
          1.000029
          1.000028
          1.000028
          1.000028
          1.000027
          1.000027
          1.000027
          1.000026
          1.000026
          1.000026
          1.000025
          1.000025
          1.000025
          1.000025
          1.000024
          1.000024
          1.000024
          1.000024
          1.000023
          1.000023
          1.000023
          1.000022
          1.000022
          1.000022
          1.000022
          1.000021
          1.000021
          1.000021
          1.000021
          1.000020
          1.000020
          1.000020
          1.000020
          1.000020
          1.000019
          1.000019
          1.000019
          1.000019
          1.000018
          1.000018
          1.000018
          1.000018
          1.000018
          1.000017
          1.000017
          1.000017
          1.000017
          1.000017
          1.000016
          1.000016
          1.000016
          1.000016
          1.000016
          1.000015
          1.000015
          1.000015
          1.000015
          1.000015
          1.000015
          1.000014
          1.000014
          1.000014
          1.000014
          1.000014
          1.000013
          1.000013
          1.000013
          1.000013
          1.000013
          1.000013
          1.000013
          1.000012
          1.000012
          1.000012
          1.000012
          1.000012
          1.000012
          1.000011
          1.000011
          1.000011
          1.000011
          1.000011
          1.000011
          1.000011
          1.000010
          1.000010
          1.000010
          1.000010
          1.000010
          1.000010
          1.000010
          1.000009
          1.000009
          1.000009
          1.000009
          1.000009
          1.000009
          1.000009
          1.000009
          1.000008
          1.000008
          1.000008
          1.000008
          1.000008
          1.000008
          1.000008
          1.000007
          1.000007
          1.000007
          1.000007
          1.000007
          1.000007
          1.000007
          1.000006
          1.000006
          1.000006
          1.000006
          1.000006
          1.000006
          1.000006
          1.000006
          1.000006
          1.000006
          1.000006
          1.000005
          1.000005
          1.000005
          1.000005
          1.000005
          1.000005
          1.000004
          1.000004
          1.000004
          1.000004
          1.000003
          1.000003
          1.000003
          1.000003
          1.000002
          1.000002
          1.000002
          1.000002
          1.000002
          1.000001
          1.000001
          1.000001
          1.000001
          1.000001
          1.000001
          1.000001
          1.000001
          1.000001
          1.000001
          1.000001
          1.000001
          1.000001
          1.000001
          1.000000
          1.000000
