          0.261173
          0.262575
          0.262433
          0.262309
          0.262192
          0.262085
          0.261987
          0.261898
          0.261818
          0.261746
          0.261682
          0.261623
          0.261571
          0.261523
          0.261481
          0.261442
          0.261407
          0.261376
          0.261348
          0.261323
          0.261300
          0.261279
          0.261261
          0.261244
          0.261229
          0.261216
          0.261204
          0.261193
          0.261183
          0.261174
          0.261166
          0.261159
          0.261152
          0.261146
          0.261141
          0.261136
          0.261132
          0.261128
          0.261125
          0.261122
          0.261119
          0.261116
          0.261114
          0.261112
          0.261110
          0.261108
          0.261107
          0.261106
          0.261105
          0.261103
          0.261101
          0.261099
          0.261099
          0.261099
          0.261098
          0.261098
          0.261097
          0.261097
          0.261096
          0.261096
          0.261095
          0.261095
          0.261095
          0.261094
          0.261094
          0.261094
          0.261094
          0.261094
          0.261093
          0.261093
          0.261093
          0.261093
          0.261093
          0.261093
          0.261093
          0.261092
          0.261092
          0.261092
          0.261092
          0.261092
          0.261092
          0.261092
          0.261092
          0.261092
          0.261092
          0.261092
          0.261091
          0.261091
          0.261091
          0.261091
          0.261091
          0.261091
          0.261091
          0.261091
          0.261091
          0.261091
          0.261091
          0.261091
          0.261091
          0.261091
          0.261091
          0.261091
          0.261091
          0.261091
          0.261091
          0.261091
          0.261091
          0.261091
          0.261091
          0.261091
          0.261090
          0.261090
          0.261090
          0.261090
          0.261090
          0.261090
          0.261090
          0.261090
          0.261090
          0.261090
          0.261090
          0.261090
          0.261090
          0.261090
          0.261090
          0.261090
          0.261090
          0.261090
          0.261090
          0.261090
          0.261090
          0.261090
          0.261090
          0.261090
          0.261090
          0.261090
          0.261090
          0.261090
          0.261090
          0.261090
          0.261090
          0.261090
          0.261090
          0.261090
          0.261090
          0.261090
          0.261090
          0.261090
          0.261090
          0.261090
          0.261090
          0.261090
          0.261090
          0.261089
          0.261089
          0.261089
          0.261089
          0.261089
          0.261089
          0.261089
          0.261089
          0.261089
          0.261089
          0.261089
          0.261089
          0.261089
          0.261089
          0.261089
          0.261089
          0.261089
          0.261089
          0.261089
          0.261089
          0.261089
          0.261089
          0.261089
          0.261089
          0.261089
          0.261089
          0.261089
          0.261089
          0.261089
          0.261089
          0.261089
          0.261089
          0.261089
          0.261089
          0.261089
          0.261089
          0.261089
          0.261089
          0.261089
          0.261089
          0.261089
          0.261089
          0.261089
          0.261089
          0.261089
          0.261089
          0.261089
          0.261089
          0.261089
          0.261089
          0.261089
          0.261089
          0.261089
          0.261089
          0.261089
          0.261089
          0.261089
          0.261089
          0.261089
          0.261089
          0.261089
          0.261089
          0.261089
          0.261089
          0.261089
          0.261089
          0.261089
          0.261089
          0.261089
          0.261089
          0.261089
          0.261089
          0.261088
          0.261088
          0.261088
          0.261088
          0.261088
          0.261088
          0.261088
          0.261088
          0.261089
          0.261089
          0.261089
          0.261089
          0.261089
          0.261089
          0.261089
          0.261089
          0.261089
          0.261089
          0.261089
          0.261089
          0.261089
          0.261089
          0.261089
          0.261089
          0.261089
          0.261089
          0.261088
