          0.040965
          0.042446
          0.042383
          0.042339
          0.042299
          0.042262
          0.042229
          0.042199
          0.042171
          0.042147
          0.042125
          0.042105
          0.042087
          0.042071
          0.042056
          0.042043
          0.042031
          0.042020
          0.042010
          0.042001
          0.041993
          0.041986
          0.041979
          0.041973
          0.041967
          0.041962
          0.041958
          0.041954
          0.041950
          0.041947
          0.041944
          0.041941
          0.041938
          0.041936
          0.041934
          0.041932
          0.041930
          0.041929
          0.041928
          0.041927
          0.041926
          0.041925
          0.041924
          0.041923
          0.041922
          0.041922
          0.041921
          0.041920
          0.041920
          0.041919
          0.041918
          0.041915
          0.041915
          0.041915
          0.041915
          0.041915
          0.041915
          0.041914
          0.041914
          0.041914
          0.041914
          0.041914
          0.041914
          0.041913
          0.041913
          0.041913
          0.041913
          0.041913
          0.041913
          0.041913
          0.041913
          0.041913
          0.041913
          0.041913
          0.041913
          0.041913
          0.041913
          0.041912
          0.041912
          0.041912
          0.041912
          0.041912
          0.041912
          0.041912
          0.041912
          0.041912
          0.041911
          0.041911
          0.041911
          0.041911
          0.041911
          0.041911
          0.041911
          0.041911
          0.041911
          0.041911
          0.041911
          0.041911
          0.041911
          0.041911
          0.041910
          0.041910
          0.041910
          0.041910
          0.041910
          0.041910
          0.041910
          0.041910
          0.041910
          0.041910
          0.041910
          0.041910
          0.041910
          0.041910
          0.041910
          0.041909
          0.041909
          0.041909
          0.041909
          0.041909
          0.041909
          0.041909
          0.041909
          0.041909
          0.041909
          0.041909
          0.041909
          0.041909
          0.041909
          0.041909
          0.041909
          0.041909
          0.041909
          0.041909
          0.041909
          0.041909
          0.041908
          0.041908
          0.041908
          0.041908
          0.041908
          0.041908
          0.041908
          0.041908
          0.041908
          0.041908
          0.041908
          0.041908
          0.041908
          0.041908
          0.041908
          0.041908
          0.041908
          0.041908
          0.041908
          0.041908
          0.041908
          0.041908
          0.041908
          0.041908
          0.041908
          0.041908
          0.041908
          0.041907
          0.041907
          0.041907
          0.041907
          0.041907
          0.041907
          0.041907
          0.041907
          0.041907
          0.041907
          0.041907
          0.041907
          0.041907
          0.041907
          0.041907
          0.041907
          0.041907
          0.041907
          0.041907
          0.041907
          0.041907
          0.041907
          0.041907
          0.041907
          0.041907
          0.041907
          0.041907
          0.041907
          0.041907
          0.041907
          0.041907
          0.041907
          0.041907
          0.041907
          0.041907
          0.041906
          0.041906
          0.041906
          0.041906
          0.041906
          0.041906
          0.041906
          0.041906
          0.041906
          0.041906
          0.041907
          0.041907
          0.041907
          0.041907
          0.041907
          0.041907
          0.041907
          0.041907
          0.041907
          0.041907
          0.041906
          0.041906
          0.041906
          0.041906
          0.041906
          0.041906
          0.041906
          0.041906
          0.041906
          0.041906
          0.041905
          0.041905
          0.041905
          0.041905
          0.041905
          0.041905
          0.041906
          0.041906
          0.041906
          0.041906
          0.041906
          0.041907
          0.041907
          0.041907
          0.041907
          0.041907
          0.041907
          0.041908
          0.041908
          0.041907
          0.041907
          0.041907
          0.041907
          0.041906
