          0.220208
          0.220129
          0.220050
          0.219970
          0.219893
          0.219823
          0.219758
          0.219700
          0.219647
          0.219600
          0.219557
          0.219518
          0.219484
          0.219453
          0.219424
          0.219399
          0.219377
          0.219356
          0.219338
          0.219322
          0.219307
          0.219294
          0.219282
          0.219271
          0.219262
          0.219254
          0.219246
          0.219239
          0.219233
          0.219228
          0.219223
          0.219218
          0.219214
          0.219210
          0.219207
          0.219204
          0.219202
          0.219199
          0.219197
          0.219195
          0.219193
          0.219191
          0.219190
          0.219189
          0.219188
          0.219186
          0.219186
          0.219185
          0.219185
          0.219185
          0.219184
          0.219184
          0.219184
          0.219184
          0.219183
          0.219183
          0.219182
          0.219182
          0.219182
          0.219182
          0.219181
          0.219181
          0.219181
          0.219181
          0.219181
          0.219181
          0.219180
          0.219180
          0.219180
          0.219180
          0.219180
          0.219180
          0.219180
          0.219180
          0.219180
          0.219180
          0.219180
          0.219180
          0.219180
          0.219180
          0.219180
          0.219180
          0.219180
          0.219180
          0.219180
          0.219180
          0.219180
          0.219180
          0.219180
          0.219180
          0.219180
          0.219180
          0.219180
          0.219180
          0.219180
          0.219180
          0.219180
          0.219180
          0.219180
          0.219180
          0.219180
          0.219180
          0.219180
          0.219180
          0.219180
          0.219180
          0.219181
          0.219181
          0.219181
          0.219181
          0.219181
          0.219181
          0.219181
          0.219181
          0.219181
          0.219181
          0.219181
          0.219181
          0.219181
          0.219181
          0.219181
          0.219181
          0.219181
          0.219181
          0.219181
          0.219181
          0.219181
          0.219181
          0.219181
          0.219181
          0.219181
          0.219181
          0.219181
          0.219181
          0.219181
          0.219181
          0.219181
          0.219181
          0.219181
          0.219181
          0.219181
          0.219181
          0.219181
          0.219182
          0.219182
          0.219182
          0.219182
          0.219182
          0.219182
          0.219182
          0.219182
          0.219182
          0.219182
          0.219182
          0.219182
          0.219182
          0.219182
          0.219182
          0.219182
          0.219182
          0.219182
          0.219182
          0.219182
          0.219182
          0.219182
          0.219182
          0.219182
          0.219182
          0.219182
          0.219182
          0.219182
          0.219182
          0.219182
          0.219182
          0.219182
          0.219182
          0.219182
          0.219182
          0.219182
          0.219182
          0.219182
          0.219182
          0.219182
          0.219182
          0.219182
          0.219182
          0.219182
          0.219182
          0.219182
          0.219182
          0.219182
          0.219182
          0.219182
          0.219182
          0.219182
          0.219182
          0.219182
          0.219182
          0.219182
          0.219182
          0.219182
          0.219182
          0.219182
          0.219182
          0.219182
          0.219182
          0.219182
          0.219182
          0.219182
          0.219182
          0.219182
          0.219182
          0.219182
          0.219182
          0.219182
          0.219182
          0.219182
          0.219182
          0.219182
          0.219182
          0.219182
          0.219182
          0.219183
          0.219183
          0.219183
          0.219183
          0.219183
          0.219183
          0.219183
          0.219183
          0.219183
          0.219183
          0.219183
          0.219183
          0.219183
          0.219183
          0.219183
          0.219183
          0.219183
          0.219182
          0.219182
          0.219182
          0.219182
          0.219182
          0.219182
          0.219182
          0.219182
          0.219182
          0.219182
          0.219182
          0.219182
          0.219182
