          0.008681
          0.008676
          0.008673
          0.008670
          0.008668
          0.008665
          0.008663
          0.008661
          0.008660
          0.008658
          0.008657
          0.008656
          0.008654
          0.008653
          0.008652
          0.008652
          0.008651
          0.008650
          0.008650
          0.008649
          0.008648
          0.008648
          0.008648
          0.008647
          0.008647
          0.008646
          0.008646
          0.008646
          0.008645
          0.008645
          0.008645
          0.008645
          0.008645
          0.008644
          0.008644
          0.008644
          0.008644
          0.008644
          0.008644
          0.008643
          0.008643
          0.008643
          0.008643
          0.008643
          0.008643
          0.008643
          0.008643
          0.008643
          0.008643
          0.008643
          0.008642
          0.008642
          0.008642
          0.008642
          0.008642
          0.008642
          0.008642
          0.008642
          0.008642
          0.008642
          0.008642
          0.008642
          0.008641
          0.008641
          0.008641
          0.008641
          0.008641
          0.008641
          0.008641
          0.008641
          0.008641
          0.008641
          0.008641
          0.008641
          0.008641
          0.008641
          0.008641
          0.008641
          0.008641
          0.008641
          0.008641
          0.008641
          0.008641
          0.008641
          0.008641
          0.008640
          0.008640
          0.008640
          0.008640
          0.008640
          0.008640
          0.008640
          0.008640
          0.008640
          0.008640
          0.008640
          0.008640
          0.008640
          0.008640
          0.008640
          0.008640
          0.008640
          0.008640
          0.008640
          0.008640
          0.008640
          0.008640
          0.008640
          0.008640
          0.008640
          0.008640
          0.008640
          0.008640
          0.008640
          0.008640
          0.008640
          0.008640
          0.008639
          0.008639
          0.008639
          0.008639
          0.008639
          0.008639
          0.008639
          0.008639
          0.008639
          0.008639
          0.008639
          0.008639
          0.008639
          0.008639
          0.008639
          0.008639
          0.008639
          0.008639
          0.008639
          0.008639
          0.008639
          0.008639
          0.008639
          0.008639
          0.008639
          0.008639
          0.008639
          0.008639
          0.008639
          0.008639
          0.008639
          0.008639
          0.008639
          0.008639
          0.008639
          0.008639
          0.008639
          0.008639
          0.008639
          0.008639
          0.008639
          0.008639
          0.008639
          0.008639
          0.008639
          0.008639
          0.008639
          0.008639
          0.008639
          0.008639
          0.008639
          0.008639
          0.008639
          0.008638
          0.008638
          0.008638
          0.008638
          0.008638
          0.008638
          0.008638
          0.008638
          0.008638
          0.008638
          0.008638
          0.008638
          0.008638
          0.008638
          0.008638
          0.008638
          0.008638
          0.008638
          0.008638
          0.008638
          0.008638
          0.008638
          0.008638
          0.008638
          0.008638
          0.008638
          0.008638
          0.008638
          0.008638
          0.008638
          0.008638
          0.008638
          0.008638
          0.008638
          0.008638
          0.008638
          0.008638
          0.008638
          0.008638
          0.008638
          0.008638
          0.008638
          0.008638
          0.008638
          0.008638
          0.008638
          0.008638
          0.008638
          0.008638
          0.008638
          0.008638
          0.008638
          0.008638
          0.008638
          0.008638
          0.008638
          0.008638
          0.008638
          0.008638
          0.008638
          0.008638
          0.008638
          0.008638
          0.008638
          0.008638
          0.008638
          0.008638
          0.008638
          0.008638
          0.008638
          0.008638
          0.008638
          0.008638
          0.008638
          0.008638
          0.008638
          0.008638
          0.008638
          0.008638
          0.008638
          0.008638
          0.008638
