          1.762453
          1.762233
          1.762142
          1.762055
          1.761974
          1.761899
          1.761831
          1.761769
          1.761714
          1.761664
          1.761620
          1.761581
          1.761546
          1.761515
          1.761487
          1.761462
          1.761439
          1.761419
          1.761401
          1.761385
          1.761370
          1.761357
          1.761345
          1.761335
          1.761326
          1.761318
          1.761311
          1.761305
          1.761300
          1.761295
          1.761291
          1.761287
          1.761283
          1.761280
          1.761277
          1.761275
          1.761274
          1.761273
          1.761273
          1.761274
          1.761276
          1.761277
          1.761277
          1.761278
          1.761283
          1.761286
          1.761288
          1.761290
          1.761292
          1.761292
          1.761274
          1.761279
          1.761282
          1.761285
          1.761287
          1.761289
          1.761290
          1.761292
          1.761294
          1.761295
          1.761297
          1.761298
          1.761300
          1.761301
          1.761303
          1.761304
          1.761306
          1.761307
          1.761309
          1.761310
          1.761312
          1.761314
          1.761315
          1.761317
          1.761318
          1.761320
          1.761321
          1.761322
          1.761324
          1.761325
          1.761326
          1.761328
          1.761329
          1.761330
          1.761331
          1.761332
          1.761333
          1.761334
          1.761335
          1.761336
          1.761337
          1.761338
          1.761339
          1.761341
          1.761342
          1.761343
          1.761344
          1.761345
          1.761346
          1.761347
          1.761348
          1.761349
          1.761350
          1.761351
          1.761352
          1.761353
          1.761354
          1.761355
          1.761356
          1.761357
          1.761358
          1.761359
          1.761359
          1.761360
          1.761361
          1.761362
          1.761363
          1.761363
          1.761364
          1.761365
          1.761366
          1.761366
          1.761367
          1.761368
          1.761369
          1.761370
          1.761370
          1.761371
          1.761372
          1.761373
          1.761373
          1.761374
          1.761375
          1.761375
          1.761376
          1.761377
          1.761377
          1.761378
          1.761379
          1.761379
          1.761380
          1.761381
          1.761381
          1.761382
          1.761382
          1.761383
          1.761383
          1.761384
          1.761385
          1.761385
          1.761386
          1.761386
          1.761387
          1.761387
          1.761388
          1.761388
          1.761389
          1.761390
          1.761390
          1.761391
          1.761391
          1.761392
          1.761392
          1.761392
          1.761393
          1.761393
          1.761394
          1.761394
          1.761395
          1.761395
          1.761395
          1.761396
          1.761396
          1.761397
          1.761397
          1.761397
          1.761398
          1.761398
          1.761399
          1.761399
          1.761400
          1.761400
          1.761400
          1.761401
          1.761401
          1.761402
          1.761402
          1.761402
          1.761403
          1.761403
          1.761403
          1.761404
          1.761404
          1.761404
          1.761405
          1.761405
          1.761405
          1.761405
          1.761405
          1.761405
          1.761406
          1.761406
          1.761406
          1.761406
          1.761406
          1.761407
          1.761407
          1.761407
          1.761408
          1.761408
          1.761409
          1.761409
          1.761409
          1.761410
          1.761410
          1.761411
          1.761411
          1.761412
          1.761412
          1.761412
          1.761413
          1.761413
          1.761413
          1.761413
          1.761413
          1.761412
          1.761412
          1.761412
          1.761411
          1.761411
          1.761410
          1.761410
          1.761409
          1.761409
          1.761409
          1.761408
          1.761409
          1.761409
          1.761409
          1.761410
          1.761411
          1.761412
          1.761414
          1.761415
          1.761417
          1.761418
          1.761420
          1.761421
          1.761423
          1.761424
          1.761424
          1.761424
