          0.008681
          0.008676
          0.008673
          0.008670
          0.008668
          0.008665
          0.008663
          0.008661
          0.008660
          0.008658
          0.008657
          0.008656
          0.008654
          0.008653
          0.008652
          0.008652
          0.008651
          0.008650
          0.008650
          0.008649
          0.008648
          0.008648
          0.008648
          0.008647
          0.008647
          0.008646
          0.008646
          0.008646
          0.008645
          0.008645
          0.008645
          0.008645
          0.008645
          0.008644
          0.008644
          0.008644
          0.008644
          0.008644
          0.008644
          0.008643
          0.008643
          0.008643
          0.008643
          0.008643
          0.008643
          0.008643
          0.008643
          0.008643
          0.008643
          0.008643
          0.008642
          0.008642
          0.008642
          0.008642
          0.008642
          0.008642
          0.008642
          0.008642
          0.008642
          0.008642
          0.008642
          0.008642
          0.008641
          0.008641
          0.008641
          0.008641
          0.008641
          0.008641
          0.008641
          0.008641
          0.008641
          0.008641
          0.008641
          0.008641
          0.008641
          0.008641
          0.008641
          0.008641
          0.008641
          0.008641
          0.008641
          0.008641
          0.008641
          0.008641
          0.008641
          0.008640
          0.008640
          0.008640
          0.008640
          0.008640
          0.008640
          0.008640
          0.008640
          0.008640
          0.008640
          0.008640
          0.008640
          0.008640
          0.008640
          0.008640
          0.008640
          0.008640
          0.008640
          0.008640
          0.008640
          0.008640
          0.008640
          0.008640
          0.008640
          0.008640
          0.008640
          0.008640
          0.008640
          0.008640
          0.008640
          0.008640
          0.008640
          0.008639
          0.008639
          0.008639
          0.008639
          0.008639
          0.008639
          0.008639
          0.008639
          0.008639
          0.008639
          0.008639
          0.008639
          0.008639
          0.008639
          0.008639
          0.008639
          0.008639
          0.008639
          0.008639
          0.008639
          0.008639
          0.008639
          0.008639
          0.008639
          0.008639
          0.008639
          0.008639
          0.008639
          0.008639
          0.008639
          0.008639
          0.008639
          0.008639
          0.008639
          0.008639
          0.008639
          0.008639
          0.008639
          0.008639
          0.008639
          0.008639
          0.008639
          0.008639
          0.008639
          0.008639
          0.008639
          0.008639
          0.008639
          0.008639
          0.008639
          0.008639
          0.008639
          0.008639
          0.008638
          0.008638
          0.008638
          0.008638
          0.008638
          0.008638
          0.008638
          0.008638
          0.008638
          0.008638
          0.008638
          0.008638
          0.008638
          0.008638
          0.008638
          0.008638
          0.008638
          0.008638
          0.008638
          0.008638
          0.008638
          0.008638
          0.008638
          0.008638
          0.008638
          0.008638
          0.008638
          0.008638
          0.008638
          0.008638
          0.008638
          0.008638
          0.008638
          0.008638
          0.008638
          0.008638
          0.008638
          0.008638
          0.008638
          0.008638
          0.008638
          0.008638
          0.008638
          0.008638
          0.008638
          0.008638
          0.008638
          0.008638
          0.008638
          0.008638
          0.008638
          0.008638
          0.008638
          0.008638
          0.008638
          0.008638
          0.008638
          0.008638
          0.008638
          0.008638
          0.008638
          0.008638
          0.008638
          0.008638
          0.008638
          0.008638
          0.008638
          0.008638
          0.008638
          0.008638
          0.008638
          0.008638
          0.008638
          0.008638
          0.008638
          0.008638
          0.008638
          0.008638
          0.008638
          0.008638
          0.008638
          0.008638
          1.000192
          1.000173
          1.000158
          1.000143
          1.000131
          1.000119
          1.000108
          1.000099
          1.000090
          1.000082
          1.000076
          1.000069
          1.000064
          1.000058
          1.000054
          1.000049
          1.000046
          1.000042
          1.000039
          1.000036
          1.000033
          1.000031
          1.000029
          1.000027
          1.000025
          1.000023
          1.000022
          1.000020
          1.000019
          1.000018
          1.000017
          1.000016
          1.000015
          1.000014
          1.000014
          1.000013
          1.000013
          1.000012
          1.000012
          1.000011
          1.000011
          1.000011
          1.000010
          1.000010
          1.000010
          1.000009
          1.000009
          1.000008
          1.000008
          1.000008
          1.000007
          1.000007
          1.000007
          1.000007
          1.000007
          1.000007
          1.000007
          1.000006
          1.000006
          1.000006
          1.000006
          1.000006
          1.000006
          1.000006
          1.000006
          1.000006
          1.000006
          1.000006
          1.000006
          1.000006
          1.000006
          1.000006
          1.000005
          1.000005
          1.000005
          1.000005
          1.000005
          1.000005
          1.000005
          1.000005
          1.000005
          1.000005
          1.000005
          1.000005
          1.000005
          1.000005
          1.000004
          1.000004
          1.000004
          1.000004
          1.000004
          1.000004
          1.000004
          1.000004
          1.000004
          1.000004
          1.000004
          1.000004
          1.000004
          1.000004
          1.000004
          1.000004
          1.000004
          1.000004
          1.000004
          1.000004
          1.000004
          1.000003
          1.000003
          1.000003
          1.000003
          1.000003
          1.000003
          1.000003
          1.000003
          1.000003
          1.000003
          1.000003
          1.000003
          1.000003
          1.000003
          1.000003
          1.000003
          1.000003
          1.000003
          1.000003
          1.000003
          1.000003
          1.000003
          1.000003
          1.000003
          1.000003
          1.000003
          1.000002
          1.000002
          1.000002
          1.000002
          1.000002
          1.000002
          1.000002
          1.000002
          1.000002
          1.000002
          1.000002
          1.000002
          1.000002
          1.000002
          1.000002
          1.000002
          1.000002
          1.000002
          1.000002
          1.000002
          1.000002
          1.000002
          1.000002
          1.000002
          1.000002
          1.000002
          1.000002
          1.000002
          1.000002
          1.000002
          1.000002
          1.000002
          1.000002
          1.000002
          1.000002
          1.000002
          1.000002
          1.000002
          1.000002
          1.000001
          1.000001
          1.000001
          1.000001
          1.000001
          1.000001
          1.000001
          1.000001
          1.000001
          1.000001
          1.000001
          1.000001
          1.000001
          1.000001
          1.000001
          1.000001
          1.000001
          1.000001
          1.000001
          1.000001
          1.000001
          1.000001
          1.000001
          1.000001
          1.000001
          1.000001
          1.000001
          1.000001
          1.000001
          1.000001
          1.000001
          1.000001
          1.000001
          1.000001
          1.000001
          1.000001
          1.000001
          1.000001
          1.000001
          1.000001
          1.000001
          1.000001
          1.000001
          1.000001
          1.000001
          1.000001
          1.000001
          1.000001
          1.000001
          1.000001
          1.000001
          1.000001
          1.000001
          1.000001
          1.000001
          1.000001
          1.000001
          1.000001
          1.000001
          1.000001
          1.000001
          1.000001
          1.000001
          1.000001
          1.000001
          1.000001
          1.000001
          1.000001
          1.000001
          1.000001
          1.000001
          1.000001
          1.000001
          1.000001
          1.000001
          1.000001
          1.000001
          1.000001
          1.000000
          1.000000
          1.510674
          1.510485
          1.510408
          1.510333
          1.510264
          1.510200
          1.510141
          1.510088
          1.510041
          1.509998
          1.509960
          1.509927
          1.509897
          1.509870
          1.509846
          1.509825
          1.509805
          1.509788
          1.509773
          1.509758
          1.509746
          1.509735
          1.509725
          1.509716
          1.509708
          1.509701
          1.509696
          1.509690
          1.509686
          1.509682
          1.509678
          1.509675
          1.509672
          1.509669
          1.509667
          1.509665
          1.509663
          1.509663
          1.509663
          1.509664
          1.509665
          1.509666
          1.509666
          1.509667
          1.509671
          1.509674
          1.509676
          1.509678
          1.509679
          1.509679
          1.509664
          1.509668
          1.509671
          1.509673
          1.509675
          1.509676
          1.509678
          1.509679
          1.509681
          1.509682
          1.509683
          1.509685
          1.509686
          1.509687
          1.509688
          1.509690
          1.509691
          1.509692
          1.509694
          1.509695
          1.509696
          1.509698
          1.509699
          1.509700
          1.509702
          1.509703
          1.509704
          1.509705
          1.509706
          1.509708
          1.509709
          1.509710
          1.509711
          1.509712
          1.509713
          1.509714
          1.509714
          1.509715
          1.509716
          1.509717
          1.509718
          1.509719
          1.509720
          1.509721
          1.509722
          1.509723
          1.509724
          1.509724
          1.509725
          1.509726
          1.509727
          1.509728
          1.509729
          1.509730
          1.509731
          1.509732
          1.509732
          1.509733
          1.509734
          1.509735
          1.509735
          1.509736
          1.509737
          1.509738
          1.509738
          1.509739
          1.509740
          1.509740
          1.509741
          1.509742
          1.509742
          1.509743
          1.509744
          1.509744
          1.509745
          1.509746
          1.509746
          1.509747
          1.509748
          1.509748
          1.509749
          1.509749
          1.509750
          1.509751
          1.509751
          1.509752
          1.509752
          1.509753
          1.509753
          1.509754
          1.509754
          1.509755
          1.509755
          1.509756
          1.509756
          1.509757
          1.509757
          1.509758
          1.509758
          1.509759
          1.509759
          1.509760
          1.509760
          1.509761
          1.509761
          1.509762
          1.509762
          1.509763
          1.509763
          1.509763
          1.509764
          1.509764
          1.509765
          1.509765
          1.509766
          1.509766
          1.509766
          1.509767
          1.509767
          1.509767
          1.509768
          1.509768
          1.509768
          1.509769
          1.509769
          1.509769
          1.509770
          1.509770
          1.509770
          1.509771
          1.509771
          1.509772
          1.509772
          1.509772
          1.509773
          1.509773
          1.509773
          1.509774
          1.509774
          1.509774
          1.509774
          1.509775
          1.509775
          1.509775
          1.509775
          1.509776
          1.509776
          1.509776
          1.509776
          1.509776
          1.509776
          1.509777
          1.509777
          1.509777
          1.509777
          1.509777
          1.509778
          1.509778
          1.509778
          1.509778
          1.509779
          1.509779
          1.509780
          1.509780
          1.509780
          1.509781
          1.509781
          1.509782
          1.509782
          1.509782
          1.509782
          1.509782
          1.509782
          1.509782
          1.509782
          1.509782
          1.509782
          1.509781
          1.509781
          1.509781
          1.509780
          1.509780
          1.509779
          1.509779
          1.509779
          1.509779
          1.509779
          1.509779
          1.509780
          1.509780
          1.509781
          1.509782
          1.509783
          1.509785
          1.509786
          1.509787
          1.509789
          1.509790
          1.509791
          1.509792
          1.509792
          1.509792
          0.684661
          0.684152
          0.683861
          0.683627
          0.683430
          0.683257
          0.683105
          0.682969
          0.682847
          0.682738
          0.682640
          0.682553
          0.682475
          0.682405
          0.682342
          0.682285
          0.682234
          0.682188
          0.682146
          0.682108
          0.682074
          0.682043
          0.682015
          0.681990
          0.681968
          0.681947
          0.681929
          0.681912
          0.681897
          0.681884
          0.681872
          0.681862
          0.681852
          0.681843
          0.681835
          0.681829
          0.681825
          0.681821
          0.681818
          0.681816
          0.681815
          0.681813
          0.681810
          0.681809
          0.681810
          0.681810
          0.681809
          0.681808
          0.681808
          0.681806
          0.681800
          0.681800
          0.681801
          0.681801
          0.681802
          0.681803
          0.681803
          0.681804
          0.681804
          0.681804
          0.681805
          0.681805
          0.681806
          0.681806
          0.681806
          0.681807
          0.681807
          0.681807
          0.681808
          0.681808
          0.681809
          0.681809
          0.681810
          0.681810
          0.681810
          0.681811
          0.681811
          0.681811
          0.681811
          0.681812
          0.681812
          0.681812
          0.681812
          0.681812
          0.681813
          0.681813
          0.681813
          0.681813
          0.681813
          0.681813
          0.681813
          0.681814
          0.681814
          0.681814
          0.681814
          0.681814
          0.681815
          0.681815
          0.681815
          0.681815
          0.681816
          0.681816
          0.681816
          0.681816
          0.681816
          0.681816
          0.681817
          0.681817
          0.681817
          0.681817
          0.681817
          0.681817
          0.681817
          0.681817
          0.681818
          0.681818
          0.681818
          0.681818
          0.681818
          0.681818
          0.681818
          0.681818
          0.681819
          0.681819
          0.681819
          0.681819
          0.681819
          0.681819
          0.681819
          0.681820
          0.681820
          0.681820
          0.681820
          0.681820
          0.681820
          0.681820
          0.681820
          0.681821
          0.681821
          0.681821
          0.681821
          0.681821
          0.681821
          0.681821
          0.681821
          0.681821
          0.681821
          0.681821
          0.681822
          0.681822
          0.681822
          0.681822
          0.681822
          0.681822
          0.681822
          0.681822
          0.681822
          0.681822
          0.681823
          0.681823
          0.681823
          0.681823
          0.681823
          0.681823
          0.681823
          0.681823
          0.681823
          0.681823
          0.681823
          0.681823
          0.681823
          0.681823
          0.681824
          0.681824
          0.681824
          0.681824
          0.681824
          0.681824
          0.681824
          0.681824
          0.681824
          0.681824
          0.681824
          0.681824
          0.681824
          0.681825
          0.681825
          0.681825
          0.681825
          0.681825
          0.681825
          0.681825
          0.681825
          0.681825
          0.681825
          0.681825
          0.681825
          0.681825
          0.681825
          0.681825
          0.681825
          0.681825
          0.681825
          0.681825
          0.681825
          0.681825
          0.681825
          0.681825
          0.681825
          0.681826
          0.681826
          0.681826
          0.681826
          0.681826
          0.681826
          0.681826
          0.681826
          0.681826
          0.681827
          0.681827
          0.681826
          0.681826
          0.681826
          0.681826
          0.681826
          0.681826
          0.681825
          0.681825
          0.681825
          0.681825
          0.681824
          0.681824
          0.681824
          0.681824
          0.681824
          0.681824
          0.681824
          0.681825
          0.681825
          0.681826
          0.681826
          0.681827
          0.681827
          0.681828
          0.681828
          0.681829
          0.681829
          0.681830
          0.681830
          0.681830
          0.681830
          0.681829
         -0.005949
         -0.000722
         -0.000662
         -0.000602
         -0.000548
         -0.000497
         -0.000451
         -0.000409
         -0.000371
         -0.000338
         -0.000307
         -0.000280
         -0.000255
         -0.000233
         -0.000214
         -0.000196
         -0.000179
         -0.000164
         -0.000151
         -0.000138
         -0.000127
         -0.000117
         -0.000107
         -0.000099
         -0.000091
         -0.000084
         -0.000078
         -0.000072
         -0.000067
         -0.000062
         -0.000058
         -0.000053
         -0.000049
         -0.000046
         -0.000042
         -0.000039
         -0.000036
         -0.000034
         -0.000033
         -0.000032
         -0.000031
         -0.000030
         -0.000028
         -0.000028
         -0.000029
         -0.000030
         -0.000030
         -0.000030
         -0.000029
         -0.000028
         -0.000015
         -0.000017
         -0.000017
         -0.000018
         -0.000017
         -0.000017
         -0.000017
         -0.000016
         -0.000016
         -0.000016
         -0.000016
         -0.000015
         -0.000015
         -0.000015
         -0.000015
         -0.000014
         -0.000014
         -0.000014
         -0.000014
         -0.000014
         -0.000014
         -0.000014
         -0.000014
         -0.000014
         -0.000014
         -0.000014
         -0.000014
         -0.000014
         -0.000013
         -0.000013
         -0.000013
         -0.000013
         -0.000013
         -0.000012
         -0.000012
         -0.000012
         -0.000012
         -0.000011
         -0.000011
         -0.000011
         -0.000011
         -0.000011
         -0.000011
         -0.000010
         -0.000010
         -0.000010
         -0.000010
         -0.000010
         -0.000010
         -0.000010
         -0.000010
         -0.000010
         -0.000010
         -0.000010
         -0.000010
         -0.000009
         -0.000009
         -0.000009
         -0.000009
         -0.000009
         -0.000009
         -0.000009
         -0.000008
         -0.000008
         -0.000008
         -0.000008
         -0.000008
         -0.000008
         -0.000008
         -0.000008
         -0.000007
         -0.000007
         -0.000007
         -0.000007
         -0.000007
         -0.000007
         -0.000007
         -0.000007
         -0.000007
         -0.000007
         -0.000007
         -0.000007
         -0.000007
         -0.000007
         -0.000006
         -0.000006
         -0.000006
         -0.000006
         -0.000006
         -0.000006
         -0.000006
         -0.000006
         -0.000006
         -0.000006
         -0.000006
         -0.000005
         -0.000005
         -0.000005
         -0.000005
         -0.000005
         -0.000005
         -0.000005
         -0.000005
         -0.000005
         -0.000005
         -0.000005
         -0.000005
         -0.000005
         -0.000005
         -0.000005
         -0.000005
         -0.000005
         -0.000004
         -0.000004
         -0.000004
         -0.000004
         -0.000004
         -0.000004
         -0.000004
         -0.000004
         -0.000004
         -0.000004
         -0.000004
         -0.000004
         -0.000004
         -0.000004
         -0.000004
         -0.000004
         -0.000004
         -0.000004
         -0.000004
         -0.000004
         -0.000004
         -0.000004
         -0.000003
         -0.000003
         -0.000003
         -0.000003
         -0.000003
         -0.000003
         -0.000003
         -0.000003
         -0.000003
         -0.000003
         -0.000003
         -0.000003
         -0.000003
         -0.000003
         -0.000003
         -0.000003
         -0.000003
         -0.000003
         -0.000002
         -0.000002
         -0.000002
         -0.000002
         -0.000002
         -0.000002
         -0.000002
         -0.000003
         -0.000003
         -0.000003
         -0.000003
         -0.000003
         -0.000003
         -0.000003
         -0.000004
         -0.000004
         -0.000004
         -0.000004
         -0.000004
         -0.000004
         -0.000004
         -0.000004
         -0.000003
         -0.000003
         -0.000003
         -0.000003
         -0.000002
         -0.000002
         -0.000001
         -0.000001
         -0.000001
         -0.000001
         -0.000000
         -0.000000
         -0.000000
         -0.000001
         -0.000001
         -0.000001
         -0.000002
         -0.000003
         -0.000004
         -0.000005
         -0.000005
         -0.000006
         -0.000007
         -0.000008
         -0.000009
         -0.000010
         -0.000010
         -0.000010
