  8.681232145354576E-003  8.675611027175607E-003  8.672764674706674E-003
  8.670059547780228E-003  8.667586753254410E-003  8.665303485985484E-003
  8.663222070189706E-003  8.661335853407294E-003  8.659639903333963E-003
  8.658111895044809E-003  8.656742111258659E-003  8.655504412730037E-003
  8.654393340862406E-003  8.653391816223804E-003  8.652485140042217E-003
  8.651656398463133E-003  8.650901191421747E-003  8.650208049333417E-003
  8.649575579728454E-003  8.648992389732470E-003  8.648458484807742E-003
  8.647966263818297E-003  8.647514435025070E-003  8.647099713321411E-003
  8.646722975799761E-003  8.646378196047346E-003  8.646060825917911E-003
  8.645766043458604E-003  8.645491420326260E-003  8.645232922597250E-003
  8.644988175438904E-003  8.644755100162221E-003  8.644534490755152E-003
  8.644329344892229E-003  8.644125828724664E-003  8.643942800716948E-003
  8.643781981462562E-003  8.643632405043638E-003  8.643504060537375E-003
  8.643406255872257E-003  8.643312724662835E-003  8.643205092851726E-003
  8.643090095134198E-003  8.643009583463724E-003  8.642986269395398E-003
  8.642935930149869E-003  8.642867429194226E-003  8.642802506093571E-003
  8.642718959390883E-003  8.642616428966248E-003  8.642183030816344E-003
  8.642166196732430E-003  8.642112415521794E-003  8.642049077907036E-003
  8.641982102174295E-003  8.641914599360079E-003  8.641847033681028E-003
  8.641780568470149E-003  8.641715383531406E-003  8.641651846763895E-003
  8.641590382104341E-003  8.641530949930589E-003  8.641473647754182E-003
  8.641418983296973E-003  8.641366274594140E-003  8.641315677361225E-003
  8.641267557986341E-003  8.641221136564096E-003  8.641175930229559E-003
  8.641132638413660E-003  8.641090006294769E-003  8.641049049665821E-003
  8.641008154980248E-003  8.640967723205429E-003  8.640928004155918E-003
  8.640887844392943E-003  8.640847941123549E-003  8.640807748568510E-003
  8.640767261291565E-003  8.640726727829669E-003  8.640685816408417E-003
  8.640644833073910E-003  8.640603749518038E-003  8.640562670009025E-003
  8.640522040732262E-003  8.640481605430000E-003  8.640441727676517E-003
  8.640402640302573E-003  8.640364166421310E-003  8.640327123497139E-003
  8.640290325328707E-003  8.640254955602594E-003  8.640220387474046E-003
  8.640186669503287E-003  8.640154030339018E-003  8.640122032781489E-003
  8.640090611570726E-003  8.640060118552426E-003  8.640030014605549E-003
  8.640000301080589E-003  8.639971054799512E-003  8.639941613343581E-003
  8.639912700824278E-003  8.639883868581090E-003  8.639855026462823E-003
  8.639826059984474E-003  8.639797149374085E-003  8.639768407007149E-003
  8.639739600838189E-003  8.639710646714930E-003  8.639681906410275E-003
  8.639653252784010E-003  8.639624930164234E-003  8.639596663839462E-003
  8.639569198927012E-003  8.639541908742282E-003  8.639515189813207E-003
  8.639488754068173E-003  8.639463120712095E-003  8.639437835623242E-003
  8.639413188660086E-003  8.639388960532273E-003  8.639365209356775E-003
  8.639341892872639E-003  8.639319046121944E-003  8.639296699435297E-003
  8.639274617126708E-003  8.639252656642492E-003  8.639231099383164E-003
  8.639209478868017E-003  8.639188122709036E-003  8.639167035508587E-003
  8.639145913873785E-003  8.639124918951538E-003  8.639104013509823E-003
  8.639083191634664E-003  8.639062592770627E-003  8.639042103390150E-003
  8.639021762692791E-003  8.639001378457781E-003  8.638981564135383E-003
  8.638961903218117E-003  8.638942314597076E-003  8.638923309520563E-003
  8.638904351145608E-003  8.638886080001918E-003  8.638867732847440E-003
  8.638849909620655E-003  8.638832314599375E-003  8.638815235940595E-003
  8.638798299731951E-003  8.638781656863352E-003  8.638765347920022E-003
  8.638749344119635E-003  8.638733306489134E-003  8.638717865203760E-003
  8.638702146584827E-003  8.638686723660371E-003  8.638671432373174E-003
  8.638656693698522E-003  8.638641540333544E-003  8.638626482765010E-003
  8.638611893814284E-003  8.638597210126926E-003  8.638582411150080E-003
  8.638567911936571E-003  8.638553488426510E-003  8.638539373438697E-003
  8.638525099560293E-003  8.638511179536483E-003  8.638497357415868E-003
  8.638484178478650E-003  8.638470781118150E-003  8.638458223810232E-003
  8.638445644788835E-003  8.638433577602630E-003  8.638421711838136E-003
  8.638410249952273E-003  8.638399155403582E-003  8.638388507425774E-003
  8.638377834375523E-003  8.638367671835208E-003  8.638357602664839E-003
  8.638347877531403E-003  8.638338028343974E-003  8.638328352199172E-003
  8.638318883535523E-003  8.638309478649598E-003  8.638299618183099E-003
  8.638289740744829E-003  8.638280071507239E-003  8.638269786161872E-003
  8.638259495565397E-003  8.638249204354517E-003  8.638238413535103E-003
  8.638227532725777E-003  8.638216874043120E-003  8.638205863124767E-003
  8.638195369902407E-003  8.638184867442873E-003  8.638174753546448E-003
  8.638165065768649E-003  8.638155933167810E-003  8.638147521568162E-003
  8.638140071740571E-003  8.638133329926285E-003  8.638127430395779E-003
  8.638122737771767E-003  8.638119270785050E-003  8.638116420608754E-003
  8.638114683446029E-003  8.638113563367160E-003  8.638113186689734E-003
  8.638113173254624E-003  8.638113586821265E-003  8.638113690467523E-003
  8.638113536425171E-003  8.638112574194804E-003  8.638111049183373E-003
  8.638107973268597E-003  8.638103631535629E-003  8.638097692353446E-003
  8.638090071323700E-003  8.638080952140264E-003  8.638070147384163E-003
  8.638057494165947E-003  8.638043549459988E-003  8.638028640231922E-003
  8.638013538758302E-003  8.637998087404336E-003  8.637983212868128E-003
  8.637970014965479E-003  8.637958303587323E-003  8.637949563688600E-003
  8.637943921752543E-003  8.637942288536421E-003  8.637945186937397E-003
  8.637952897450601E-003  8.637965702768391E-003  8.637983575468217E-003
  8.638006237635788E-003  8.638033176003600E-003  8.638064249036456E-003
  8.638098080187721E-003  8.638133571017333E-003  8.638169637198425E-003
  8.638204611322801E-003  8.638236943175108E-003  8.638265352647820E-003
  8.638287743658064E-003  8.638303188427364E-003  8.638310555877141E-003
   1.00019215605770        1.00017307306705        1.00015756741650     
   1.00014338660479        1.00013051323673        1.00011884461323     
   1.00010830390599        1.00009879697517        1.00009022804040     
   1.00008249879682        1.00007552294762        1.00006921672781     
   1.00006351229566        1.00005834223035        1.00005364870491     
   1.00004938216237        1.00004550517426        1.00004198026339     
   1.00003877739929        1.00003586554194        1.00003322154342     
   1.00003082014576        1.00002864083434        1.00002666301205     
   1.00002486746485        1.00002323321197        1.00002174322467     
   1.00002038333825        1.00001914256821        1.00001801128995     
   1.00001698258491        1.00001605096293        1.00001521211004     
   1.00001446056905        1.00001378782467        1.00001319773948     
   1.00001267673426        1.00001220838392        1.00001178613587     
   1.00001139418579        1.00001100740565        1.00001062448815     
   1.00001026155200        1.00000992880370        1.00000959698201     
   1.00000921303855        1.00000880618443        1.00000839223590     
   1.00000797008508        1.00000755809333        1.00000717459903     
   1.00000712938501        1.00000703491868        1.00000692607985     
   1.00000681365812        1.00000670275640        1.00000659561074     
   1.00000649385151        1.00000639808258        1.00000630866165     
   1.00000622557000        1.00000614837839        1.00000607659117     
   1.00000600954663        1.00000594611231        1.00000588557918     
   1.00000582703848        1.00000576923557        1.00000571143774     
   1.00000565321241        1.00000559356141        1.00000553239395     
   1.00000546883484        1.00000540320420        1.00000533551007     
   1.00000526557953        1.00000519410888        1.00000512128164     
   1.00000504770697        1.00000497401004        1.00000490064742     
   1.00000482833573        1.00000475757273        1.00000468888589     
   1.00000462272657        1.00000455921144        1.00000449864141     
   1.00000444103351        1.00000438621585        1.00000433412764     
   1.00000428407735        1.00000423623514        1.00000418985875     
   1.00000414465398        1.00000410026541        1.00000405614795     
   1.00000401206650        1.00000396781833        1.00000392292697     
   1.00000387731643        1.00000383090207        1.00000378354403     
   1.00000373559945        1.00000368688897        1.00000363757833     
   1.00000358790883        1.00000353821457        1.00000348870367     
   1.00000343951113        1.00000339095178        1.00000334340873     
   1.00000329699714        1.00000325193063        1.00000320823863     
   1.00000316615287        1.00000312534313        1.00000308594193     
   1.00000304777445        1.00000301087110        1.00000297486487     
   1.00000293971792        1.00000290516386        1.00000287109196     
   1.00000283733831        1.00000280376323        1.00000277019495     
   1.00000273643708        1.00000270246345        1.00000266835370     
   1.00000263397689        1.00000259955312        1.00000256505807     
   1.00000253047009        1.00000249599590        1.00000246172519     
   1.00000242777901        1.00000239428483        1.00000236126913     
   1.00000232884464        1.00000229709434        1.00000226624305     
   1.00000223605730        1.00000220661395        1.00000217804414     
   1.00000215009324        1.00000212290558        1.00000209613925     
   1.00000207001987        1.00000204431607        1.00000201901671     
   1.00000199388899        1.00000196897772        1.00000194420978     
   1.00000191947975        1.00000189470275        1.00000187004715     
   1.00000184520865        1.00000182053830        1.00000179595729     
   1.00000177151361        1.00000174694369        1.00000172270763     
   1.00000169888189        1.00000167526958        1.00000165209659     
   1.00000162960260        1.00000160771622        1.00000158653544     
   1.00000156598169        1.00000154632278        1.00000152743718     
   1.00000150939204        1.00000149184255        1.00000147508218     
   1.00000145860490        1.00000144254699        1.00000142663653     
   1.00000141082995        1.00000139492855        1.00000137875834     
   1.00000136208533        1.00000134502682        1.00000132730068     
   1.00000130894177        1.00000128980173        1.00000127008942     
   1.00000124979795        1.00000122890562        1.00000120750951     
   1.00000118610216        1.00000116485860        1.00000114379797     
   1.00000112356406        1.00000110434788        1.00000108634694     
   1.00000107013186        1.00000105596432        1.00000104387113     
   1.00000103430063        1.00000102703810        1.00000102225067     
   1.00000101978536        1.00000101944277        1.00000102090307     
   1.00000102369887        1.00000102715971        1.00000103078164     
   1.00000103393659        1.00000103570852        1.00000103515849     
   1.00000103179355        1.00000102475049        1.00000101354681     
   1.00000099762278        1.00000097673135        1.00000095061329     
   1.00000091960462        1.00000088405214        1.00000084477271     
   1.00000080246045        1.00000075861260        1.00000071457272     
   1.00000067199226        1.00000063263700        1.00000059817622     
   1.00000057044994        1.00000055143007        1.00000054266728     
   1.00000054544387        1.00000056042372        1.00000058832220     
   1.00000062907387        1.00000068169228        1.00000074521489     
   1.00000081743731        1.00000089592950        1.00000097744352     
   1.00000105821417        1.00000113415264        1.00000120086504     
   1.00000125391415        1.00000128904087        1.00000130238049     
   1.00000129023384        1.00000125004031        1.00000118021773     
   1.00000108020280        1.00000095093631        1.00000079481281     
   1.00000061551613        1.00000041864803        1.00000021086119     
   1.51067384347226        1.51048524256435        1.51040789227264     
   1.51033271223085        1.51026370568445        1.51019957660002     
   1.51014103006501        1.51008804012998        1.51004062719782     
   1.50999814361443        1.50996038996806        1.50992656324262     
   1.50989657186103        1.50986992111539        1.50984618041209     
   1.50982469784945        1.50980546494896        1.50978808132355     
   1.50977256041633        1.50975848540765        1.50974593734439     
   1.50973466237085        1.50972463101381        1.50971575444973     
   1.50970808903084        1.50970142564291        1.50969560952842     
   1.50969047407253        1.50968593855412        1.50968186140472     
   1.50967816198812        1.50967477369687        1.50967173914699     
   1.50966919675599        1.50966650765725        1.50966453144178     
   1.50966341740543        1.50966264910625        1.50966267446327     
   1.50966396069143        1.50966530358871        1.50966581923690     
   1.50966581118038        1.50966727993010        1.50967143626920     
   1.50967405077524        1.50967594932274        1.50967791563235     
   1.50967900825271        1.50967925183881        1.50966399147337     
   1.50966846244675        1.50967111575896        1.50967316095293     
   1.50967489977547        1.50967648054006        1.50967794003889     
   1.50967932927398        1.50968066244988        1.50968195882380     
   1.50968323859543        1.50968450653013        1.50968577175991     
   1.50968705670072        1.50968834410791        1.50968964453934     
   1.50969097462358        1.50969231252101        1.50969364671050     
   1.50969500349509        1.50969634386981        1.50969770374908     
   1.50969903121081        1.50970034150092        1.50970164323332     
   1.50970289874349        1.50970413157208        1.50970532325171     
   1.50970647361221        1.50970759033382        1.50970866213325     
   1.50970969886226        1.50971069919824        1.50971166655494     
   1.50971261565812        1.50971353831176        1.50971444710394     
   1.50971535034401        1.50971624317008        1.50971715345469     
   1.50971804323171        1.50971895326420        1.50971986372369     
   1.50972077772668        1.50972170388013        1.50972262874778     
   1.50972355138410        1.50972448419984        1.50972540961658     
   1.50972632855437        1.50972724366946        1.50972813335507     
   1.50972902164836        1.50972989329183        1.50973074517295     
   1.50973157342499        1.50973238374963        1.50973317929716     
   1.50973395215454        1.50973469939690        1.50973543292554     
   1.50973614826375        1.50973685354307        1.50973753979480     
   1.50973823180960        1.50973890899928        1.50973958511406     
   1.50974025114423        1.50974092469732        1.50974159124940     
   1.50974226110514        1.50974292745047        1.50974359284409     
   1.50974425636502        1.50974491957422        1.50974558360374     
   1.50974624117947        1.50974688782549        1.50974753302833     
   1.50974816136777        1.50974878387776        1.50974940037277     
   1.50975000089708        1.50975059074077        1.50975116855108     
   1.50975173412061        1.50975229188779        1.50975283803974     
   1.50975337395640        1.50975389346331        1.50975441676238     
   1.50975493000782        1.50975543099540        1.50975593678895     
   1.50975642967555        1.50975693129090        1.50975741651373     
   1.50975790581318        1.50975838934837        1.50975887705135     
   1.50975935665344        1.50975983357840        1.50976030931308     
   1.50976078299384        1.50976124353556        1.50976171196856     
   1.50976215932108        1.50976260486287        1.50976304290298     
   1.50976348714901        1.50976390569736        1.50976431584686     
   1.50976472949796        1.50976512790887        1.50976551067631     
   1.50976589160840        1.50976626307817        1.50976663291614     
   1.50976698585138        1.50976733925460        1.50976768469464     
   1.50976804034237        1.50976837799402        1.50976873316498     
   1.50976907728005        1.50976942865283        1.50976977718443     
   1.50977012982230        1.50977048551033        1.50977084692244     
   1.50977119868521        1.50977155860142        1.50977191261478     
   1.50977226893510        1.50977261181365        1.50977295094650     
   1.50977328689826        1.50977361434611        1.50977391600080     
   1.50977420599866        1.50977449102227        1.50977474343190     
   1.50977498342195        1.50977521039466        1.50977540789731     
   1.50977558967830        1.50977576588293        1.50977591779084     
   1.50977607472564        1.50977621957566        1.50977636666720     
   1.50977651793315        1.50977667873986        1.50977685561828     
   1.50977705752294        1.50977727717537        1.50977752034893     
   1.50977779982847        1.50977811656854        1.50977845115549     
   1.50977882023950        1.50977920712557        1.50977961546803     
   1.50978003154101        1.50978045602546        1.50978086270431     
   1.50978125129451        1.50978160099370        1.50978191718457     
   1.50978216416784        1.50978234872274        1.50978245686114     
   1.50978248319198        1.50978243154847        1.50978229380500     
   1.50978206381618        1.50978175976408        1.50978139293537     
   1.50978098995121        1.50978054805282        1.50978010153673     
   1.50977969054891        1.50977931376915        1.50977902616068     
   1.50977883754173        1.50977878437475        1.50977888975467     
   1.50977916845331        1.50977963462405        1.50978029092643     
   1.50978113040408        1.50978213666914        1.50978330329497     
   1.50978458075785        1.50978592678943        1.50978729709945     
   1.50978862564899        1.50978984855768        1.50979090869893     
   1.50979172093530        1.50979223822825        1.50979240691313     
  0.684660966013024       0.684152451649517       0.683860561039807     
  0.683626859262729       0.683429610555545       0.683257370107066     
  0.683104776394040       0.682968643933693       0.682846974723492     
  0.682737997137341       0.682640466726858       0.682553204279596     
  0.682474915553683       0.682404792599213       0.682342015698765     
  0.682285132613921       0.682234004327043       0.682187759490872     
  0.682146029122378       0.682108146866446       0.682074015750781     
  0.682043245129020       0.682015333870009       0.681990240395346     
  0.681967533692436       0.681947105691064       0.681928698182434     
  0.681912280920688       0.681897398139061       0.681884100525762     
  0.681872133421195       0.681861560817770       0.681852233455448     
  0.681842969026031       0.681835403301362       0.681829298740293     
  0.681824912265869       0.681821137330295       0.681818168646432     
  0.681816380564572       0.681814880725592       0.681812875928625     
  0.681810463567130       0.681809044262296       0.681810087458032     
  0.681810017913610       0.681809171350764       0.681808495374964     
  0.681807531708625       0.681806292065261       0.681800353598456     
  0.681800299002975       0.681800744556952       0.681801346130963     
  0.681801953115578       0.681802522684182       0.681803038178977     
  0.681803508707756       0.681803941822649       0.681804348266300     
  0.681804739745831       0.681805122550314       0.681805502633561     
  0.681805889563219       0.681806279836080       0.681806675986468     
  0.681807083304010       0.681807494674939       0.681807903559917     
  0.681808316010834       0.681808719072800       0.681809121134810     
  0.681809505512064       0.681809873227562       0.681810226771533     
  0.681810554118818       0.681810860896633       0.681811142495952     
  0.681811398882471       0.681811633645970       0.681811845066314     
  0.681812037549946       0.681812213030147       0.681812374591876     
  0.681812529235786       0.681812676964144       0.681812823105164     
  0.681812972308890       0.681813124506209       0.681813289301392     
  0.681813455902938       0.681813635461066       0.681813823013153     
  0.681814018115977       0.681814222700979       0.681814431864637     
  0.681814643437989       0.681814860222611       0.681815076227428     
  0.681815289837183       0.681815500941452       0.681815701853738     
  0.681815898762531       0.681816087702906       0.681816266972373     
  0.681816434973244       0.681816593546841       0.681816744583275     
  0.681816886360666       0.681817018079477       0.681817144057499     
  0.681817264314469       0.681817382212689       0.681817495928680     
  0.681817613809693       0.681817730950935       0.681817851142350     
  0.681817972038855       0.681818099033225       0.681818228194326     
  0.681818361959434       0.681818498161091       0.681818636867816     
  0.681818777377451       0.681818919707329       0.681819063895041     
  0.681819207123418       0.681819346966480       0.681819485772800     
  0.681819618700718       0.681819748394643       0.681819875303402     
  0.681819996291316       0.681820112560449       0.681820224003183     
  0.681820330754582       0.681820434574654       0.681820534796347     
  0.681820631973534       0.681820724341475       0.681820818533864     
  0.681820911488529       0.681821002025808       0.681821095590425     
  0.681821187439764       0.681821283859994       0.681821377603680     
  0.681821473951399       0.681821570492895       0.681821669995289     
  0.681821768722283       0.681821867524152       0.681821966817658     
  0.681822066259546       0.681822161924518       0.681822259853979     
  0.681822351483886       0.681822441494483       0.681822528844316     
  0.681822618070057       0.681822699435209       0.681822776739144     
  0.681822854735805       0.681822928432679       0.681822996852044     
  0.681823064458812       0.681823129885687       0.681823195746923     
  0.681823257588275       0.681823320427015       0.681823382565845     
  0.681823449926087       0.681823514280666       0.681823585769923     
  0.681823656710532       0.681823731565299       0.681823807500255     
  0.681823886072354       0.681823966911223       0.681824050546127     
  0.681824131569546       0.681824214449109       0.681824295055749     
  0.681824375089605       0.681824449344862       0.681824519837988     
  0.681824587059976       0.681824649413946       0.681824700821597     
  0.681824744881908       0.681824784863409       0.681824812746528     
  0.681824834122057       0.681824850463884       0.681824857341377     
  0.681824859117140       0.681824860779163       0.681824857928412     
  0.681824860137822       0.681824864139878       0.681824874524213     
  0.681824893038350       0.681824921930142       0.681824963679324     
  0.681825021396931       0.681825092613873       0.681825177785299     
  0.681825280082565       0.681825399189250       0.681825527002213     
  0.681825665648800       0.681825808135734       0.681825952615399     
  0.681826092468154       0.681826225153394       0.681826340168165     
  0.681826434430440       0.681826499912774       0.681826536982373     
  0.681826534504880       0.681826493813547       0.681826412350615     
  0.681826290425311       0.681826132411914       0.681825939999548     
  0.681825715261561       0.681825468659313       0.681825210229735     
  0.681824955089577       0.681824709084286       0.681824487934021     
  0.681824310533415       0.681824181768817       0.681824121234883     
  0.681824135055633       0.681824234319318       0.681824425054695     
  0.681824708140743       0.681825081736667       0.681825538370651     
  0.681826065228478       0.681826644555758       0.681827260653312     
  0.681827883976491       0.681828485118942       0.681829034924043     
  0.681829498735672       0.681829843542584       0.681830041412477     
  0.681830058988719       0.681829877686516       0.681829482888026     
 -5.949033599190128E-003 -7.221141349426969E-004 -6.615013936365792E-004
 -6.022879256310596E-004 -5.479332521860961E-004 -4.973961713590169E-004
 -4.511701235624666E-004 -4.092041319261943E-004 -3.714899372741049E-004
 -3.375366264712406E-004 -3.071897521777179E-004 -2.798352073526749E-004
 -2.553946972648287E-004 -2.334786897918911E-004 -2.137474312178213E-004
 -1.957254237705279E-004 -1.793845751712686E-004 -1.644241257508673E-004
 -1.508468189445153E-004 -1.383496456462353E-004 -1.269954403372327E-004
 -1.166109576152242E-004 -1.071801509724770E-004 -9.863746673953244E-005
 -9.102366972004923E-005 -8.418395073339307E-005 -7.799897053529449E-005
 -7.234235472849902E-005 -6.714901597806152E-005 -6.230901251298693E-005
 -5.776000077605590E-005 -5.345153545076841E-005 -4.941951259784267E-005
 -4.577342515904649E-005 -4.206152974280048E-005 -3.892238934188427E-005
 -3.641833861824859E-005 -3.417803492250901E-005 -3.254021491469772E-005
 -3.182415391466598E-005 -3.114896599563062E-005 -2.991014204012118E-005
 -2.836435863669993E-005 -2.793223339528138E-005 -2.937621541682980E-005
 -2.983604476857368E-005 -2.966693412761364E-005 -2.961374757837352E-005
 -2.893216600747941E-005 -2.763003161272071E-005 -1.519517298682802E-005
 -1.702258489781039E-005 -1.747480218933976E-005 -1.751560411440242E-005
 -1.736025003366003E-005 -1.711858797904165E-005 -1.681843752867304E-005
 -1.649887243657098E-005 -1.617094279282453E-005 -1.584985067274523E-005
 -1.555031251449739E-005 -1.527398747808068E-005 -1.502622968368494E-005
 -1.482130551590149E-005 -1.464272986346460E-005 -1.449523161698517E-005
 -1.438857643162885E-005 -1.430261851586717E-005 -1.422600254655913E-005
 -1.417655067986473E-005 -1.412256901889911E-005 -1.408948054370466E-005
 -1.403686018714885E-005 -1.397592181756982E-005 -1.391288010308203E-005
 -1.381930249224820E-005 -1.371382158943921E-005 -1.358324143734776E-005
 -1.342843949517832E-005 -1.325685178424306E-005 -1.306114281291254E-005
 -1.285039787283613E-005 -1.262524751600188E-005 -1.238958676227948E-005
 -1.215593065185393E-005 -1.191848059181345E-005 -1.168743974677559E-005
 -1.146957139721094E-005 -1.126084683636707E-005 -1.108150332894248E-005
 -1.090150233204919E-005 -1.075121370981086E-005 -1.061433103648037E-005
 -1.049157385909569E-005 -1.038834517885904E-005 -1.029300680908277E-005
 -1.020371468336795E-005 -1.012908270405803E-005 -1.005474701295583E-005
 -9.981184456263704E-006 -9.909326609356722E-006 -9.822784466876190E-006
 -9.740181155467238E-006 -9.649954950271149E-006 -9.550366613623614E-006
 -9.438487736216369E-006 -9.319569566643862E-006 -9.196239265794785E-006
 -9.063163009508887E-006 -8.918887527839501E-006 -8.773241859901632E-006
 -8.623609493081908E-006 -8.476543726056526E-006 -8.325361292094294E-006
 -8.189176344585760E-006 -8.052003771634880E-006 -7.924152277136324E-006
 -7.798529604599029E-006 -7.688161263364763E-006 -7.581523784368205E-006
 -7.485778166454955E-006 -7.395087059778400E-006 -7.311087548238167E-006
 -7.232229514455468E-006 -7.158959266590127E-006 -7.092148486091050E-006
 -7.025653919842343E-006 -6.956049971066789E-006 -6.890065673508657E-006
 -6.815961422898535E-006 -6.742085647467048E-006 -6.668750278505234E-006
 -6.588463304522977E-006 -6.505055589389898E-006 -6.417803303197017E-006
 -6.327253897591860E-006 -6.236708582279637E-006 -6.143918985159813E-006
 -6.049825946887929E-006 -5.949805014434645E-006 -5.859715364915606E-006
 -5.768798010364200E-006 -5.675520524996470E-006 -5.592800012365566E-006
 -5.507343079400479E-006 -5.434977960866818E-006 -5.356204726539086E-006
 -5.286910119193861E-006 -5.218836820073055E-006 -5.159618340403009E-006
 -5.099644979001681E-006 -5.042704385334571E-006 -4.989966032473770E-006
 -4.940431779960388E-006 -4.885642945566804E-006 -4.841260977501359E-006
 -4.785045142860013E-006 -4.731969642958983E-006 -4.677834831078680E-006
 -4.632952256250604E-006 -4.572964427933125E-006 -4.511036779896401E-006
 -4.456099961262806E-006 -4.394251140398143E-006 -4.325364750461064E-006
 -4.259882835044767E-006 -4.192273369746034E-006 -4.128151268811881E-006
 -4.056011882548147E-006 -3.989279421210285E-006 -3.921586701227098E-006
 -3.866314282800312E-006 -3.802255493311230E-006 -3.756031909867512E-006
 -3.705489323439400E-006 -3.664792858100679E-006 -3.625954102400355E-006
 -3.594316782491649E-006 -3.569031002038583E-006 -3.551783340298893E-006
 -3.530932729743419E-006 -3.520043577324928E-006 -3.508504644615718E-006
 -3.502509391742343E-006 -3.490357059052493E-006 -3.479393311956035E-006
 -3.470197512951346E-006 -3.459007515831457E-006 -3.432423272893590E-006
 -3.401992074310377E-006 -3.372975859561058E-006 -3.323765335739493E-006
 -3.270361741742876E-006 -3.212169491093827E-006 -3.136533311169464E-006
 -3.054100048597176E-006 -2.972781220047398E-006 -2.877921405137127E-006
 -2.791600005455712E-006 -2.700372527324164E-006 -2.614795499746318E-006
 -2.536368577155399E-006 -2.468375647794355E-006 -2.415687688841912E-006
 -2.384317593385438E-006 -2.368615602873284E-006 -2.372708061137497E-006
 -2.405973817792315E-006 -2.468900717119277E-006 -2.546827253367542E-006
 -2.652360516455548E-006 -2.773151907776781E-006 -2.912269152284189E-006
 -3.059875999143082E-006 -3.217180908315934E-006 -3.365348319480345E-006
 -3.504552261107490E-006 -3.620492312560873E-006 -3.718549248725093E-006
 -3.772047087751345E-006 -3.787506728358157E-006 -3.755783309431271E-006
 -3.673160025101956E-006 -3.543458797141080E-006 -3.360581111086799E-006
 -3.119881708188847E-006 -2.834843976109047E-006 -2.513672424059123E-006
 -2.175784492454030E-006 -1.817653741134628E-006 -1.463842721850054E-006
 -1.142547701353335E-006 -8.508341663139199E-007 -6.282398337163788E-007
 -4.799083908257703E-007 -4.313462750825516E-007 -4.982646764003490E-007
 -6.903234799536259E-007 -1.016472038683411E-006 -1.478246985864416E-006
 -2.070128324478194E-006 -2.780797192333670E-006 -3.606898329271782E-006
 -4.513074283455732E-006 -5.470381867994585E-006 -6.449154227979454E-006
 -7.404961603414998E-006 -8.294523050514295E-006 -9.080405370362966E-006
 -9.704043907848186E-006 -1.013658049301562E-005 -1.034313339967190E-005
