          1.377058
          1.377003
          1.376959
          1.376920
          1.376885
          1.376854
          1.376826
          1.376801
          1.376780
          1.376761
          1.376744
          1.376730
          1.376717
          1.376706
          1.376696
          1.376688
          1.376681
          1.376674
          1.376669
          1.376664
          1.376660
          1.376657
          1.376654
          1.376652
          1.376650
          1.376648
          1.376647
          1.376646
          1.376646
          1.376645
          1.376645
          1.376645
          1.376645
          1.376645
          1.376646
          1.376646
          1.376647
          1.376648
          1.376648
          1.376650
          1.376651
          1.376652
          1.376653
          1.376654
          1.376656
          1.376657
          1.376658
          1.376659
          1.376661
          1.376662
          1.376663
          1.376663
          1.376664
          1.376665
          1.376665
          1.376666
          1.376667
          1.376668
          1.376669
          1.376670
          1.376671
          1.376672
          1.376673
          1.376674
          1.376675
          1.376676
          1.376677
          1.376678
          1.376679
          1.376680
          1.376681
          1.376682
          1.376683
          1.376684
          1.376685
          1.376686
          1.376687
          1.376688
          1.376689
          1.376690
          1.376691
          1.376692
          1.376693
          1.376694
          1.376695
          1.376696
          1.376697
          1.376698
          1.376699
          1.376700
          1.376701
          1.376701
          1.376702
          1.376703
          1.376704
          1.376705
          1.376706
          1.376707
          1.376707
          1.376708
          1.376709
          1.376710
          1.376711
          1.376712
          1.376712
          1.376713
          1.376714
          1.376715
          1.376715
          1.376716
          1.376717
          1.376717
          1.376718
          1.376719
          1.376720
          1.376720
          1.376721
          1.376721
          1.376722
          1.376723
          1.376723
          1.376724
          1.376725
          1.376725
          1.376726
          1.376727
          1.376727
          1.376728
          1.376728
          1.376729
          1.376730
          1.376730
          1.376731
          1.376731
          1.376732
          1.376732
          1.376733
          1.376733
          1.376734
          1.376734
          1.376735
          1.376735
          1.376736
          1.376736
          1.376737
          1.376737
          1.376738
          1.376738
          1.376739
          1.376739
          1.376740
          1.376740
          1.376741
          1.376741
          1.376741
          1.376742
          1.376742
          1.376743
          1.376743
          1.376743
          1.376744
          1.376744
          1.376745
          1.376745
          1.376745
          1.376746
          1.376746
          1.376746
          1.376747
          1.376747
          1.376748
          1.376748
          1.376748
          1.376749
          1.376749
          1.376749
          1.376749
          1.376750
          1.376750
          1.376750
          1.376751
          1.376751
          1.376751
          1.376752
          1.376752
          1.376752
          1.376753
          1.376753
          1.376753
          1.376753
          1.376754
          1.376754
          1.376754
          1.376754
          1.376755
          1.376755
          1.376755
          1.376755
          1.376755
          1.376756
          1.376756
          1.376756
          1.376756
          1.376756
          1.376757
          1.376757
          1.376757
          1.376757
          1.376757
          1.376758
          1.376758
          1.376758
          1.376758
          1.376758
          1.376759
          1.376759
          1.376759
          1.376759
          1.376759
          1.376760
          1.376760
          1.376760
          1.376760
          1.376760
          1.376760
          1.376760
          1.376760
          1.376760
          1.376760
          1.376760
          1.376760
          1.376760
          1.376760
          1.376759
          1.376759
          1.376760
          1.376760
          1.376760
          1.376760
          1.376760
          1.376760
          1.376761
          1.376761
          1.376761
          1.376762
          1.376762
          1.376762
          1.376762
          1.376763
          1.376763
          1.376763
          1.376763
